2 0.9229745369957784 0.6187500012312382 0.8543981474554407 0.5638888895989683 0.8228263322584427 0.6033536585952161 0.8914027217987803 0.6582147702274861
3 0.33024391336029635 0.15136555910471036 0.24259377555438544 0.08211113256291343 0.20005522603380532 0.13594898688825616 0.28770536383971623 0.20520341343005308
2 0.8205722246013967 0.5503533858679025 0.7560008963048548 0.4895803596571886 0.7256373177309633 0.521841655870326 0.7902086460275051 0.5826146820810398
2 0.20840558718626134 0.11253895101816738 0.18073217761111846 0.0779187161856092 0.1572829741101911 0.09666265064563108 0.184956383685334 0.13128288547818928
2 1.0250736512896357 0.7100169864584271 0.9435473924898468 0.6399647993352856 0.9117457359042993 0.6769753509187475 0.9932719947040882 0.7470275380418889
3 0.9655760550603757 0.16887713636304327 0.9635001942115516 0.09472994512321217 0.8637904873356347 0.09752146659948689 0.8658663481844587 0.17166865783931803
2 0.3097658559834553 0.8224242040967712 0.27184181269922364 0.8069098232278752 0.22809918792291248 0.9138362426190973 0.26602323120714416 0.9293506234879932
2 0.21810114796698418 0.754754440949535 0.17781416757770144 0.7338097885017404 0.12513662956552368 0.8351348854992678 0.16542360995480646 0.8560795379470624
2 0.6457238859012959 0.13905859523982878 0.6428576753783463 0.10788856696443094 0.5994197566739656 0.11188285976986292 0.6022859671969154 0.14305288804526078
3 0.24739583413461552 0.9435185192307693 0.18092948798076935 0.9435185192307693 0.18092948798076935 1 0.24739583413461552 1
2 0.8574691344319963 0.7938530273909349 0.7752253159128999 0.7121560411102561 0.7404494601793317 0.7471646662506217 0.8226932786984282 0.8288616525313004
3 0.47659535618101284 0.08407435945524311 0.38214333314528715 0.03335012200285844 0.34665235973385855 0.09943675842323467 0.44110438276958425 0.15016099587561935
2 0.7247752919153012 0.13262421270407276 0.7236925830099046 0.09797741779444034 0.6894089331582841 0.09904877845278309 0.6904916420636807 0.13369557336241555
2 0.2829336054703177 0.09036542113231438 0.2605178277825938 0.06190094668999612 0.23685756005562122 0.08053341090340008 0.2592733377433452 0.10899788534571833
2 0.6212269973916341 0.23069638958552063 0.5756154885428367 0.20150502291182018 0.5565798805326332 0.23124815939819326 0.6021913893814305 0.26043952607189375
2 0.4841853965631321 0.19060029338894113 0.45036813669194964 0.16555047029868467 0.4310294881365314 0.19165764484437725 0.46484674800771386 0.21670746793463372
2 0.6279990791267751 0.32007842938046926 0.5786884525518317 0.2900297719788257 0.5580810286339262 0.32384708940186013 0.6073916552088696 0.3538957468035037
2 1.0196284176949684 0.5127468694677838 0.9531462496179065 0.4590239046847509 0.9287033137072922 0.4892720374910687 0.9951854817843541 0.5429950022741016