2 0.9210398843778412 0.6208072660878894 0.8516831962398019 0.5673769329064686 0.8209748882876333 0.6072386820491079 0.8903315764256726 0.6606690152305288
3 0.3302439121909675 0.15321741154618085 0.24259377438505667 0.08396298500438383 0.20005522603380538 0.1378008378497946 0.28770536383971623 0.2070552643915916
2 0.8198169665044942 0.5485505767639536 0.7528407674723484 0.49251820478732944 0.7244270607305172 0.5264814658603362 0.791403259762663 0.5825138378369604
2 0.20892641910733706 0.11439080113705771 0.18125300720099596 0.07977056811860098 0.1578038071096697 0.09851450241435024 0.18547721901601083 0.133134735432807
2 1.024715128818281 0.7129033684421434 0.9419848944905549 0.6418166509323433 0.9101832370436441 0.6788272017744229 0.9929134713713702 0.749913919284223
3 0.8788194215523573 0.14910837541516753 0.8551235292682955 0.089128151675717 0.7613525192609036 0.12617349118887017 0.7850484115449654 0.1861537149283207
2 0.308724187216437 0.8233501307943546 0.2708001468338392 0.8078357511124905 0.22705752289993766 0.9147621684444889 0.2649815632825355 0.930276548126353
2 0.21549698159012567 0.7593840717410458 0.1752099993084707 0.7384394183094327 0.12253246180776678 0.8397645143231416 0.16281944408942176 0.8607091677547548
2 0.646765550501964 0.1418363747965224 0.6438352926378036 0.10996980689384704 0.6003973744023838 0.11396409651740595 0.6033276322665441 0.14583066442008133
3 0.24635416586538475 0.9444444447115384 0.18030181730769243 0.9444444447115384 0.18030181730769243 1 0.24635416586538475 1
2 0.5746148032149702 0.5347981346085461 0.515456395943035 0.4753539269184826 0.48647122226741857 0.5041997434543892 0.5456296295393537 0.5636439511444526
3 0.6155056687374834 0.17688891144901772 0.5135843293469093 0.11756006742944605 0.47253951216574486 0.1880711790358934 0.5744608515563189 0.24740002305546507
2 0.28693184705491964 0.07429856417785619 0.251406528123838 0.0497378434450565 0.2334800192304673 0.07566725132710578 0.26900533816154887 0.10022797205990545
2 0.768464937609273 0.12328545904083668 0.7674587865766601 0.09108852847766538 0.7326548130626532 0.09217614935573153 0.7336609640952662 0.12437307991890283
2 0.5148570385248097 0.245699972713669 0.4766398686659323 0.21956856732956312 0.4564961723504909 0.2490287150849958 0.4947133422093683 0.27516012046910165
2 0.7922760739400254 0.3533063486985227 0.7390860253991237 0.31390631804615043 0.7169794433510179 0.3437502078285399 0.7701694918919196 0.3831502384809121
2 0.7697388257154364 0.3919983194831445 0.725311529008382 0.3570118169826345 0.7019108937355336 0.38672690400470083 0.7463381904425881 0.4217134065052109
2 0.9341947124442593 0.5533319918525266 0.869206727442429 0.5027857917102869 0.8430128206880123 0.5364636787622322 0.9080008056898426 0.5870098789044719