3 0.5145892784951572 0.6783634024300628 0.4815320449528121 0.6238189635092902 0.40445314194767384 0.6705334471164954 0.4375103754900189 0.7250778860372679
2 0.6937533946578767 0.6739546152862597 0.6301246074841959 0.6493637770729077 0.6109025576205163 0.6991008258553221 0.6745313447941972 0.7236916640686741
2 0.23982209516038447 0.759729278061957 0.2026980365677026 0.7402871527746009 0.1567966061659663 0.827934329538252 0.19392066475864816 0.8473764548256082
1 0.252132979032372 0.2636425748457682 0.12444023191122085 0.1411296068346516 0.08139953816959243 0.1859900368045628 0.20909228529074356 0.3085030048156794
3 0.5083333341346153 0.34722222115384616 0.44218749999999996 0.34722222115384616 0.44218749999999996 0.40648148076923074 0.5083333341346153 0.40648148076923074
2 0.7168566174244079 0.18676334438692768 0.7092095574848283 0.15235157862940846 0.6689522055068539 0.16129765787897596 0.6765992654464335 0.19570942363649518
2 1.0245545609621534 0.7430718927629728 0.9446664871947831 0.6735711637761559 0.9142293695081716 0.7085573105182335 0.9941174432755419 0.7780580395050504
2 0.22421672866269196 0.5723414824777963 0.1903734957945962 0.5529313947361951 0.1389397732912272 0.6426107136103585 0.17278300615932293 0.6620208013519595
2 0.35777833171700313 0.44039160547852263 0.3332578677362881 0.41133031263914754 0.2765170409949666 0.4592053815852022 0.3010375049756816 0.4882666744245773
2 0.2820966692512722 0.7924591349642451 0.2444706065225851 0.7740156448475926 0.1856214949659346 0.8940721172914272 0.22324755769462173 0.9125156074080798
3 0.6551531539937376 0.41069669826731203 0.5898575443478494 0.37683971502289404 0.5631188056036398 0.428407281892667 0.6284144152495279 0.46226426513708496
2 0.18307695817923667 0.18146127933323483 0.14728190606525735 0.14461958262433056 0.1369791658653846 0.1546296298076923 0.17277421797936393 0.19147132651659657