3 0.5033543929109704 0.6827642447712612 0.4694287776908953 0.629991061190595 0.3918264914941335 0.6798782410626464 0.4257521067142086 0.7326514246433126
2 0.6768167833614301 0.6675281442099433 0.6164459312937296 0.6384207767025765 0.592864113117964 0.6873312271655472 0.6532349651856646 0.7164385946729142
2 0.23921734778890996 0.7608840220274735 0.2020932891962281 0.7414418967401173 0.1567966061659663 0.827934329538252 0.19392066475864816 0.8473764548256082
1 0.25219687057801 0.2647099940869562 0.12657220152889873 0.13978635341211212 0.08154711059216162 0.18506410962605457 0.20717177964127292 0.3099877503008987
3 0.5263965113462671 0.3506177674834679 0.4592280929346716 0.3463531082816576 0.4554472501012493 0.40590141480893815 0.5226156685128448 0.4101660740107485
2 0.7168566174244078 0.1876892698676969 0.7092095574848283 0.15327750411017774 0.668952205506854 0.1622235833597452 0.6765992654464335 0.1966353491172644
2 1.0258289255877655 0.7327856143931182 0.9561948985391464 0.69361647417827 0.9303659729513811 0.7395345641120751 1.0000000000000002 0.7787037043269233
2 0.23833137820590242 0.5530433069570688 0.2046916038097739 0.5324007191606235 0.15170380136524056 0.6187512163733652 0.1853435757613691 0.6393938041698105
2 0.373253155729234 0.43246116104270044 0.3494508160150999 0.39954927531746975 0.29156020825896967 0.44141657892847985 0.31536254797310376 0.47432846465371054
2 0.28209666925127225 0.7943109859257835 0.24447060747262755 0.7758674962748214 0.18562149496593455 0.8959239706568121 0.22324755674457922 0.914367460307774
3 0.6720346657379006 0.4222228782243965 0.6048808392622499 0.38408613407422515 0.5764853675797664 0.4340868517692406 0.6436391940554171 0.472223595919412
2 0.17921473302500635 0.17455764270527038 0.14185034150250805 0.13959681001836172 0.13125 0.15092592548076922 0.1686143915224983 0.1858867581676779