3 1.0327607081206998 0.4478302126728385 0.8999431093099072 0.3606686975755641 0.8424625548696191 0.4482581481553515 0.9752801536804115 0.5354196632526259
1 0.011458334134615387 7.016206110758796e-19 0 0 2.0221791863720803e-18 0.03302469230769231 0.011458334134615389 0.03302469230769231
2 0.269003234247108 0.6717910559339072 0.23337272964603498 0.6525197503081189 0.18965976281205418 0.7333401729690773 0.22529026741312716 0.7526114785948654
1 0.24253851746134572 0.24259577263858298 0.1160823638712795 0.11740417999347806 0.07048165886465299 0.16346549796456739 0.1969378124547192 0.28865709060967226
2 0.6821139348558531 0.17498682390520232 0.6712421345807192 0.14019704897505939 0.6303827717425577 0.1529655947054556 0.6412545720176918 0.18775536963559852
2 0.8316859423685224 0.5508588553014968 0.7637253324613777 0.49716157424049956 0.7353996599307144 0.5330112475047233 0.8033602698378591 0.5867085285657204
0 0.16773501582321376 0.3001897516354593 0.16282245065676862 0.2652559428038219 0.14992643340844547 0.2670694446016165 0.15483899857489059 0.3020032534332539
2 0.16179438367332774 0.8792360889642432 0.11661154823168228 0.8567532834960309 0.05251999571495917 0.9855556286774185 0.09770283115660462 1.0080384341456308
2 0.4450732401452603 0.5184897962818844 0.41274865008082323 0.4946792725378116 0.35904519243326694 0.5675857853116957 0.3913697824977041 0.5913963090557685
2 0.2740215909759073 0.24381790941522308 0.23027803906695532 0.20752696663433087 0.2066785292890327 0.23597280743899343 0.25042208119798465 0.27226375021988564
0 0.5291601071073658 0.05543194243140116 0.5213243097431122 0.03066695308196919 0.5069140930027669 0.035226435695068364 0.5147498903670206 0.05999142504450034
2 0.29546012939344607 0.2202557910478536 0.25643095228451734 0.18060710509735098 0.2338147103356548 0.20286996933609253 0.2728438874445835 0.24251865528659516
0 0.6204596526022447 0.8151200227279987 0.5985418012889592 0.7696607721252816 0.5778345991389547 0.7796446009790468 0.5997524504522402 0.8251038515817638
2 0.9808600866340456 0.6713475234466858 0.9094006135549206 0.6117979668418546 0.8760302823855712 0.6518423671328913 0.947489755464696 0.7113919237377224