2 0.9235066274289296 0.6149280713506924 0.8558173844744091 0.5625234948597341 0.8248768792547393 0.6024883131101249 0.8925661222092598 0.654892889601083
3 0.33076474632558284 0.14951370721925772 0.24311460851967193 0.08025928067746078 0.2005760589990918 0.13409713500280354 0.2882261968050027 0.20335156154460046
2 0.8240854909316224 0.5432536483623998 0.7567579406901905 0.4873967032136856 0.7283657218391629 0.5216194580755721 0.7956932720805947 0.5774764032242863
2 0.20840558601386555 0.11068709858992803 0.18073217643872266 0.07606686375736985 0.1572829741101911 0.0948107972802465 0.18495638368533399 0.12943103211280468
2 1.0257906945938493 0.7042442276993304 0.9466723953986219 0.6362610952130558 0.9148707369890109 0.6732716452265317 0.9939890361842382 0.7412547777128062
2 0.31132835630974515 0.8205723536773011 0.27340431373404467 0.8050579724879902 0.22966168839662385 0.9119843890447916 0.2675857309723243 0.9274987702341027
2 0.22070531346735858 0.7501248098917739 0.18041833244039085 0.7291801586971706 0.12774079777429467 0.8305052569249831 0.1680277788012624 0.8514499081195864
2 0.6457238844863104 0.13720674506282446 0.6428576761791711 0.1060367139103018 0.5994197580134375 0.11003100320960482 0.6022859663205767 0.1412010343621275
3 0.24843750000000012 0.9416666658653846 0.1811431634615386 0.9416666658653846 0.1811431634615386 1 0.24843750000000012 1
2 0.7099142165608865 0.12950980260939574 0.7029044117840697 0.0979656847534269 0.6656249986595023 0.106249999736991 0.6726348034363189 0.13779411759295984
2 0.4355190274022701 0.10434255644336873 0.3929428693075957 0.08369957313651274 0.3796921471185181 0.11102919087657105 0.4222683052131926 0.13167217418342705
2 0.20416666586538462 2.3080582917591653e-17 0.1723958341346154 2.1135180548324867e-17 0.1723958341346154 0.022222221153846176 0.20416666586538462 0.02222222115384618
2 0.3372722481908366 0.12309040150074696 0.3091894814132155 0.09313544249451586 0.28830705682259034 0.11271271046566546 0.31638982360021145 0.14266766947189657
2 0.8135771661784452 0.3479684575183744 0.7630771226544597 0.2996265293829311 0.7367489601986208 0.327130052746775 0.7872490037226062 0.3754719808822183
2 0.6584672746873993 0.2934295098840788 0.6109693388888435 0.25669283648453295 0.5845407886071807 0.2908630938422076 0.6320387244057364 0.3275997672417534
2 0.8335525852525407 0.41781715519308604 0.7758016566836917 0.37987451826077456 0.7524588143889996 0.4154036993337606 0.8102097429578486 0.45334633626607207