3 1.0428638155903533 0.4566414008684767 0.9086507026754365 0.3685640219259131 0.8514836963086605 0.45567562734181943 0.9856968092235772 0.5437530062843831
2 0.25498112232016124 0.6983830526973241 0.21701038135817394 0.6778459923987221 0.17316311710641885 0.7589147085921746 0.21113385806840618 0.7794517688907767
1 0.24121249425170138 0.24148110774266884 0.11652164228916674 0.11714449006816909 0.07083678780527658 0.16295950043215923 0.19552763976781126 0.287296118106659
2 0.6913216912014893 0.17088881613289206 0.6816885638426904 0.1368288239896081 0.6409094547550468 0.14836230731418037 0.6505425821138456 0.1824222994574643
2 0.8316859423685224 0.5508588553014968 0.7637253324613777 0.49716157424049956 0.7353996599307144 0.5330112475047233 0.8033602698378591 0.5867085285657204
0 0.1597191775692446 0.2953054086922998 0.15806206675568377 0.25995375977488444 0.14576270317674908 0.26053029323260746 0.14741981399030996 0.29588194215002284
2 0.14377480243287996 0.9201382131752595 0.10138313068345929 0.8957961197949105 0.04326823845972489 0.9970030043634465 0.08565991020914557 1.0213450977437957
2 0.41423274010749844 0.5561662925285891 0.3801299920888468 0.5326237702531034 0.32464463474390437 0.6129976205193403 0.3587473827625561 0.6365401427948257
2 0.2745424251105226 0.24474383489599233 0.23079887320157066 0.20845289211510012 0.20719936342364806 0.2368987329197626 0.25094291533260005 0.27318967570065483
0 0.5458267731915061 0.06746898158431591 0.5379909756084967 0.04270399154350761 0.5235807610532419 0.047263473465230445 0.5314165586362513 0.07202846350603874
2 0.29389762939344616 0.21932986556708428 0.2548684510827433 0.17968117839573192 0.23225220913388073 0.20194404263447355 0.2712813874445835 0.2415927298058259
0 0.6079596526022447 0.794749652535691 0.5860418012889593 0.749290401932974 0.5653345991389549 0.7592742307867388 0.5872524504522403 0.8047334813894559
2 0.9952806265400221 0.6844126984790336 0.9203218301406828 0.6227550484498473 0.8869636181441767 0.6633094876817748 0.961922414543516 0.7249671377109613