2 0.4723795017707315 0.15882518948480318 0.4295194967656615 0.124190835829903 0.4049942586039564 0.15454081264295358 0.44785426360902647 0.18917516629785378
2 0.04900721339226906 0.10251383135880415 0.02559717348750593 0.06263006083637496 -0.0011654215383284715 0.07833854098514802 0.022244618366434654 0.1182223115075772
3 1.0037622858814208 0.5331000174135563 0.9070476704623984 0.46471594595639354 0.8637222451813975 0.5259904760425764 0.96043686060042 0.5943745474997392
2 0.29845617712295225 0.8775805654796733 0.259985807267794 0.8608273402613371 0.21464904930728618 0.9649339719125127 0.2531194191624444 0.981687197130849
0 0.34728593525609336 0.4924577381031512 0.3358483021600823 0.4543323142456773 0.3211630325565263 0.45873789741425763 0.33260066565253726 0.49686332127173155
3 0.6386709279677147 0.2114985390146609 0.5837197324921538 0.17414609207561252 0.551547343508259 0.22147662543677799 0.60649853898382 0.25882907237582636
2 0.866525236324002 0.08403734362341628 0.8470364660649987 0.08012218821432844 0.8378107572202971 0.12604570883205451 0.8572995274793004 0.12996086424114234
2 0.7028949187733076 0.3230835702564795 0.652659062743273 0.2906078900456003 0.6293638749076862 0.3266426611328312 0.6795997309377207 0.35911834134371046
2 0.604195866591522 0.48597520011129774 0.5474425561450601 0.4325603097211254 0.5206399731321913 0.4610380488568829 0.5773932835786533 0.5144529392470552
2 0.44676528103065655 0.34512663257712667 0.4015614655614859 0.2992052983564014 0.37497746062734083 0.3253739294266256 0.42018127609651146 0.37129526364735077
3 0.7837998051253596 0.7175233378367896 0.6786458341346153 0.6111111105769229 0.6302518214324005 0.6589328951486066 0.7354057924231447 0.7653451224084733
3 0.5621245287857348 0.570408607062173 0.4673309093327647 0.43980406689229234 0.40944910070717466 0.4818150577274269 0.5042427201601447 0.6124195978973076
3 0.2954114374136815 0.28136422402175854 0.19972784816850517 0.20063119171474503 0.1577569393129054 0.25037448870765466 0.25344052855808175 0.33110752101466817
2 0.8250740365364011 0.5601848261339922 0.7648945824885665 0.5025771567746536 0.7339056300586482 0.5349495519693654 0.7940850841064827 0.592557221328704
2 0.9182829328663421 0.6424723502734072 0.852420341000651 0.5702293179104547 0.8167192082006894 0.6027773583489197 0.8825818000663805 0.6750203907118723
2 0.46226286366073316 0.20080850378220874 0.42086762520122434 0.16200046100964086 0.3941455878387522 0.1905039625963106 0.4355408262982611 0.22931200536887852
2 1.0266367726435977 0.7231260073526685 0.9445771522487267 0.6623411010185859 0.9143881956068548 0.7030961909176088 0.9964478160017258 0.7638810972516914
3 0.12879598522704538 0.15923422866497047 0.0834838422750741 0.11090128594240485 0.05788901848125062 0.1348964380942886 0.1032011614332219 0.18322938081685425
1 0.341950185713256 0.25622490258981834 0.19371996349956794 0.1197857195868414 0.14821008899981059 0.16922854577166913 0.2964403112134987 0.30566772877464604