2 0.7729896908799325 0.8467935478413876 0.6991015799693561 0.7760630520955321 0.663807613400843 0.812932644041539 0.7376957243114195 0.8836631397873945
2 0.5617194887195857 0.6647875032876228 0.555668357197712 0.6069235691555651 0.4867405481516243 0.6141317074252615 0.492791679673498 0.6719956415573193
2 0.22361368564145673 0.7524645568623851 0.1832576032915987 0.7297642604314538 0.1282640947039949 0.8275304974504973 0.16862017705385293 0.8502307938814285
2 0.13495126739933355 0.8987976056713364 0.09239812574812192 0.8791033107810164 0.04223598628909587 0.9874878270998486 0.08478912794030749 1.0071821219901684
2 0.09401217312380149 0.7466153713474438 0.05364108521971279 0.7228744188781386 -0.01934474183115354 0.8469855826333715 0.021026346072935152 0.8707265351026768
2 0.2843213898040898 0.4784929435471566 0.2477851773066471 0.4446042888428252 0.1832536756957375 0.514177326669373 0.21978988819318016 0.5480659813737043
3 1.0597016346355992 0.658822524027985 0.7829909804471463 0.4548515263257805 0.7093104259361849 0.5548078665377484 0.9860210801246375 0.758778864239953
2 0.804829141807897 0.4761545029695276 0.7952354531248045 0.4383793544025177 0.745740138538989 0.4509495932346883 0.7553338272220815 0.4887247418016983
2 0.8520490426160237 0.4043080292742394 0.8063048840545759 0.37214416623938185 0.7830005488405601 0.40528810806141186 0.828744707402008 0.43745197109626943
2 0.6437203550493732 0.15854495013252692 0.6374223743786399 0.1266614242132294 0.5932029598281403 0.1353961237196484 0.5995009404988735 0.16727964963894595
2 0.7002609865997986 0.1548646310262023 0.6948002443760319 0.12088672281748779 0.6584620400352185 0.1267267988327866 0.6639227822589852 0.1607047070415011
2 0.8054776725154654 0.1902248710102927 0.7918042798449872 0.16099799648453075 0.7569171702266625 0.17731945256526552 0.7705905628971408 0.2065463270910275
3 1.0057760981775041 0.1276280884128575 0.9080411939605183 0.1179752630075191 0.9003833356358785 0.1955111158213498 0.9981182398528643 0.20516394122668824
3 0.26474786076964124 0.9479422830443659 0.21504619158285024 0.9214565268649415 0.17439728120010195 0.9977359686509522 0.22409895038689298 1.0242217248303764