2 0.9253345187617261 0.6284157626055347 0.8566240412171668 0.5734473805698875 0.8255942304760786 0.6122346439962478 0.8943047080206378 0.667203026031895
3 0.33601919812855646 0.15495642904410406 0.24718013000035216 0.08726951348568693 0.2057326548778793 0.14166931935318197 0.2945717230060836 0.2093562349115991
2 0.8247496962518777 0.5526066815585965 0.7566882767492136 0.49796239648108526 0.7288232292212905 0.5326693138937564 0.7968846487239547 0.5873135989712676
2 0.21413475187925018 0.11716857935915878 0.18646134347650298 0.08254834599330153 0.1630121399755757 0.1012922804533234 0.1906855483783229 0.13591251381918065
2 1.0260604194807004 0.7176085944309466 0.9470741486896197 0.6502069778557907 0.9153261578083562 0.6874116553136985 0.994312428599437 0.7548132718888543
3 0.6600091957491985 0.20195821741055223 0.5639678816985315 0.13635856859488385 0.5159723653752987 0.2066265126989159 0.6120136794259655 0.2722261615145843
3 0.9043451983731239 0.41977515994288545 0.8066185944440053 0.2878442497128381 0.7555861550942041 0.3256460580925315 0.8533127590233227 0.45757696832257877
1 0.6622562172735417 0.6773204599964913 0.46354166586538464 0.4685185192307693 0.40281710996944436 0.5263094230895627 0.6015316613776014 0.7351113638552847
2 0.7472188486482986 0.6114802087485317 0.6739583341346154 0.5444444447115385 0.6392504826518576 0.5823751686142028 0.7125109971655408 0.649410932651196
3 0.2526930149132041 0.41437254163725695 0.2153246376029466 0.40686550234919877 0.190491093822712 0.5304813778391281 0.22785947113296956 0.5379884171271863
2 0.296716954355132 0.29227011562772326 0.26338362198233245 0.2547701137581489 0.23799928073156335 0.2773339708725927 0.2713326131043629 0.31483397274216707
1 0.4971649230995504 0.4148750553273383 0.3359375 0.2722222211538462 0.28384274310576735 0.3311001499361081 0.44507016620531775 0.47375298410960015
0 0.4930861750520465 0.6818117965971771 0.4857543287886982 0.6322810901093779 0.46622608632106716 0.6351717832110668 0.4735579325844154 0.6847024896988659
2 0.31289085630974517 0.8252019834849933 0.27606194685473995 0.8101356113035193 0.23231932151731913 0.917062027860321 0.2691482309723243 0.9321284000417948
2 0.551177337944834 0.44105369846218073 0.4998981022560756 0.4005367712547322 0.47417479015265196 0.43309283793997816 0.5254540258414103 0.4736097651474267
2 0.22018448140036184 0.7612359220526905 0.17989749878718314 0.7402912692725944 0.12734161399910657 0.841382370610382 0.16762859661228527 0.8623270233904781
2 0.22294560216346151 0.2809895829326924 0.18657407451923078 0.24461805528846164 0.1616319447115385 0.2695601850961539 0.19800347235576923 0.30593171274038466
3 0.8800036544549223 0.3973886215791516 0.6945081828010367 0.28173478470777347 0.6436288368914238 0.3633394121222618 0.8291243085453094 0.47899324899363993
2 0.5645961378644874 0.2768605991920386 0.515419367808017 0.24323547741832255 0.49099473246655084 0.2789565280061396 0.5401715025230213 0.3125816497798557
2 0.11687100249570226 0.19298433918815194 0.08175686614433625 0.14839496652975803 0.056746420396639935 0.16809069557535894 0.09186055674800594 0.2126800682337528
2 0.8368798611017733 0.09695921058622707 0.7938189011938042 0.09426790913171143 0.7918618982501842 0.12558005558546748 0.8349228581581531 0.12827135703998313
3 0.24895833413461552 0.9490740745192308 0.18559027644230783 0.9490740745192308 0.18559027644230783 1 0.24895833413461552 1