3 0.6939557364664103 0.6791203640340355 0.6042404520382493 0.6337019912478309 0.5735653856645732 0.6942947015486053 0.6632806700927342 0.7397130743348099
2 0.9987995240758425 0.9561239275735444 0.9239081845871202 0.8802964453204586 0.8860678597590498 0.9176696051413786 0.9609591992477722 0.9934970873944644
2 0.23773876230302793 0.7513959451146373 0.2002059719202227 0.7317397632926017 0.1543045399970828 0.8193869390381203 0.19183733037988804 0.8390431208601558
1 0.2483388453300634 0.2566818006944124 0.12448009557199427 0.1312748051089205 0.07930381741656992 0.17589334735953288 0.20316256717463907 0.3013003429450247
3 0.35154772136195966 0.4429142107651678 0.3155478732167926 0.40190813265301806 0.23901559552758003 0.46909696176952614 0.2750154436727471 0.5101030398816759
2 0.7123551461111867 0.18487278716616368 0.7105875323897768 0.14716358022736736 0.6700082925928968 0.14906572633152074 0.6717759063143068 0.18677493327031705
2 0.8757763103392553 0.5994636417388388 0.8025350046346612 0.5408705954849791 0.7724085368899579 0.5785286790795671 0.845649842594552 0.6371217253334268
0 0.008854165865384633 0.12592592548076922 1.5421478156969215e-17 0.12592592548076922 1.734916288979209e-17 0.15740740625 0.008854165865384634 0.15740740625
2 0.1635455816573284 0.7054433857174818 0.13176852325323768 0.6885263567007482 0.0713719925504085 0.8019755966145556 0.10314905095449924 0.8188926256312894
2 0.2804141161703351 0.7831715652985533 0.24278805248405413 0.7647280754239503 0.18301732763098266 0.8866647107997572 0.22064339131726365 0.9051082006743602
3 0.4621253577759189 0.4152615227012302 0.4523210035322656 0.3542566116288102 0.38617242135819063 0.3648876267544636 0.39597677560184397 0.42589253782688363
2 0.23818397527306298 0.22461658362418457 0.19758870167261597 0.18663270414181835 0.18334145269318952 0.20185945239016428 0.2239367262936365 0.23984333187253054
0 0.8757611235259718 0.10336889039854893 0.8554173843131518 0.092518903037284 0.8435757904559805 0.11472190560984528 0.8639195296688005 0.12557189297111024
2 0.11702230560387596 0.0800511312317868 0.0866618549992457 0.04406836890484173 0.06551714967262394 0.06190921102211407 0.09587760027725421 0.09789197334905915
0 0.3214990403499124 0.8790102555462022 0.3039449953366538 0.8773645612152559 0.29899917166719975 0.9301199299910061 0.3165532166804584 0.9317656243219523