2 0.9005806154789615 0.4550720029609493 0.8314178848979581 0.40237658592767417 0.8008105179193714 0.4425487526038987 0.8699732485003747 0.4952441696371738
0 0.18964884456150494 0.3145361065276581 0.18285454087104863 0.27484875517208185 0.1719864687836678 0.27670932232431794 0.1787807724741241 0.31639667367989416
2 0.3236905834550583 0.7811875203765019 0.2799568651514277 0.7631963163821814 0.23478987037320817 0.8729900037238285 0.2785235886768388 0.8909812077181489
2 0.25199433481254796 0.6883794912356395 0.20626109168805248 0.6645186691847894 0.14733753253088838 0.777455493027335 0.19307077565538386 0.801316315078185
2 0.45476406796751756 0.26346626013756735 0.45173202386323585 0.20686818982081664 0.430686271329923 0.20799564256844003 0.43371831543420475 0.26459371288519073
2 0.2971379643573732 0.203177204981819 0.25620745017594576 0.16159697482540586 0.23207022408512756 0.18535704231647473 0.273000738266555 0.2269372724728879
2 0.2433270692461108 0.1609460160382835 0.20506683972595321 0.12207848328975214 0.18879901535162594 0.13809212373310892 0.22705924487178353 0.1769596564816403
3 0.2509816743023356 0.21736128370069885 0.20220444551937083 0.13684014182527038 0.17257306234522896 0.15478992150520643 0.22135029112819365 0.2353110633806349
3 0.2337928726570112 0.2633316085069373 0.1890910767721071 0.15125872562460257 0.1385845956732199 0.17140392356082065 0.18328639155812398 0.2834768064431554
3 0.174032370640802 0.16666631449177416 0.08380371739196842 0.08029358540901625 0.04139402920023713 0.12459656264360675 0.1316226824490707 0.21096929172636464
2 0.81882403589069 0.5379626133843955 0.7597030734044444 0.4813681801320758 0.7287141122321018 0.5137405727097979 0.7878350747183472 0.5703350059621177
2 0.9109912670009573 0.6174723502734073 0.8451286751352662 0.5452293179104549 0.8094275423353048 0.5777773583489197 0.8752901342009959 0.6500203907118721
2 0.8841494931378122 0.5039709725075793 0.8179772179085127 0.4481381125985847 0.784847403506557 0.48740307592797794 0.8510196787358565 0.5432359358369726
2 1.0228347399925295 0.6973686121253068 0.9333020009392701 0.6405224389067008 0.9054693580055384 0.6843588594756886 0.9950020970587978 0.7412050326942947
3 0.07890725219601837 0.10634819032624236 0.031955402819515887 0.06012996145357555 0.007096378171988049 0.0853835726231665 0.05404822754849053 0.1316018014958333
1 0.13314655170190462 0.06974137899964779 0.02413793049553577 -0.027155172108755524 -0.01954023027197123 0.02198275929985918 0.08946839093439762 0.11887931040826248
3 0.41414349015024227 0.07083921650298673 0.35253595741106875 0.025952124659700742 0.31439848695658806 0.0782958021654003 0.37600601969576153 0.12318289400868629
2 0.3837620987943143 0.4940198283196129 0.34995498718130497 0.4702492040887556 0.3050272647284925 0.5341464123711044 0.3388343763415019 0.5579170366019617