3 1.0559598728874042 0.4745747759511539 0.9334151119686539 0.37807075922966066 0.8695664343504171 0.4591484303931924 0.9921111952691675 0.5556524471146856
2 0.24464783659040976 0.7188494869188046 0.20509355661557527 0.6973674209482995 0.15970319249635787 0.7809433290102282 0.19925747247119235 0.8024253949807333
1 0.2417333283863168 0.24148110774266884 0.11704247521843966 0.11714448886625087 0.0713576207345495 0.16295949923024103 0.19604847390242666 0.287296118106659
2 0.6997346347579708 0.1749295882850328 0.6970989892064932 0.13744491507862894 0.6568034135603327 0.14027820254284756 0.6594390591118103 0.17776287574925143
2 0.8316859411991937 0.5499329288968131 0.7637253324613774 0.49623564875973014 0.7353996599307142 0.5320853220239538 0.8033602686685304 0.5857826021610368
0 0.15226953405004323 0.2849884565145645 0.1486810025747429 0.2530903731925035 0.13561717537308166 0.25456005256564074 0.13920570684838196 0.28645813588770175
2 0.0895833341346155 0.9740740745192308 0.04687500000000012 0.9740740745192308 0.04687500000000012 1 0.08958333413461551 1
2 0.37034810698294396 0.6155266361104743 0.3336211783064629 0.5936525089773862 0.2772512624656617 0.6882982914576709 0.31397819114214276 0.7101724185907591
2 0.27454242247012367 0.24566976894285106 0.23079887568926008 0.2093788169568196 0.20719936161779764 0.237824652386764 0.25094290839866124 0.2741156043727955
0 0.5736606900358171 0.0630159104334868 0.5578027156538764 0.051865770266352376 0.546384544524571 0.06810494417295941 0.5622425189065117 0.07925508434009385
2 0.29025179247947663 0.2165520914848502 0.2512226194406726 0.1769034010912371 0.22860637487917504 0.19916626308530666 0.26763554791797906 0.23881495347891976
0 0.583686259952751 0.7678616259553454 0.5631251363639668 0.725216329364186 0.5418745961499153 0.7354621247647537 0.5624357197386997 0.7781074213559129
2 1.0163619012187028 0.7020678153647499 0.9414355833585069 0.6413432193125411 0.9080590631705412 0.6825255395460209 0.9829853810307372 0.7432501355982297