2 0.9243357788963158 0.6267238241587152 0.8546137017688247 0.5721016337467648 0.8234224864402344 0.6119154219606547 0.8931445635677255 0.6665376123726051
3 0.3339358663977872 0.15495642904410392 0.2450967982695829 0.08726951348568689 0.20364932314711004 0.14166931935318197 0.29248839127531434 0.209356234911599
2 0.8229908319550099 0.5534480641923429 0.7559636536467764 0.4959228354638438 0.7267715974950596 0.5299368010944701 0.793798775803293 0.5874620298229692
2 0.21257225187925022 0.11624265387838954 0.18489884230410733 0.08162241904583133 0.16144963997557568 0.10036635256870798 0.1891230495507186 0.1349865874012662
2 1.0258808115490952 0.7147540575599821 0.9453677558524466 0.648692061126644 0.9136541562575312 0.687343009453693 0.9941672119541797 0.753405005887031
3 0.5391887515059806 0.188042529597054 0.4965524713826215 0.0782130189211174 0.42961540880357363 0.10419826945342626 0.47225168892693287 0.21402778012936288
3 0.8442378053026492 0.3562846703041757 0.7384927353529106 0.25557509896640623 0.6897247393809836 0.3067815044436377 0.7954698093307223 0.40749107578140725
1 0.8233865545887936 0.8603048366730802 0.5864583341346153 0.5981481490384615 0.5176185727297875 0.6603631637050653 0.7545467931839656 0.9225198513396842
3 0.13914180359434286 0.7122524029613484 0.08565245327453642 0.6862008066853336 0.008902709380991861 0.8437840079057858 0.062392059700798294 0.8698356041818006
2 0.39544869335539656 0.37333636223698236 0.3546166855159798 0.33697035056202 0.33046294704603396 0.36409033411619884 0.3712949548854507 0.4004563457911612
1 0.6375013856403063 0.5435648637609659 0.4567708341346154 0.37870370432692313 0.40095352607829443 0.4398939379951382 0.5816840775839853 0.604755097429181
0 0.6015891814483753 0.8094490116005078 0.5954567694459227 0.7658407146650433 0.5770703673351206 0.7684263004574229 0.583202779337573 0.8120345973928872
2 0.31184918838513653 0.8242760571618144 0.27502028098935527 0.8092096858227502 0.23127765565193448 0.9161361023795516 0.26810656304771574 0.9312024737186158
2 0.7914036550273372 0.6573228473921714 0.7249236418181055 0.5995426882684787 0.694238300314017 0.6348482661599231 0.7607183135232487 0.6926284252836159
2 0.21862198140036188 0.7612359220526905 0.17833499878718317 0.7402912692725945 0.12577911399910655 0.8413823706103821 0.16606609661228525 0.8623270233904782
2 0.32742273433248176 0.37869629100101193 0.2881925836100834 0.3365684583229132 0.2601995236851517 0.36263606945371596 0.2994296744075501 0.4047639021318146
3 0.7240600990074524 0.28557051347147205 0.5603485377546131 0.19140961631906767 0.5155171140680357 0.2693551604554819 0.6792286753208749 0.3635160576078863
2 0.34579209044257947 0.13485779615216187 0.32048777583209787 0.0962988254600355 0.2906963410254322 0.11584944689816049 0.31600065563591373 0.15440841759028684
2 0.20029891292938534 0.2689239245702305 0.16015737507626587 0.22456330377112407 0.13540621061243563 0.246960416059815 0.1755477484655551 0.29132103685892147
2 0.7375914662551651 0.12727801761280316 0.7342841924512202 0.09565219951992354 0.6908289976832858 0.10019653183977811 0.6941362714872307 0.13182234993265773
3 0.24947916586538474 0.9462962956730769 0.18533653846153858 0.9462962956730769 0.18533653846153858 1 0.24947916586538474 1
2 0.09600436601922929 0.12125351372462825 0.06076223102765414 0.08083242744729194 0.038214641399388447 0.10049110737394985 0.07345677639096361 0.14091219365128618
3 1 0.4194444447115386 0.9104166658653846 0.4194444447115386 0.9104166658653846 0.5605555552884617 1 0.5605555552884617
2 0.7832083508137655 0.43869548564874805 0.726214650450417 0.397416098092095 0.6996427721936086 0.4341034075969045 0.756636472556957 0.47538279515355764