0 0.8895833341346153 0.08055555528846164 0.8713541658653846 0.08055555528846164 0.8713541658653846 0.11111111057692319 0.8895833341346153 0.11111111057692319
2 0.8891159480754478 0.44383390899514974 0.818793614592162 0.39768486528539587 0.7921213749567217 0.43832826717658424 0.8624437084400076 0.4844773108863381
0 0.19121134410262697 0.31638795759921395 0.18441704157205002 0.27670060853904505 0.17354896932789432 0.27856117550810644 0.1803432718584713 0.31824852456827535
2 0.44002909522768735 0.12283421213437112 0.4143515323775624 0.07303528701992275 0.3869562668358392 0.08716096646233643 0.4126338296859642 0.1369598915767848
2 0.9896611498991711 0.5352916071733816 0.9265318756837266 0.48161647235217203 0.8986388843174995 0.5144224318809737 0.9617681585329442 0.5680975667021834
2 0.29855025758977494 0.20147274535984042 0.2574839118855454 0.16104808587855798 0.23335180463955532 0.18556325734695925 0.27441815034378486 0.22598791682824168
2 0.2464520736456213 0.16002007950901037 0.20819183242202827 0.12115256009780223 0.1919240058212569 0.1371662131262899 0.23018424704484997 0.17603373253749804
3 0.25341818105656727 0.22406908378254026 0.21173797764520672 0.13839311110556038 0.17753310138837508 0.15503332137104853 0.2192133047997356 0.2407092940480284
3 0.23581515054996535 0.26344588898908017 0.1910483037671309 0.14975230548524218 0.14027440834341987 0.16974452603939688 0.18504125512625433 0.2834381095432349
3 0.1757670763041624 0.16504703313520105 0.08221266270025678 0.08345661252023119 0.04024071449746943 0.13158310791428512 0.13379512810137506 0.213173528529255
2 0.818824036536401 0.5407403814224538 0.7586445824885664 0.48313271206311537 0.7276556300586481 0.5155051072578272 0.7878350841064827 0.5731127766171656
2 0.9120329328663419 0.6221019800810996 0.8461703410006508 0.5498589477181471 0.8104692082006894 0.582406988156612 0.8763318000663805 0.6546500205195644
2 0.8840513282558237 0.5099310647024868 0.8205188545989238 0.45048547784295295 0.7867241876277075 0.486603529703823 0.8502566612846073 0.5460491165633569
2 1.0229276986448093 0.696079827717032 0.9328884569120535 0.6491260309572009 0.9069174818831705 0.6989283272575814 0.9969567236159261 0.7458821240174125
3 0.08151141684123972 0.10449633829169612 0.03455956876625674 0.05827811046213867 0.009700545245576385 0.08353172035691228 0.05665239332055938 0.12974994818646973
1 0.1837007610564538 0.10323555551458666 0.04820490409038696 -0.009831282210804128 0.005380050872106848 0.041488718445355004 0.1408759078381737 0.1545555561707458
2 0.37444045855143393 0.04626570491954055 0.3409791731302958 0.019827171124789402 0.32241235005779106 0.043325817873354315 0.3558736354789292 0.06976435166810546