0 0.5933695025954873 0.10612652691287695 0.5901357593944101 0.0716333208261884 0.57180726734768 0.07335161968171239 0.5750410105487571 0.10784482576840092
2 0.8854701146644479 0.46050057375788345 0.8159365577495082 0.41486916480975705 0.7892842256727166 0.45548223138160476 0.8588177825876564 0.5011136403297312
2 0.004687500000000008 0.05538194471153846 6.782332132154127e-18 0.05538194471153846 7.996931970175349e-18 0.07521786538461538 0.004687500000000009 0.07521786538461538
0 0.19589884410262698 0.3321286979838295 0.18910454157205 0.29244134892366047 0.17823646892808384 0.29430191596116767 0.18503077145866081 0.33398926502133663
3 1.000614040602232 0.4753325005871558 0.9158879119794228 0.41813342198364317 0.8784001918617281 0.47366210310950696 0.9631263204845373 0.5308611817130195
2 0.9876389131147296 0.5496913807835979 0.9262957047521247 0.5001211025602209 0.8983550382255971 0.5346976712210469 0.9596982465882019 0.584267949444424
2 0.3033373806053902 0.22301606845204097 0.26235083662023473 0.18019976862711262 0.23747041733684193 0.2040169224563225 0.2784569613219975 0.24683322228125085
2 0.2518893658925567 0.17714240814872248 0.21317888340677255 0.14273307714922806 0.19708693038229158 0.16083651733890753 0.23579741286807573 0.19524584833840197
3 0.2645293582955416 0.23863184600621828 0.21284255510163058 0.15971715821086196 0.1822212469902766 0.17977321583597747 0.23390805018418762 0.2586879036313338
3 0.24072009549093584 0.2839365449579787 0.19726002951424018 0.17101466698697612 0.14602273427097415 0.19073428440523754 0.18948280024766984 0.3036561623762402
3 0.18135815928795887 0.18343317570218945 0.08921281611750752 0.09837593081956884 0.047457401459041974 0.14361096068961066 0.13960274462949335 0.22866820557223125
2 0.8224698688648442 0.5611107610625073 0.7622904226651492 0.5035030787634884 0.7313014616574716 0.5358754714257383 0.7914809078571664 0.5934831537247572
2 0.913595432866342 0.6424723502734074 0.8477328410006509 0.5702293179104548 0.8120317082006895 0.6027773583489195 0.8778943000663806 0.6750203907118721
2 0.8878684183796342 0.530378480675923 0.8216502763261685 0.4746158203439793 0.7901477835317953 0.5120250208820873 0.8563659255852609 0.567787681214031
2 1.022629673185783 0.7080731714570369 0.9359135451837889 0.6653925821527239 0.9108034593265807 0.7164099053628019 0.9975195873285748 0.7590904946671148
3 0.08743180550331048 0.12625347271090612 0.041103275204178585 0.07918957117765026 0.01663540949185279 0.1032751276461804 0.0629639397909847 0.15033902917943626
1 0.20017928433555365 0.13604924856465356 0.06732899715238488 0.01947312604511995 0.02798980758523436 0.0643041130310986 0.1608400947684031 0.1808802355506322