2 0.18971533350550002 0.23301134719486621 0.15758260873586788 0.19384959626815576 0.1316530242227506 0.21512515680451147 0.16378574899238274 0.2542869077312219
3 0.5796272073005126 0.2210178643933745 0.5200436057766389 0.1781921491867552 0.4857962330254578 0.22584066600429906 0.5453798345493316 0.2686663812109184
2 0.32892552590708884 0.8264074740431491 0.29124896512096676 0.8091704471150649 0.24648889588077535 0.9070066619423132 0.2841654566668975 0.9242436888703972
2 0.27676871427583466 0.9358839466014809 0.22272324724796824 0.9145326335349567 0.1889583341346155 1 0.24300380116248194 1.0213513130665242
0 0.5679055840676877 0.7656969614029508 0.5562652380231362 0.7197104073594663 0.536221369137439 0.7247840114760198 0.5478617151819904 0.7707705655195043
2 0.26986398429922787 0.23820375144104963 0.23151592743059418 0.19733279319850078 0.20731699622882868 0.2200379616063063 0.24566505309746237 0.2609089198488551
2 0.7284568108696156 0.17788926670956284 0.7201038224631195 0.1442162793722241 0.6786033865759529 0.15451096027942254 0.6869563749824489 0.1881839476167613
2 0.3026501405775401 0.060325886520492485 0.29218356264822953 0.025001169026032093 0.2590183656479478 0.03482788933876557 0.2694849435772584 0.07015260683322597
3 0.5722449019075123 0.593956920575075 0.4535501655285704 0.45328167485804843 0.39680934055557265 0.5011567450437514 0.5155040769345145 0.641831990760778
2 0.8271573697679308 0.5648144606655575 0.7669779178161955 0.5072067830865274 0.7359889616977863 0.5395791763878169 0.7961684136495214 0.597186853966847
2 0.9193245998228293 0.6461760557971334 0.8534620068660357 0.573933022237378 0.8177608753788176 0.6064810614790397 0.8836234683356113 0.6787240950387952
2 1.0272807792881848 0.7229857642812992 0.9466604848311686 0.6632670253495971 0.9164715273376243 0.7040221163983779 0.9970918217946404 0.7637408553300801
3 0.3119133731547121 0.33021909059027804 0.25521113326587386 0.273789456780151 0.22411994299228244 0.3050308455733972 0.2808221828811207 0.3614604793835243
1 0.7274316466621483 0.631543478119659 0.5208132143946239 0.40335882074338997 0.45348956155795833 0.46431956965429183 0.6601079938254828 0.692504227030561