2 0.9289258098746406 0.6322361318742129 0.859441792513491 0.5828252730009121 0.8304924101068611 0.6235353402939086 0.8999764274680108 0.6729461991672093
3 0.34222307805635216 0.15784704135387323 0.2545729402504413 0.08859261481207609 0.21203439282310416 0.14243046648815788 0.299684530629015 0.21168489302995505
2 0.8292070732101038 0.5598286543019618 0.7622741968659289 0.5033540371714368 0.734372919463952 0.5364222162061847 0.8013057958081269 0.5928968333367097
2 0.22246808737656787 0.11902043094474998 0.19479467547022675 0.08440019792629326 0.17134547391219973 0.10314413339443834 0.19901888581854085 0.13776436641289505
2 1.028559292988934 0.724962519591877 0.953901782274182 0.6571255688574825 0.9210997563371437 0.6932256231250805 0.9957572670518957 0.7610625738594751
3 0.984138993948121 0.42097044009331613 0.8562831327164535 0.34148109968258156 0.8019352695968838 0.428897762210517 0.9297911308285514 0.5083871026212516
3 1 0.4629629639423078 0.9666666658653846 0.4629629639423078 0.9666666658653846 0.5578703701923078 1 0.5578703701923078
2 0.298694095842418 0.23569394236753693 0.25982361409484833 0.1956087533350234 0.2357130305551832 0.21898871037206374 0.27458351230275285 0.25907389940457726
2 0.2697777791430403 0.26456481492843403 0.2364444445139194 0.22012037058777473 0.20899999948571432 0.24070370520714285 0.24233333411483524 0.28514814954780215
1 0.23957920981030767 0.2524733537046498 0.11312642710509516 0.12893232083416473 0.06900262968917664 0.1740960760426333 0.19545541239438918 0.2976371089131184
2 0.20963721133397473 0.1502330787159207 0.17739224116715235 0.1215708826183671 0.17187500000000003 0.12777777884615388 0.2041199701668224 0.15643997494370748
3 0.10366273427004583 0.1709529838814605 0.06257153054522419 0.10520703137049842 0.02840590234333431 0.12656054037314446 0.06949710606815597 0.19230649288410656
2 0.09468177586102572 0.13781440155509123 0.0904881520981689 0.09681008067669827 0.07413458465294293 0.09848260463457999 0.07832820841579975 0.13948692551297293
1 0.2368706068290354 0.18521904065825406 0.11035679807501998 0.08121282510372037 0.07855094907542698 0.11990165803682287 0.2050647578294424 0.22390787359135653
2 0.3131196113569168 0.8339709047440234 0.2762422178761387 0.8181663077550716 0.2311063226575125 0.9234833980451957 0.2679837161382906 0.9392879950341475
2 0.923044699601292 0.5437320860849396 0.8449934907063368 0.4941757610710195 0.8191659931268884 0.5348540681941008 0.8972172020218435 0.5844103932080209
2 0.07776959287028566 0.05756240868100742 0.051856585817544924 0.022125808089345642 0.027931311092033916 0.03962116041856444 0.053844318144774646 0.07505776101022622
2 0.17635437101783247 0.8460813085360308 0.13402411721501845 0.8249534440675332 0.07713033512062023 0.9389416911735667 0.11946058892343424 0.9600695556420642