0 0.6864310016001878 0.0770947221096726 0.6682239349027834 0.0750464334874408 0.6647525804394339 0.10590301373621186 0.6829596471368381 0.10795130235844366
2 0.8885951146644478 0.4540190929886518 0.8182727811811622 0.40787004927889814 0.7913068830542962 0.448960930656208 0.8616292165375818 0.49510997436596177
2 0.0020833341346153914 0.05 6.123233995736766e-18 0.05 6.9169866107072494e-18 0.06296296394230769 0.002083334134615392 0.06296296394230769
0 0.19433634456150492 0.3256472171045812 0.1875420408710487 0.2859598657490051 0.17667396878366778 0.28782043290124115 0.18346827247412406 0.32750778425681726
3 1 0.4994444447115386 0.9869791658653846 0.4994444447115386 0.9869791658653846 0.5500000000000002 1 0.5500000000000002
2 0.9889658114203935 0.541664975284215 0.9285711788105476 0.490314946504416 0.8986915071857045 0.5254575127924247 0.9590861397955504 0.5768075415722236
2 0.30264816914389403 0.21454963390803408 0.2606476477638714 0.17306763588785892 0.23647255824316277 0.1975449130861426 0.2784730796231854 0.23902691110631777
2 0.24980603316743638 0.16788314329215448 0.21109554720696502 0.13347381912981351 0.19500359366569867 0.15157726512302216 0.23371407962617005 0.18598658928536313
3 0.2555015144610768 0.2324024151823446 0.2138213091057077 0.1467264448548908 0.17961643505949756 0.1633666552773894 0.22129664041486657 0.24904262560484314
3 0.23903554317420087 0.27437735671149016 0.19426886987125214 0.16295806911226832 0.1439153779788706 0.18318938067223078 0.18868205128181928 0.29460866827145266
3 0.179274827589063 0.1769516903307375 0.08712948245104604 0.09189445118136204 0.04537406917325008 0.13712948357062218 0.13751941431126705 0.22218672271999765
2 0.8224698700253055 0.5527774282882417 0.7622904228280141 0.4951697445777314 0.7313014616556717 0.5275421371554536 0.7914809088529631 0.5851498208659639
2 0.9156787664247049 0.6341390152741345 0.8498161737199067 0.5618959866796371 0.8141150434722407 0.5944440269037158 0.879977636177039 0.6666870554982132
2 0.887868418379634 0.5183414446182307 0.8216502763261684 0.4625787842862871 0.7901477835317952 0.49998798482439505 0.8563659255852609 0.5557506451563387
2 1.0236031034112891 0.704333272892367 0.9354926251812841 0.6583852905725855 0.9095216506240044 0.7081875859686133 0.9976321288540094 0.7541355682883947
3 0.08482763845492948 0.11699421189374742 0.03849910933879396 0.06993031156226565 0.014031243626468161 0.0940158680307958 0.060359772742603665 0.1410797683622776
1 0.19490845646658056 0.1197607893789711 0.056929438059886595 0.008559923727062614 0.019893633943483993 0.05451427730089314 0.15787265235017797 0.16571514295280163