2 0.9210398842462636 0.6217331952091454 0.851235554961261 0.5679580072100389 0.8203780311666543 0.6080134460104447 0.890182360451657 0.6617886340095512
3 0.3302439121909675 0.15321741154618085 0.24259377438505667 0.08396298500438383 0.20005522603380538 0.1378008378497946 0.28770536383971623 0.2070552643915916
2 0.8193612751918287 0.5490952703219392 0.7529900680399748 0.4935690353099261 0.7250320526108088 0.5269876028249473 0.7914032597626627 0.5825138378369604
2 0.20892641910733706 0.11439080113705771 0.18125300720099596 0.07977056811860098 0.1578038071096697 0.09851450241435024 0.18547721901601083 0.133134735432807
2 1.024715129151342 0.7138292985141083 0.9419848960342685 0.6427425756807086 0.9101832357625402 0.6797531264970125 0.9929134688796138 0.7508398493304121
3 0.8557568067610304 0.14633934742829122 0.8259055058213923 0.09327866411550839 0.7329305418082696 0.14558525832665253 0.7627818427479076 0.19864594163943533
2 0.30872418838513654 0.8242760571618144 0.2708001478686602 0.8087616768149134 0.22705752253123945 0.9156880933717149 0.2649815630477158 0.9312024737186159
2 0.21549698159012565 0.7603099972218151 0.17520999930847062 0.7393653437902018 0.12253246180776664 0.8406904398039108 0.16281944408942167 0.861635093235524
2 0.646765550501964 0.1418363747965224 0.6439881376239937 0.11163199682961311 0.6005502193885739 0.11562628645317202 0.6033276322665441 0.14583066442008133
3 0.24635416586538475 0.9453703701923076 0.18071581250000016 0.9453703701923076 0.18071581250000016 1 0.24635416586538475 1
2 0.5122154273491917 0.4750332271926505 0.45449115297863685 0.42167033940994025 0.4269834940686257 0.45142621875212974 0.48470776843918045 0.50478910653484
3 0.6568185310961461 0.20579544571766148 0.5503257508862613 0.14322341840920957 0.508478162241142 0.21444479722006377 0.6149709424510268 0.27701682452851567
2 0.3635294127011637 0.12542192939759078 0.32732794714691155 0.0953881242381853 0.3046384449193322 0.12273708082145098 0.3408399104735843 0.15277088598085647
2 0.7949987303620543 0.11258021470619471 0.7863747673583703 0.0844445188946809 0.7488566595314217 0.09594431531113995 0.7574806225351056 0.12408001112265375
2 0.595411542986445 0.30198087509142585 0.5537453455596179 0.27552614264185327 0.5332748823134573 0.30776711747155405 0.5749410797402844 0.33422184992112663
2 0.8502131858589824 0.3938553019691533 0.7918248461913588 0.35233470538548034 0.7696099129443449 0.3835744556502992 0.8279982526119685 0.42509505223397215
2 0.8728176807383192 0.4661949246211423 0.8203609921579218 0.4283883023387563 0.7971072483746366 0.46065287193868204 0.8495639369550341 0.49845949422106806
2 1 0.5879629639423078 0.9494791658653846 0.5879629639423078 0.9494791658653846 0.6629629639423077 1 0.6629629639423077