3 0.43809922988318495 0.7000007992876723 0.39056898298175136 0.6692141624088405 0.3276667222212434 0.7663264256408463 0.375196969122677 0.7971130625196781
2 0.5757666899047675 0.6822439362501367 0.5703665924052735 0.6268085325369683 0.5134838065511501 0.6323496230509739 0.5188839040506441 0.6877850267641422
2 0.23921734778891 0.7655136518351658 0.20209328919622807 0.7460715265478096 0.15679660616596625 0.8325639593459443 0.19392066475864816 0.8520060846333005
1 0.2527177032483108 0.2674877701511259 0.12709303167015557 0.14256413275279697 0.08206794000610454 0.18784189179720664 0.20769261158425972 0.31276552919553563
3 0.6157500122476934 0.39216238717593427 0.5474828001283062 0.35481966103868595 0.5213934119624297 0.4025143523539076 0.589660624081817 0.43985707849115596
2 0.7173774488950291 0.19046705065475264 0.7099264720942571 0.1569376376417771 0.6696691199515906 0.16588371125062404 0.6771200967523625 0.19941312426359958
2 0.07337115365588315 0.8581368802696824 0.030376074829069975 0.8361225732332761 -0.03339829409574007 0.9606772101118248 0.009596784731073104 0.9826915171482313
2 0.3055195311883803 0.473283688096676 0.2775262831371253 0.4479148051576537 0.22140015133078295 0.5098470839098899 0.24939339938203803 0.5352159668489122
2 0.4457249698726199 0.40122581482321473 0.43463773111683157 0.36255907210905786 0.37580139454095085 0.37942970732017617 0.38688863329673917 0.4180964500343332
2 0.28286365274409997 0.7969279132836834 0.24300954804857205 0.778246301168762 0.18617102055055396 0.8995018230001119 0.22602512524608187 0.9181834351150333
3 0.7532594371208877 0.4898737334457263 0.6875896296756425 0.43561135663927364 0.6529585315474578 0.4775228555366985 0.718628338992703 0.5317852323431512
2 0.13649979987368466 0.15642397287133808 0.1322671756368323 0.11503828219317601 0.09557707774287799 0.118790675715036 0.09980970197973035 0.16017636639319807