2 0.9221061963880365 0.6268835448640518 0.8529560458011682 0.5696558309975871 0.8215673528891057 0.6075838329209005 0.8907175034759738 0.6648115467873651
3 0.33180641219096757 0.1550692625077193 0.24415627438505666 0.08581483596592229 0.20161772486447646 0.13965269029126506 0.28926786267038734 0.20890711683306204
2 0.8219128936186634 0.551445157490419 0.7534172541609969 0.49376463476265153 0.7249401565477029 0.5275811974198057 0.7934357960053694 0.5852617201475732
2 0.2099680860138656 0.1171685793591588 0.18229467761111845 0.08254834599330153 0.15884547411019106 0.1012922804533234 0.18651888251293824 0.13591251381918068
2 1.0247106856524166 0.7165780075267068 0.9430060515577214 0.6464560257738209 0.9112261549041768 0.6834852819747586 0.992930788998872 0.7536072637276446
3 0.2916666658653846 3.211508658482585e-17 0.23281249999999998 2.8511308292649316e-17 0.23281249999999998 0.03703703605769233 0.2916666658653846 0.03703703605769234
3 0.7490078909897542 0.14646945294887903 0.7143838794499724 0.14150108375241444 0.6953914607105154 0.27385713452079546 0.7300154722502972 0.27882550371726006
2 0.7404229202132271 0.6983506370490028 0.6843119255794776 0.6423527643803758 0.6529283392199052 0.6737997490940713 0.7090393338536547 0.7297976217626984
1 1.0619914612336658 0.9315631647808517 0.8390624999999999 0.7296296298076924 0.7681468548143852 0.8079185139127798 0.9910758160480513 1.009852048885939
2 0.3097658563097452 0.8261279089657627 0.27184181373404476 0.8106135277764518 0.22809918755421418 0.9175399463924774 0.26602323012991463 0.9330543275817882
2 0.21653864796698408 0.7630877750841504 0.1762516675777013 0.7421431226363556 0.12357412956552355 0.8434682196338833 0.1638611099548063 0.8644128720816779
2 0.6540463190054889 0.7051256735317295 0.5960722123828723 0.646722130403626 0.5636811190842391 0.6788750546260345 0.6216552257068557 0.7372785977541381
3 0.4065827934006788 0.07760607400983724 0.28242256720089703 0.015484655187146283 0.2482616807582141 0.08376099961537943 0.3724219069579959 0.1458824184380704
2 0.2119918707802365 0.5304990967020141 0.17943039920123277 0.5180815859169666 0.14273987906814523 0.6142922797680236 0.17530135064714897 0.6267097905530711
2 0.6493697186209257 0.14183637487051684 0.6464278156636014 0.10984316397963764 0.6029898974978678 0.11383745327894065 0.6059318004551921 0.14583066416981985
3 0.24687500000000015 0.9481481490384615 0.18291933653846165 0.9481481490384615 0.18291933653846165 1 0.24687500000000015 1
2 0.2923276709667068 0.28269845143446115 0.24628738459111704 0.23999441689140488 0.22230133401957852 0.26585437717734883 0.2683416203951683 0.30855841172040505
3 0.8563748491222394 0.34001492390497956 0.7339911558263169 0.2665112059612739 0.6871079066229717 0.3445718177471004 0.8094915999188943 0.418075535690806
2 0.2532852552255203 0.06966702496612907 0.2196581211115299 0.04724893070673453 0.20352564068723006 0.07144764610788507 0.23715277480122043 0.0938657403672796
2 0.7655828218795945 0.3914642361418572 0.7143576876874784 0.3500701809283875 0.6885156568855455 0.3820496883431396 0.7397407910776614 0.42344374355660935
2 0.9404671859222274 0.1062630281523295 0.9046045903715745 0.10170905020457721 0.900629057351252 0.13301638951140393 0.9364916529019051 0.1375703674591562