2 0.1409481849383016 0.1840633128009707 0.11124159841023211 0.14533472625846858 0.08572450243843818 0.16490749890792392 0.11543108896650768 0.20363608545042605
3 0.6840637446924978 0.29114457086536344 0.6141211181307061 0.24725900416215693 0.5815080932638933 0.299236015983295 0.651450719825685 0.3431215826865016
2 0.32892552681650256 0.8245556210938211 0.29124896512096676 0.8073185937496802 0.24648889588077544 0.9051548085769283 0.2841654575763112 0.9223918359210692
2 0.28224870025435583 0.9469504110347773 0.2346617828978951 0.9157823775454141 0.1823718933655138 0.9956178491225699 0.2299588107219745 1.026785882611933
0 0.5057831275469227 0.6890009869409488 0.49571926370960145 0.6465091064385604 0.4766673504697166 0.6510214005149753 0.48673121430703764 0.6935132810173636
3 0.36195266073887766 0.027216917855713955 0.3235709203287986 -0.008695828906361055 0.29048131797126375 0.026668676526034323 0.3288630583813428 0.06258142328810933
2 0.15846699927408325 0.13937233626953718 0.1270131698268016 0.1034251063188559 0.10423375523321456 0.12335709614167747 0.1356875846804962 0.15930432609235876
2 0.7500850769261391 0.17190317161076488 0.7430499630135435 0.13787080814990468 0.7003161979408775 0.14670466141860466 0.7073513118534731 0.18073702487946483
2 0.39988115498357973 0.1143653201463799 0.37242910862152484 0.08182956305927476 0.34763352176361006 0.10275084047647104 0.375085568125665 0.13528659756357617
2 1.0097517541775813 0.8784250712217048 0.9251973577530604 0.792528527066862 0.8882971714486877 0.8288521418480828 0.9728515678732086 0.9147486860029255
3 0.4888652184966605 0.49667976383729306 0.3809609101670388 0.3687931823357633 0.3275667295165252 0.4138445244255635 0.43547103784614694 0.5417311059270933
2 0.8271573688648439 0.5611107610625081 0.7669779226651497 0.5035030787634885 0.7359889616574714 0.5358754714257384 0.7961684078571655 0.5934831537247579
2 0.9203662664247048 0.6443242003702884 0.8545036737199067 0.5720811717757909 0.8188025434722407 0.6046292119998697 0.8846651361770388 0.6768722405943671
2 1.0270611899480977 0.7226687843982457 0.9456188189657839 0.6623410998688277 0.9154298614722395 0.7030961909176087 0.9968722324545533 0.7634238754470265
3 0.24899583632456052 0.26942920233844947 0.19707279623378612 0.21513059131964388 0.1679897039733336 0.242941294707253 0.21991274406410796 0.2972399057260586
1 0.5980227473644932 0.5013580116874464 0.40719146709468174 0.3134625883039944 0.34787523323247643 0.3737056354462757 0.5387065135022879 0.5616010588297278