2 0.9239548319510088 0.614349140524039 0.8561430340401331 0.5618496827741934 0.8252025288204633 0.6018145010245841 0.893014326731339 0.6543139587744297
3 0.3302439121909674 0.14951370721925772 0.2425937743850565 0.08025928067746078 0.20005522486447638 0.13409713500280354 0.28770536267038727 0.20335156154460046
2 0.8240854909316224 0.5432536483623998 0.7567579406901905 0.4873967032136856 0.7283657218391629 0.5216194580755721 0.7956932720805947 0.5774764032242863
2 0.20840558601386555 0.11161302407069724 0.18073217643872266 0.07699278923813904 0.15728297411019107 0.09573672276101573 0.18495638368533396 0.13035695759357388
2 1.0257906945938493 0.7042442276993304 0.9466723953986219 0.6362610952130558 0.9148707369890109 0.6732716452265317 0.9939890361842382 0.7412547777128062
2 0.31132835630974515 0.8205723536773011 0.27340431373404467 0.8050579724879902 0.22966168839662385 0.9119843890447916 0.2675857309723243 0.9274987702341027
2 0.22174698159012568 0.7482729611641228 0.18145999930847065 0.7273283077325094 0.1287824618077667 0.8286534037462184 0.16906944408942173 0.8495980571778318
2 0.6452030519169495 0.13628081631968053 0.6423368411700916 0.10511078808965589 0.598898922396025 0.10910508121934401 0.6017651331428829 0.14027510944936863
3 0.24843750000000012 0.9425925937499999 0.18155715865384628 0.9425925937499999 0.18155715865384628 1 0.24843750000000012 1
2 0.7078308820701357 0.12950980345022628 0.7008210781108596 0.09796568563348416 0.6635416672794119 0.10624999915158373 0.670551471238688 0.13779411696832583
2 0.3627899467492753 0.058925156547127856 0.3230240492125487 0.04125143450496571 0.3114261158989055 0.06734679951567978 0.35119201343563206 0.08502052155784191
2 0.24098533986957668 0.05787284646263941 0.21475890968898628 0.029180691408699524 0.1923068791243154 0.04970325623207502 0.21853330930490586 0.07839541128601492
2 0.7668587066591381 0.30155935165829695 0.7327794013752906 0.248842942540822 0.706836339984744 0.2656142197185946 0.7409156452685917 0.31833062883606955
2 0.5295465298660582 0.20720932017986726 0.4878269836895185 0.17349654958104674 0.4632605948278567 0.20389745037621262 0.5049801410043965 0.23761022097503315
2 0.6608039525745332 0.29528133634714965 0.6143429453701069 0.2643073369050842 0.5926014942193902 0.29691951927557525 0.6390625014238165 0.3278935187176407