2 0.6993541472736502 0.3375617089755588 0.6462872716312302 0.2982529208966871 0.6213020357507286 0.3319829967948999 0.6743689113931488 0.3712917848737716
2 0.35324649488261833 0.39991923290524434 0.3120669542459496 0.354868123895687 0.2853586100853264 0.3792812264336777 0.32653815072199516 0.42433233544323495
3 0.32249305174742504 0.04454627700769363 0.2750485909218 0.008962972446165183 0.24488194374488842 0.04918521509230899 0.29232640457051345 0.08476851965383744
2 0.3300088572281185 0.8358023680852443 0.292531646140603 0.818497125267993 0.24819669990854706 0.9145113884620378 0.2856739109960626 0.9318166312792889
2 0.2625000000000001 0.9305555552884616 0.19547872355769244 0.9305555552884616 0.19547872355769244 1 0.2625000000000001 1
0 0.7225975126567955 0.9992572759753604 0.7114132815480078 0.9570057290616716 0.6895104920556239 0.9628035252964546 0.7006947231644116 1.0050550722101437
2 0.14246397869418756 0.19177638991506388 0.10868560622194419 0.15574613218068045 0.08586278599295233 0.1771425298485843 0.11964115846519571 0.21317278758296776
2 0.7260480029616143 0.6307524890270889 0.6657270565701452 0.5708257878214216 0.6352130042050519 0.6015405857306915 0.695533950596521 0.6614672869363589
2 0.7216382708695706 0.18757502239697088 0.7138071190973378 0.15380318101455678 0.6701612791641142 0.16392395568222523 0.6779924309363469 0.1976957970646393
3 0.9259900851215785 0.9758926798647802 0.7443428692472087 0.7992451280432177 0.6825262481632396 0.8628113478910108 0.8641734640376094 1.0394588997125733
2 0.8250740365364009 0.5703700112301463 0.7648945824885666 0.5127623418708073 0.7339056300586482 0.545134737065519 0.7940850841064825 0.602742406424858
2 0.9182829322900894 0.653583459985673 0.8524203395852913 0.5813404313911755 0.8167192093376254 0.6138884716152542 0.8825818020424235 0.6861315002097517
2 1.0268489812958477 0.7330825809716104 0.945097984831168 0.6725262849649819 0.9149090273376236 0.7132813760137634 0.9966600238023033 0.7738376720203919
3 0.537732161719862 0.5724892802219034 0.4691730539432393 0.493623905599557 0.431228767609844 0.5266095653861925 0.4997878753864668 0.605474940008539