2 0.9262378618667917 0.6393236221857411 0.8579437662406193 0.5846883456848031 0.8272752929760789 0.6230239372654786 0.8955693886022513 0.6776592137664166
3 0.3391441982383786 0.16421568455607127 0.25030512436737445 0.09652877438472271 0.20879388593339776 0.15101227744871618 0.2976329598044019 0.21869918762006477
2 0.8255616734103174 0.5652956339311502 0.7573677019236054 0.5105449170530553 0.730771233860588 0.5436717670406999 0.7989652053472999 0.5984224839187948
2 0.21830141910733702 0.12365006075244231 0.1906280072009959 0.08902982773398563 0.16717880710966973 0.10777376202973493 0.19485221901601082 0.1423939950481916
2 1.0261381484988106 0.7283153018323572 0.9479440265102704 0.6602279085052205 0.9159006995062569 0.69702766978602 0.9940948214947969 0.7651150631131566
3 0.8739258849860061 0.34593443035195814 0.756875720242085 0.276628412174471 0.7064037590903388 0.3618699470817487 0.8234539238342597 0.43117596525923585
3 1.0173513513722157 0.4652948620570508 0.9234374999999999 0.41759259375 0.8857313811559187 0.4918265236367834 0.9796452325281344 0.5395287919438343
2 0.4785165235245357 0.3920146883786474 0.42952226981100805 0.3484642406332892 0.4042349138428382 0.3769125160974801 0.4532291675563659 0.4204629638428383
2 0.44100976040616113 0.41829329147815364 0.39407051174987295 0.3742877500941856 0.3674657831689162 0.4026661299758963 0.4144050318252044 0.44667167135986435
1 0.3561773549795738 0.36591490518982117 0.21010419138529712 0.23042676449543156 0.16165036853875553 0.2826660465104962 0.3077235321330323 0.41815418720488573
2 0.3383622545239184 0.26540671160369617 0.28784722778323607 0.22349794810242332 0.262306370314946 0.25428380266364037 0.3128213970556283 0.2961925661649132
3 0.15847002620562037 0.23583425057659577 0.11969335601436967 0.16115325475325146 0.0824882880251774 0.18047127046735098 0.12126495821642808 0.2551522662906953
2 0.14054238462239682 0.1560919521464833 0.11111709684594048 0.12298850658099339 0.09023706855083245 0.14154853351681826 0.1196623563272888 0.1746519790823082
1 0.30062036282468896 0.24841989054883618 0.1660673341311097 0.1357708442780851 0.12272075280884068 0.18754592798723319 0.25727378150242 0.30019497425798425
0 0.28541666586538467 0.4129629639423077 0.27031250000000007 0.4129629639423077 0.27031250000000007 0.4462962956730769 0.28541666586538467 0.4462962956730769
2 0.31644372923438924 0.8330568664005652 0.2795397473707251 0.8175703740928187 0.23521519331678892 0.923194843883389 0.27211917518045303 0.9386813361911355
2 0.5045129354403292 0.2244313731919099 0.45919703224806574 0.1876122010312026 0.4370842871660056 0.21482788668214753 0.4824001903582691 0.2516470588428549
2 0.23644396432726522 0.18470945186093798 0.2163613525976415 0.16685823628521407 0.2140625 0.1694444447115385 0.2341451117296237 0.1872956602872624
2 0.2233094815901256 0.7686433313564305 0.18302249930847056 0.7476986779248173 0.1311028661228617 0.8475659471087286 0.17138984840451674 0.8685106005403417
2 0.0718311346838966 0.15407106402471366 0.04445982848703268 0.11664022579238106 0.019516462689418576 0.1348800658565861 0.046887768886282495 0.1723109040889187
3 1 0.4907407403846155 0.9416666658653846 0.4907407403846155 0.9416666658653846 0.6171296298076924 1 0.6171296298076924