3 0.9561204667460714 0.48487814181311895 0.8910404787459055 0.33061446979819453 0.8028332256536894 0.36782690547918667 0.8679132136538554 0.522090577494111
1 0.2213184603365574 0.1615888152032134 0.09498945378366469 0.058312544493995366 0.05696950901035268 0.10481908292170075 0.18329851556324533 0.20809535363091874
2 0.33196106034361306 0.03266046265650198 0.3025187817380728 0.013966949657548727 0.2871060790576711 0.038241952777944205 0.3165483576632114 0.056935465776897454
1 0.24084447575794846 0.24483301997375848 0.11399902934717693 0.11925603069450795 0.06839832225522846 0.1653173519678058 0.195243768666 0.29089434124705627
2 1.0289840890349962 0.7213181005494612 0.9493451551711399 0.6538988964246637 0.9162515438267516 0.6929907243301573 0.9958904776906079 0.7604099284549548
2 0.5098958341346154 0.3777777788461538 0.4859375 0.3777777788461538 0.4859375 0.45555555528846153 0.5098958341346154 0.45555555528846153
2 0.8293880027242649 0.5501405697907923 0.7593316629767208 0.498500123462235 0.731783700168248 0.5358721753919227 0.801840039915792 0.5875126217204799
0 0.1812766852506529 0.31685641872423054 0.17636411533797894 0.28192260838822547 0.16346809654769273 0.283736112076861 0.1683806664603667 0.318669922412866
2 0.455335740473607 0.24859930914968673 0.4340041516164722 0.2473021174499661 0.4305571742177841 0.3039857245717875 0.4518887630749188 0.30528291627150816
3 0.323763704766855 0.13234555033862258 0.23439335403518077 0.07123762309580293 0.19626303480032628 0.12700321943142512 0.28563338553200046 0.18811114667424475
2 0.27297992511052266 0.24474383489599233 0.2292363732015707 0.20845289211510012 0.2056368634236481 0.23689873291976266 0.24938041533260008 0.27318967570065483
2 0.5572916658653848 0.5981481490384616 0.5026041658653848 0.5981481490384616 0.5026041658653848 0.6555555552884615 0.5572916658653848 0.6555555552884615
2 0.3010639034001291 0.2244015420190127 0.25897501242011367 0.188770733469748 0.2377968400528791 0.21378744861636248 0.2798857310328946 0.24941825716562718
3 0.09730619750464903 0.1581739710764142 0.05884952810894298 0.08980657247063509 0.024032517290584605 0.10939114496708148 0.06248918668629065 0.1777585435728606
2 0.9309157052877187 0.6319448803602715 0.8619611043620661 0.5747381013153224 0.8293525261681888 0.6140430846346077 0.8983071270938414 0.6712498636795566
2 0.0829999990999998 0.09029629721346163 0.057159723710256634 0.05584259172451936 0.03615972172179501 0.07159259094423062 0.06199999711153819 0.1060462964331729
3 1 0.4555555552884617 0.9645833341346154 0.4555555552884617 0.9645833341346154 0.5562636177884617 1 0.5562636177884617
2 0.10677083413461538 1.1361469328027204e-17 0.07604166586538462 9.479850449958509e-18 0.07604166586538462 0.033333334134615394 0.10677083413461538 0.033333334134615394