2 0.9271359292158105 0.6426181052366419 0.8574255371691317 0.5880050649657705 0.8270800036835804 0.6267393860299594 0.8967903957302591 0.6813524263008307
3 0.34070669823837874 0.16421568455607122 0.2518676243673745 0.09652877438472267 0.2103563859333978 0.1510122774487162 0.2991954598044021 0.21869918762006477
2 0.8259387258756854 0.5645141625260446 0.7579997287136233 0.5093137261070078 0.7301251368636633 0.5436209153149353 0.7980641340257253 0.5988213517339722
2 0.22090558737656782 0.12365006075244231 0.19323217547022672 0.0890298277339856 0.16978297391219974 0.10777376320213064 0.19745638581854083 0.14239399622058735
2 1.0251340996173264 0.7306747571374907 0.9498670984951025 0.6637707527835701 0.9174533044975125 0.7002362692014852 0.9927203056197365 0.7671402735554058
3 0.9470949737920525 0.40171848426941364 0.8219081292899062 0.3238885104065639 0.7673310842471504 0.41167381614486326 0.8925179287492967 0.489503790007713
3 1 0.4648148149038463 0.9588541658653846 0.4648148149038463 0.9588541658653846 0.5666666658653847 1 0.5666666658653847
2 0.33046492873813665 0.2727309796265836 0.2915944458256176 0.23264578939271569 0.2674838622859524 0.256025746429756 0.3063543451984715 0.2961109366636239
2 0.3121587654560732 0.3077107260667963 0.27399784533899674 0.2647796940310728 0.24778735697109674 0.28807790759380986 0.28594827708817316 0.3310089396295333
1 0.27456075014129894 0.29433086265038694 0.1408639811114556 0.17008741284588394 0.09708444045099904 0.21719801018621598 0.23078120948084238 0.34144145999071895
2 0.2544419945455474 0.21345473898972067 0.22481441946000658 0.1562033860812552 0.20097073921036326 0.16854249059187504 0.23059831429590402 0.22579384350034049
3 0.10858587722753815 0.18239621597351857 0.06383046329398627 0.11874406207283632 0.030633271703299436 0.1420858338751051 0.07538868563685132 0.2057379877757873
2 0.10059610998671228 0.151690632361402 0.09606785780484198 0.10568935168165283 0.07517654244268053 0.1077458410439695 0.07970479462455081 0.15374712172371868
1 0.24110388780802883 0.2005863704098876 0.11518772830100411 0.09707147858531434 0.0764766970770678 0.14415981820832366 0.20239285658409253 0.24767471003289693
0 0.22734233916715404 0.37660407656880357 0.22452772917654967 0.34407966558733655 0.2111662542577246 0.3452359460444112 0.21398086424832893 0.37776035702587824
2 0.31607647724882554 0.834857944128397 0.2783992678392835 0.8190469730573346 0.2341895742112543 0.9243977372367448 0.27186678362079636 0.940208708307807
2 0.7135487978316928 0.39443599152963466 0.6580249336131272 0.3475877328970756 0.6316861578867198 0.3788040608845566 0.6872100221052855 0.4256523195171156
2 0.18331896432726516 0.1439687114763227 0.16323635259764152 0.12611749590059865 0.1609375 0.12870370432692307 0.18102011172962362 0.14655491990264716
2 0.2243144671924452 0.7700548189696099 0.18375982307258293 0.7486253766825194 0.13123842954827547 0.848020703659399 0.17179307366813773 0.8694501459464894
2 0.046501436422413785 0.1285727971651194 0.01661637965848809 0.09495210830570291 -0.005136492921087523 0.11428799504310343 0.024748563842838172 0.1479086839025199