2 0.9892157551354556 0.5477955873372985 0.9160017169789015 0.5066929747290811 0.8894785897333214 0.5539373012320836 0.9626926278898753 0.595039913840301
2 0.24656734485974513 0.3007486073273221 0.21667677076193417 0.25223057009732597 0.18848710221419143 0.26959741807027116 0.2183776763120024 0.3181154553002673
3 0.4698621188787018 0.14471460549575912 0.4154047770898225 0.10642430527516912 0.3844798277920004 0.1504064763214454 0.43893716958087964 0.18869677654203537
2 0.32892552590708896 0.8310371038508412 0.29124896512096676 0.8138000769227569 0.2464888958807754 0.9116362917500054 0.2841654566668975 0.9288733186780895
2 0.27728954841045 0.9405135764091731 0.22445522771696524 0.9196407412979126 0.1927083341346155 1 0.24554265482810028 1.0208728351112606
0 0.6380949958733466 0.8682462999618998 0.620155177983306 0.8162103400428341 0.5986969287111594 0.8236082449682001 0.6166367466012 0.8756442048872658
2 0.0637144203768146 0.11189901677829764 0.031757251774637583 0.08033637990787892 0.010051107166766595 0.10231385047806091 0.042008275768943615 0.13387648734847965
2 0.4206291587442813 0.36907809835269245 0.37711948084480473 0.3268869093712333 0.35204718156327497 0.3527427264807731 0.39555685946275154 0.3949339154622322
2 0.7230309383197481 0.18227292593022731 0.7136853956078435 0.14847877223157202 0.6726568635409396 0.1598249329390453 0.6820024062528441 0.19361908663770058
3 0.6992670352533479 0.7407189919154687 0.5643273793966557 0.5662515664684106 0.4961764051344326 0.6189620881585083 0.6311160609911249 0.7934295136055665
2 0.8250740358906901 0.5675922431920879 0.7648945899477826 0.509984560682355 0.73390562877544 0.5423569532600772 0.7940850747183473 0.59996463576981
2 0.9182829316695389 0.6508056830952789 0.8524203410006508 0.5785626520450701 0.8167192082006894 0.6111106924835349 0.8825817988695774 0.6833537235337437
2 1.0270611899480977 0.7282243396867071 0.9456188189657839 0.6678966551572892 0.9154298614722395 0.7086517462060701 0.9968722324545533 0.7689794307354879
3 0.39370461745558705 0.4163787940702362 0.33286682067873935 0.35228631036093117 0.2998184327383865 0.38365646475277465 0.36065622951523413 0.4477489484620797
1 0.921503504063331 0.8296236928262686 0.6640002556410638 0.5519517059302245 0.5880399487271253 0.6223946267309264 0.8455431971493924 0.9000666136269705