2 0.7486289106798746 0.8222789810181403 0.675586240649674 0.7545292704122813 0.6415842623166773 0.7911876599690969 0.7146269323468779 0.8589373705749559
2 0.539182274420792 0.6586543600095804 0.5264768960372356 0.6034292793474159 0.45713661290545576 0.6193820769504038 0.46984199128901216 0.6746071576125684
2 0.22361368564145673 0.7524645568623851 0.1832576032915987 0.7297642604314538 0.1282640947039949 0.8275304974504973 0.16862017705385293 0.8502307938814285
2 0.13495126739933355 0.8987976056713364 0.09239812574812192 0.8791033107810164 0.04223598628909587 0.9874878270998486 0.08478912794030749 1.0071821219901684
2 0.12159923462501918 0.7020379950052013 0.08299846799334873 0.6787046954042742 0.012893221385165013 0.7946812743820157 0.051493988016835454 0.8180145739829426
2 0.3050892381048175 0.46064882261787915 0.27058693664806166 0.4235980553887426 0.20318955633123986 0.4863596365108186 0.23769185778799573 0.5234104037399552
3 1.0593233519546794 0.6592891833945254 0.7838221207960795 0.45454509587530134 0.7102323027598475 0.5535666877335553 0.9857335339184475 0.7583107752527793
2 0.804829141807897 0.4761545029695276 0.7952354531248045 0.4383793544025177 0.745740138538989 0.4509495932346883 0.7553338272220815 0.4887247418016983
2 0.8520490426160237 0.4043080292742394 0.8063048840545759 0.37214416623938185 0.7830005488405601 0.40528810806141186 0.828744707402008 0.43745197109626943
2 0.6437203550493732 0.15854495013252692 0.6374223743786399 0.1266614242132294 0.5932029598281403 0.1353961237196484 0.5995009404988735 0.16727964963894595
2 0.7020271534749541 0.15037149175238573 0.6933817377119914 0.11876168884935111 0.6564645211461759 0.12885870486055095 0.6651099369091387 0.16046850776358557
2 0.7934985043374984 0.1930026489345486 0.7798251140629233 0.16377577598020648 0.7449380054993355 0.180097229585134 0.7586113957739106 0.20932410253947611
3 0.9898229761112319 0.12564761833461385 0.8914842431268621 0.11458451129937625 0.8830310885481203 0.1897236660003812 0.9813698215324902 0.20078677303561882
3 0.23555609599182606 0.9990542657912336 0.23495795253121365 0.9633899442882826 0.1785685224047722 0.9643356784970492 0.1791666658653846 1.0000000000000002