2 0.11817286873793001 0.711678708763058 0.07850225428159112 0.690334192751593 0.014968173832222726 0.8084177327574233 0.05463878828856162 0.8297622487688883
2 0.3530706918519468 0.43297328927717377 0.32694907967293363 0.3944030944397632 0.2674969816016147 0.4346669472824602 0.29361859378062793 0.4732371421198708
2 0.5067708341346153 0.3703703701923077 0.4453125 0.3703703701923077 0.4453125 0.41759259374999996 0.5067708341346153 0.41759259374999996
2 0.6872699584772417 0.43874017636057283 0.6200494402602368 0.3952844873604177 0.5909976065780611 0.4402240421161395 0.658218124795066 0.48367973111629464
2 0.8166793564257401 0.4703778888065111 0.7648630484661739 0.4396719319084567 0.7423926608064235 0.47759071525118457 0.7942089687659897 0.5082966721492389
2 0.9019868547962466 0.5373330614240617 0.8451530128884811 0.5002170859850756 0.8227210052476231 0.5345661004149961 0.8795548471553888 0.5716820758539821
2 0.8553414128757305 0.4027736828157111 0.8076803508464482 0.36926201452664154 0.7846521354825471 0.4020132697436357 0.8323131975118294 0.43552493803270514
3 0.7523845770369401 0.20841883166752112 0.7117143670554328 0.1535140503042084 0.6231321053914621 0.2191305429493789 0.6638023153729693 0.2740353243126916
2 0.5708333341346153 0.2740740745192308 0.5270833341346154 0.2740740745192308 0.5270833341346154 0.31296296394230766 0.5708333341346153 0.3129629639423077
2 0.7022785547101908 0.14814238557137088 0.6935302844393042 0.11533636921656393 0.6561102478219658 0.12531504478431482 0.6648585180928526 0.15812106113912178
2 0.6462683826684562 0.15175517522275617 0.6392340695683474 0.12010076284811069 0.5947303924537737 0.1299904678037715 0.6017647055538826 0.16164488017841697
2 0.6623976654319558 0.6661486410487198 0.595277033528579 0.6321688224545517 0.5707226436781867 0.6806713227899436 0.6378432755815636 0.7146511413841116
3 0.517621007707436 0.6650227256512589 0.4936146987711112 0.5949090710035263 0.4098640930414691 0.6235845540439064 0.433870401977794 0.693698208691639
2 0.22600666691459567 0.749516792052693 0.18435387970456857 0.7264649982161214 0.12988245907455198 0.8248905918430428 0.17153524628457908 0.8479423856796143
2 0.344229201384219 0.7613041520641411 0.30587248994087957 0.7442867388298141 0.2625474587234581 0.8419399895205928 0.3009041701667975 0.8589574027549198
2 0.1350447938659614 0.9118191782515237 0.092617954134634 0.8893537938732319 0.038808410421692176 0.9909754197792128 0.08123525015301958 1.0134408041575045
3 1 0.574074074519231 0.8911458341346153 0.574074074519231 0.8911458341346153 0.7592592596153847 1 0.7592592596153847