2 0.32483548462545647 0.05050354384068729 0.287203514332345 0.02448638205262691 0.26754451416395064 0.052921724706674514 0.3051764844570621 0.07893888649473489
2 0.08478719839341219 0.1358513623543646 0.05987217630137232 0.09558466125052496 0.03407252876183601 0.11154819366796194 0.058987550853875886 0.15181489477180157
3 0.877198261947533 0.4374144354417439 0.7923126183812913 0.38197891352070396 0.7560217292223672 0.4375493379542333 0.8409073727886089 0.49298485987527335
2 0.3252796917724737 0.8301111783700722 0.28760313206472726 0.8128741519353448 0.24284306373394943 0.9107103647748036 0.28051962344169584 0.9279473912095308
2 0.23854166586538475 0.9685185192307693 0.18809523798076938 0.9685185192307693 0.18809523798076938 1 0.23854166586538475 1
0 0.40849260174437096 0.5670314427920498 0.3960822245967254 0.5265828065162584 0.380849525403122 0.5312564756278768 0.3932599025507676 0.5717051119036682
3 0.5175871474347802 0.1307036665171578 0.4718956225722794 0.09331969849210024 0.4388278657664465 0.13373585311827874 0.4845193906289472 0.17111982114333632
2 0.010416665865384617 6.378368254915382e-19 0 0 1.8142915651955697e-18 0.02962962980769231 0.010416665865384618 0.02962962980769231
2 0.8332634805288927 0.14678866995592227 0.8200434355597152 0.11539106744428397 0.7803540301059356 0.13210239833983226 0.7935740750751131 0.16350000085147057
2 0.5699513883858858 0.23173146107307652 0.528729152473079 0.2008148198115472 0.506791670450009 0.2300648295923064 0.5480139063628158 0.2609814708538357
2 0.8497535257064972 0.7235098286197038 0.7772557981491411 0.648326999008974 0.7444842613764379 0.6799281233199994 0.8169819889337938 0.7551109529307294
2 0.6005812618703524 0.4833819334959499 0.5481526248888732 0.43619615749036256 0.5215671039898814 0.4657356234517093 0.5739957409713606 0.5129213994572966
3 0.7660428654929968 0.7728770092139615 0.6359375000000002 0.6333333341346153 0.5733843496120833 0.6916555797636678 0.7034897151050798 0.8311992548430139
3 0.3621354505186912 0.3476110813874411 0.2586473550970797 0.25059097233908345 0.2122704486942642 0.30005966251321553 0.31575854411587573 0.39707977156157326
2 0.8255948700656217 0.5620366876927402 0.7654154226651501 0.5044290042442579 0.7344264616574716 0.5368013969065075 0.7946059090579431 0.5944090803549898
2 0.918803766424705 0.6433982748895193 0.8529411737199066 0.5711552462950217 0.8172400434722409 0.6037032865191003 0.8831026361770391 0.6759463151135978
2 0.31195833259871786 0.0967314828586537 0.28306944539572626 0.05821296288429488 0.2535138885632478 0.08037962837724369 0.2824027757662394 0.1188981483516025
2 1.0266367726435977 0.7231260073526685 0.9445771522487267 0.6623411010185859 0.9143881956068548 0.7030961909176088 0.9964478160017258 0.7638810972516914
3 0.16802096465363414 0.19306410275391242 0.11931898294737052 0.14583793403093043 0.09462528685335533 0.17130330562364054 0.14332726855961894 0.21852947434662257
1 0.4254228445542664 0.3352458765248842 0.2615834552725034 0.18567479922211103 0.21008316657676931 0.2420879507478112 0.37392255585853235 0.39165902805058433