2 0.9264863686014192 0.6313628033418289 0.8577396437905975 0.578139535161901 0.8267413069939266 0.6181790555113407 0.8954880318047482 0.6714023236912686
3 0.33810253237299404 0.15680827830607122 0.2492634585019897 0.08912136813472277 0.20775222035311772 0.1436048708245165 0.296591294224122 0.21129178099586496
2 0.8279598931052375 0.5579618267372255 0.7580903852919232 0.50186587635774 0.729685824892097 0.5372447698672296 0.7995553327054113 0.5933407202467149
2 0.21673891774463483 0.12087228368608184 0.18906550816949194 0.08625204885352365 0.16561630730766122 0.10499598120400458 0.19328971688280414 0.1396162160365628
2 1.0263253172830409 0.7210897688038665 0.9489856961976704 0.6537464244471113 0.9169423653051764 0.6905461868172442 0.9942819863905469 0.7578895311739995
3 0.831415157217891 0.3118653755831741 0.7177655530040842 0.24083437499851648 0.6663552077676511 0.3230909297495953 0.7800048119814579 0.39412193033425297
3 1.0207093120611108 0.4513207123566224 0.8807291658653846 0.3824074062500001 0.8440999649124693 0.45681046705350714 0.9840801111081956 0.5257237731601294
2 0.6071369299895546 0.4957291504919542 0.5486531903841368 0.44663169119327006 0.5219664078336419 0.47842035936232497 0.5804501474390598 0.5275178186610091
2 0.5538822680181987 0.5242808419988699 0.5030369018862285 0.47201092420333546 0.4736097636553855 0.5006360623452428 0.5244551297873558 0.5529059801407773
1 0.4247041644703276 0.4246237002166543 0.2645043628693809 0.2781553130269447 0.2143487375156781 0.333013029323278 0.3745485391166249 0.4794814165129876
2 0.4016954021278193 0.3172477672094027 0.34761494327042897 0.2691762448970274 0.3204885058566177 0.29969348487483316 0.374568964714008 0.3477650071872084
3 0.21352965083605957 0.26164953614049147 0.15496693168553044 0.20255922657084063 0.12292367591662784 0.23431638272604577 0.18148639506715697 0.29340669229569666
2 0.1771084769154165 0.18423690771477405 0.14699353261040732 0.1503575986292647 0.12565373575905514 0.1693263087654921 0.1557686800640643 0.20320561785100144
1 0.34357109639283817 0.2808085702463904 0.20413041680273938 0.16302442419717805 0.1586699308783349 0.21684356085031065 0.2981106104684337 0.3346277068995229
0 0.3291666658653846 0.4620370360576923 0.3140625 0.4620370360576923 0.3140625 0.4944444447115384 0.3291666658653846 0.4944444447115384
2 0.31497418721643705 0.8279797606020469 0.2781452799413583 0.8129133899050068 0.23440265600745677 0.9198398072370048 0.2712315632825355 0.9349061779340448
2 0.3746739220699975 0.12042137335976928 0.3369218906342508 0.0905926027616443 0.3177044720388612 0.11491464407878314 0.3554565034746079 0.14474341467690813
2 0.29264748485601055 0.2241707561377812 0.26434190621943443 0.20288109286030068 0.2602360872288084 0.20833996653021178 0.28854166586538454 0.2296296298076923
2 0.22174698159012565 0.7649396270295074 0.1814599993084707 0.7439949735978941 0.12890411396354112 0.8450860720303012 0.16919109624519607 0.8660307254619143
2 0.10160359790457821 0.17839178374712825 0.07426474052856219 0.13950985415406955 0.047863825777039834 0.15807299776711392 0.07520268315305587 0.19695492736017262
3 1.0474462281180945 0.5405227572894802 0.9041053325404551 0.4320852008726476 0.850360429314293 0.5031292451662884 0.9937013248919325 0.611566801583121