2 0.9281470586214964 0.636589888013722 0.8579793219645994 0.5862904320303592 0.8276630477281723 0.6285816319141807 0.8978307843850695 0.6788810878975434
3 0.34122753342198436 0.16051198521547033 0.2523884641349675 0.09282506877414841 0.21087722353244323 0.1473085668261636 0.2997162928194601 0.2149954832674855
2 0.8284464719548462 0.562890603885246 0.7606008789463328 0.5056458758398248 0.7318100528273247 0.5397683310936817 0.7996556458358381 0.5970130591391031
2 0.2209055860138656 0.1217982091668511 0.19323217761111844 0.08717797580099382 0.1697829752825868 0.10592190932387048 0.197456383685334 0.14054214268972778
2 1.0269967931761845 0.7305180733980126 0.9523392816120804 0.6626811244162064 0.9195372563262943 0.6987811793104265 0.9941947678903986 0.7666181282922326
3 0.9742431602485973 0.41911858124684215 0.8463872958254157 0.3396292497133065 0.7920394358725225 0.42704591909233625 0.919895300295704 0.5065352506258719
3 1 0.4648148149038463 0.9630208341346154 0.4648148149038463 0.9630208341346154 0.5629629639423078 1 0.5629629639423078
2 0.30338159584241803 0.24680505294445995 0.26451111409484834 0.2067198639119464 0.2404005305551832 0.2300998209489868 0.27927101230275286 0.2701850099815003
2 0.28109027772051276 0.2835833322418957 0.24738194336007321 0.2386388882800824 0.2199374983318681 0.2592222228994505 0.25364583269230767 0.3041666668612638
1 0.2504186775492005 0.26776812892539015 0.1165444961257401 0.1475420594449701 0.07365123373959506 0.19530458229332834 0.20752541516305545 0.3155306517737484
2 0.2394239875792066 0.19521095246874173 0.20676911598734976 0.14145807535299945 0.18751923577555096 0.15315237713188637 0.2201741073674078 0.20690525424762865
3 0.10389837412060322 0.17498881671940414 0.059142967325118374 0.11133665231429299 0.02594577383736901 0.13467841787558063 0.07070118063285387 0.1983305822806918
2 0.09538997341355815 0.14813758448400655 0.08943085225661568 0.10443735464453298 0.07342482304638556 0.10661999459072305 0.07938394420332803 0.1503202244301966
1 0.23634977365262008 0.190774594040988 0.10997939394432091 0.08688629338472853 0.07136025761617251 0.13386285273708937 0.19773063732447171 0.23775115339334885
0 0.20788606708059396 0.32262500048266546 0.19345784903293725 0.3205960322221672 0.1890091314595129 0.3522313556678114 0.20343734950716966 0.35426032392830964
2 0.31607647639111225 0.8320801673261559 0.2783992669815701 0.8162691962550935 0.23418957421125425 0.921619958390591 0.27186678362079647 0.9374309294616533
2 0.8014572745061709 0.45973998906436886 0.7352367939284234 0.4126498656371043 0.710747889648874 0.4470873844242242 0.7769683702266215 0.49417750785148873
2 0.16977729846188058 0.12915389657247647 0.1496946867322568 0.11130268099675253 0.14716594944514394 0.11414750962413023 0.16724856117476772 0.13199872519985417
2 0.22425149268410233 0.7670447565144195 0.1835752646157735 0.7458467585028944 0.1315664779844058 0.845644921773991 0.17224270605273462 0.8668429197855161
2 0.03896132207882984 0.12150012576712597 0.011068439504292923 0.08579722824454576 -0.01078094359007531 0.10286705504478923 0.01711193898446161 0.13856995256736943