3 0.5490437992290353 0.6808290517952401 0.5286759023235749 0.6156517741773107 0.4521766272638977 0.6395577948750724 0.47254452416935827 0.7047350724930018
2 0.762391085933555 0.727072927632121 0.6963605283647942 0.6838248248516249 0.6675016839703185 0.7278860775689743 0.7335322415390793 0.7711341803494703
2 0.2393012620137166 0.7588033506947368 0.20217720243308726 0.7393612248899856 0.15627577104340334 0.8270084035400879 0.1933998306240327 0.8464505293448391
1 0.25109131316698735 0.2617907238842298 0.12339856484494297 0.1392777547209333 0.08035787230420785 0.1841381834391781 0.2080506206262522 0.30665115260247455
3 0.4682213008442292 0.40434664982696944 0.4601090737352075 0.34698162923907144 0.3896174572702579 0.3569501430857545 0.3977296843792796 0.4143151636736525
2 0.7163357852092761 0.18583741925904979 0.7086887260463801 0.1514256530260181 0.6664460791572397 0.16081290789027153 0.6740931383201357 0.19522467412330322
2 0.9763589306455139 0.6994764047996562 0.8993896607889054 0.6273176997385806 0.8668781771098037 0.6619966086604838 0.9438474469664123 0.7341553137215592
2 0.17972356836145423 0.6485037352666947 0.1422848102141786 0.6278204927886388 0.0864967856258161 0.7288024525705225 0.12393554377309172 0.7494856950485782
2 0.3131021129849987 0.4779785760347676 0.28745632702713453 0.4566834168866493 0.23164490888740413 0.523897175359211 0.2572906948452683 0.5451923345073293
2 0.2820966683012298 0.789681358056247 0.24447060652258512 0.7712378684052849 0.1856214949659346 0.8912943408491194 0.22324755674457927 0.9097378305000816
3 0.6034969353846052 0.3836254082021131 0.5395569473968997 0.35994393025880356 0.5198042324171067 0.41327625865300105 0.5837442204048122 0.43695773659631065
2 0.19974362768011505 0.19627609101122415 0.15838989780623186 0.15371319156765775 0.1479166658653846 0.163888889423077 0.1892703957392678 0.20645178886664337
0 0.9854320387696374 0.14168227067751 0.9671875000000003 0.12314814903846151 0.9466212725288264 0.1433930433879446 0.9648658112984634 0.16192716502699306
2 0.028645834134615387 1.7540514540931363e-18 0 0 1.587505082747842e-18 0.025925925480769232 0.028645834134615387 0.025925925480769232