3 0.9111597606650969 0.8670919480616575 0.8054716633845206 0.7627086380907896 0.7571214843579407 0.8116631924723341 0.8628095816385171 0.916046502443202
2 0.6165894713521106 0.6922521434227852 0.5477566428071611 0.6504674483596974 0.5205786466289261 0.6952383470896571 0.5894114751738756 0.7370230421527448
2 0.4201422962615601 0.6770154273529185 0.38498567101000164 0.6495717338427605 0.3252174306577704 0.7261375804636134 0.36037405590932886 0.7535812739737716
2 0.224134519776072 0.7515386313816159 0.183778437426214 0.7288383349506847 0.12878492826083118 0.8266045729968907 0.16914101061068917 0.849304869427822
2 0.13739129242869805 0.9007362694918968 0.09450971034007748 0.8794347032133845 0.04147701365226751 0.9861933286902927 0.08435859574088808 1.0074948949688052
2 0.03958333413461549 0.83240740625 1.0281930412934881e-16 0.83240740625 1.1029453435519053e-16 0.9544871802884616 0.0395833341346155 0.9544871802884616
2 0.24749566215011265 0.5295113134472027 0.21478982418110484 0.5019157634107314 0.14979945191614832 0.5789413918919157 0.18250528988515613 0.606536941928387
2 0.41036085032348546 0.4061814001419587 0.39321312821531307 0.3523268315702033 0.32273421524157886 0.3747678768930229 0.3398819373497512 0.4286224454647783
3 1.070418699104597 0.6666427619528551 0.7981430480033131 0.46416616906741065 0.7237840434510131 0.5641586970490305 0.9960596945522968 0.7666352899344749
2 0.808502233237185 0.470257742896068 0.7666362096231463 0.43742164616675 0.7410867375190173 0.46999722332061555 0.7829527611330559 0.5028333200499334
2 0.8520490426160237 0.4043080292742394 0.8063048840545759 0.37214416623938185 0.7830005488405601 0.40528810806141186 0.828744707402008 0.43745197109626943
2 0.6437203550493732 0.15484124580560385 0.6374223743786399 0.12295771988630635 0.5932029598281403 0.13169241939272544 0.5995009404988736 0.16357594531202294
2 0.7020271528632502 0.1485196385543048 0.6933817377119914 0.11690983788781262 0.6564645211461759 0.12700685389901242 0.6651099362974348 0.1586166545655046
2 0.7339250220459809 0.21816788994062872 0.717681368531096 0.19075672240406183 0.6844833975676354 0.21042959248550908 0.7007270510825203 0.23784076002207596
3 0.9028418189524952 0.17995325680728197 0.8926207133575623 0.10521141157157077 0.7984248017423827 0.11809290193608338 0.8086459073373156 0.19283474717179458