3 0.8080264284494523 0.7916137128064393 0.7168116076902293 0.7045279530988307 0.6740505688239298 0.7493164524902748 0.7652653895831527 0.8364022121978834
2 0.23565542787910132 0.7476922401178137 0.1981226384551438 0.7280360596777691 0.15222120758285484 0.8156832373399239 0.1897539970068124 0.8353394177799687
1 0.24729717991132 0.2529780930677493 0.12343842182263225 0.12757110532629848 0.07826214980411746 0.17218964730759592 0.2021209078928052 0.29759663504904676
3 0.25727363749160603 0.5320804207233013 0.21591251991521926 0.4997451415638781 0.14112674362342753 0.5954060842449537 0.1824878611998143 0.6277413634043769
2 0.7163136804739205 0.1741682030673985 0.707138946698692 0.13976294843291417 0.6654182509890861 0.15088846632602382 0.6745929847643146 0.18529372096050814
2 0.8458512000195506 0.57283916191596 0.7765025944601821 0.51427811562103 0.7474512343894002 0.5486810410804794 0.8167998399487686 0.6072420873754093
0 0.03818309513904316 0.17671534702353864 0.02695080492760082 0.14343448585775048 0.016009578717471516 0.14712714956164358 0.027241868928913858 0.18040801072743173
2 0.2788516158805802 0.7794678602861475 0.2412255512736003 0.7610243706442682 0.18145482808151675 0.8829610071539137 0.21908089268849668 0.901404496795793
3 0.3876438936625303 0.4294440559509768 0.35828548681362726 0.3792136564352016 0.2845518367185674 0.4223091229019889 0.3139102435674704 0.47253952241776415
2 0.24873773232645624 0.24146451661968962 0.2148819833660703 0.19465163431256516 0.19436379481747504 0.2094906830185532 0.22821954377786097 0.25630356532567766
0 0.8137819576605871 0.08855407549470287 0.79520737161283 0.0786476358893475 0.7835195643129469 0.10056228848400103 0.8020941503607042 0.1104687280893564
2 0.1609378237154348 0.11591917818929905 0.12940932050159898 0.07927066679929931 0.10738353519868821 0.09821932300309734 0.138912038412524 0.13486783439309707
0 0.3569498662240098 0.798750006309472 0.343159510746905 0.7939018348641244 0.3273593819162096 0.8388444272653124 0.34114973739331445 0.8436925987106603