2 0.3306379587352301 0.0552709251072832 0.2935907361944428 0.028151387483202124 0.2729007603010686 0.056415370148036756 0.3099479828418559 0.08353490777211783
2 0.08322469731782325 0.1339995096545006 0.05830967522578341 0.09373280855066102 0.03251002768624709 0.10969634096809801 0.057425049778286934 0.14996304207193759
3 0.8842960593397474 0.4416718033676713 0.7985626172807865 0.3856826171289296 0.7622717281218623 0.4412530415624588 0.8480051701808231 0.4972422278012005
2 0.32423802590708906 0.8310371038508415 0.28656146512096686 0.8138000769227572 0.24180139588077545 0.9116362917500056 0.2794779566668976 0.9288733186780898
2 0.23645833413461553 0.972222221153846 0.1881770841346155 0.972222221153846 0.1881770841346155 1 0.23645833413461553 1
0 0.40484676760975574 0.5633277384651267 0.3924363904621101 0.5228791021893353 0.3784153824531679 0.5271810024115012 0.39082575960081356 0.5676296386872927
3 0.5222746486129026 0.134407369404153 0.476583123750402 0.09702340137909547 0.4435153669445691 0.13743955600527397 0.4892068918070697 0.1748235240303315
2 0.8352278593489313 0.14215939614464293 0.8214485694132474 0.11503141427674628 0.7832012728442656 0.1344586090915499 0.7969805627799494 0.16158659095944655
2 0.57384882257704 0.2329258433158516 0.5311952467342071 0.205351805991792 0.511123765736649 0.2363998685930681 0.5537773415794819 0.26397390591712766
2 0.8365546851970327 0.7097539642563012 0.7657075322819367 0.6377822568186041 0.7341638245943619 0.6688330955663895 0.8050109775094578 0.7408048030040865
2 0.5922479265404544 0.4750486006894263 0.5398192907542577 0.42786282575959333 0.5132337698552658 0.45740229172094 0.5656624056414625 0.5045880666507729
3 0.7533113342984739 0.7690413398161031 0.6331952823681894 0.6203977520587547 0.568816513220423 0.672421009131804 0.6889325651507073 0.8210645968891525
3 0.3595312858527311 0.34575922914651647 0.2560431879523091 0.2487391177742747 0.20966628042503319 0.2982078091478317 0.3131543783254551 0.3952279205200734
2 0.8255948700656217 0.5620366876927402 0.7654154226651501 0.5044290042442579 0.7344264616574716 0.5368013969065075 0.7946059090579431 0.5944090803549898
2 0.918803766424705 0.6433982748895193 0.8529411737199066 0.5711552462950217 0.8172400434722409 0.6037032865191003 0.8831026361770391 0.6759463151135978
2 0.318208333752564 0.10321296516634614 0.28931944654957253 0.06469444519198732 0.25976388856324784 0.0868611115503206 0.2886527757662393 0.1253796315246794
2 1.0266367726435977 0.7231260073526685 0.9445771522487267 0.6623411010185859 0.9143881956068548 0.7030961909176088 0.9964478160017258 0.7638810972516914
3 0.1659376324230107 0.19121224592448113 0.11723564651115474 0.14398608334054763 0.09254195220148972 0.16945145860248184 0.1412439381133457 0.21667762118641537
1 0.42021451378286395 0.3306162526825864 0.2586105121861666 0.1830858710304806 0.20711022027829568 0.23949901903775525 0.3687142218749931 0.387029400689861