2 0.9461752398379113 0.5163238520673448 0.8748105054260041 0.47191912989716206 0.8474401492496241 0.5159072037736441 0.9188048836615311 0.5603119259438268
2 0.2612433920029788 0.3090120721718513 0.2264307220708171 0.26593140081302014 0.20034552869297578 0.28701034871556363 0.23515819862513745 0.3300910200743947
3 0.44898363335961594 0.13836539048475457 0.3986005690446707 0.09621485579015002 0.3643700943619794 0.1371309727496319 0.41475315867692475 0.17928150744423646
2 0.3289671911897626 0.8330245886688876 0.29148997819761713 0.8157193456427195 0.24715503236690395 0.9117336116880085 0.2846322453590494 0.9290388547141765
2 0.27728954841045 0.9405135764091731 0.22445522771696524 0.9196407412979126 0.1927083341346155 1 0.24554265482810028 1.0208728351112606
0 0.6459748034732601 0.8866455594725754 0.6320419874575349 0.8340104678152086 0.6108836058970902 0.839611214924973 0.6248164219128155 0.89224630658234
2 0.07051807488372085 0.12732941474137266 0.04501290076125157 0.09105538321894735 0.020006092731166266 0.10863829215643853 0.04551126685363554 0.14491232367886384
2 0.454685695397432 0.39907600503716434 0.40802365208389013 0.35533032933556846 0.3826876157980591 0.3823554284705623 0.42934965911160095 0.42610110417215813
2 0.722287693527921 0.1843075905793883 0.7133381264935438 0.15050700358289504 0.6696470717024957 0.16207532408856237 0.6785966387368727 0.19587591108505562
3 0.7285717386616984 0.7697075726316155 0.5812606186772068 0.5962962813168169 0.517471508078536 0.6504844789471919 0.6647826280630276 0.8238957702619903
2 0.8250740358906901 0.5685181686728572 0.7648945899477828 0.5109104861631244 0.7339056287754401 0.5432828787408465 0.7940850747183474 0.6008905612505793
2 0.9182829316695389 0.6508056830952789 0.8524203410006508 0.5785626520450701 0.8167192082006894 0.6111106924835349 0.8825817988695774 0.6833537235337437
2 1.0270611899480977 0.7282243396867071 0.9456188189657839 0.6678966551572892 0.9154298614722395 0.7086517462060701 0.9968722324545533 0.7689794307354879
3 0.41070086741678025 0.4359457849145331 0.34953371707372843 0.3684509979934129 0.3158210773862958 0.3990030775581988 0.3769882277293476 0.466497864479319
1 0.9670375669910443 0.8725004542599989 0.6931120182518933 0.5958965204716613 0.6187710943075417 0.6695175934127816 0.8926966430466927 0.9461215272011192