2 0.36570404268006657 0.0824243484098057 0.32833531179929537 0.052529358531056274 0.3056839990132936 0.0808434946130345 0.3430527298940647 0.1107384844917839
2 0.07489136438996175 0.12659210166256557 0.0499763409211104 0.08632540356050383 0.02417669496705843 0.10228893706911173 0.049091718435909766 0.14255563517117348
3 0.9161610966177247 0.4695954262074723 0.8295014417889995 0.4089044903902005 0.7914921169715172 0.4631774213410942 0.8781517718002423 0.523868357158366
2 0.321113025907089 0.8365926591393027 0.28343646512096676 0.8193556322112185 0.2386763958807754 0.9171918470384669 0.27635295666689763 0.934428873966551
0 0.3902634356721644 0.5466610719256552 0.3778530580572539 0.5062124341269267 0.3638320500483117 0.5105143343490925 0.37624242766322225 0.5509629721478211
3 0.5511875079438207 0.1527555339239088 0.5006510949845189 0.11722213547443551 0.4694530071767097 0.16159277036425335 0.5199894201360116 0.19712616881372666
2 0.8488086585155727 0.13268037185273934 0.8308704238212041 0.10817546270026661 0.7960948003296691 0.13363212903404917 0.8140330350240377 0.1581370381865219
2 0.6043058242556567 0.2572369419833858 0.5621021860850417 0.22634277607851738 0.5400882600316413 0.2564153720739308 0.5822918982022564 0.2873095379787992
2 0.7717185083874245 0.6460787576255208 0.7052834022252121 0.5813652917989292 0.6746178695637629 0.6128466518506888 0.7410529757259753 0.6775601176772804
2 0.548861350530504 0.4360249037301061 0.49698635124336865 0.38991379325265263 0.4710093397049072 0.4191379312334219 0.5228843389920426 0.46524904171087533
3 1.02951614948258 0.971264326155285 0.9167695102331067 0.8554554303650067 0.8618509598970483 0.9089218065064102 0.9745975991465217 1.0247307022966885
3 0.6981236791993954 0.7006645668072505 0.5770833341346153 0.5703703701923076 0.5174126834691379 0.6258030474291462 0.6384530285339179 0.7560972440440892
3 0.3398560331040006 0.33039911638720576 0.24504415451049627 0.23846032430051287 0.1996952563233956 0.2852263751880456 0.29450713491689995 0.3771651672747386
2 0.8255948697679307 0.5601848308578654 0.7654154190169735 0.5025771544282974 0.7344264628985642 0.5349495477295867 0.7946059136495214 0.5925572241591547
2 0.9182829328663421 0.6424723502734072 0.852420341000651 0.5702293179104547 0.8167192082006894 0.6027773583489197 0.8825818000663805 0.6750203907118723
2 0.3522544922977652 0.12002337093712735 0.31455158378240405 0.08848106022622176 0.2919546409264116 0.115491461494375 0.3296575494417727 0.14703377220528058
2 1.0266367726435977 0.7231260073526685 0.9445771522487267 0.6623411010185859 0.9143881956068548 0.7030961909176088 0.9964478160017258 0.7638810972516914
3 0.15553304266875545 0.1844494372992836 0.10858557354060588 0.13603486441612678 0.08350341164820725 0.16035696313529765 0.1304508807763568 0.2087715360184545
1 0.3977529284931419 0.30894021303666636 0.24231805532670092 0.16144603466071852 0.1901508405465758 0.2164217937183216 0.3455857137130168 0.36391597209426946