2 0.925288551286951 0.6290326197114257 0.8565724344478404 0.5731279808252485 0.8254805295584018 0.6113451129219813 0.8941966463975124 0.6672497518081586
3 0.3354983663977872 0.1549564290441041 0.24665929826958288 0.08726951348568696 0.20521182314711003 0.14166931935318197 0.2940508912753143 0.2093562349115991
2 0.824433001946104 0.5523524180705063 0.75637158244344 0.49770813299299516 0.728506534915517 0.5324150504056662 0.796567954418181 0.5870593354831773
2 0.21413475187925018 0.11716857935915878 0.18646134347650298 0.08254834599330153 0.1630121399755757 0.1012922804533234 0.1906855483783229 0.13591251381918065
2 1.0260604194807004 0.7176085944309466 0.9470741486896197 0.6502069778557907 0.9153261578083562 0.6874116553136985 0.994312428599437 0.7548132718888543
3 0.648550861377122 0.19455081443372094 0.5525095494738214 0.1289511614396916 0.504514032311532 0.1992191007253337 0.6005553442148327 0.26481875371936303
3 0.8942324390567971 0.4074348754757615 0.790018776049775 0.2886728741161584 0.7413607561113729 0.3313702894038605 0.8455744191183948 0.4501322907634636
1 0.6846882358881802 0.7024218996466485 0.4776041658653847 0.48425925961538485 0.4155485403830529 0.5431636233086826 0.6226326104058484 0.7613262633399464
2 0.7902192291520934 0.6519584534716689 0.7161458341346154 0.5833333341346153 0.6813296467961703 0.6209136432493665 0.7554030418136483 0.6895387625864201
3 0.24825771845883274 0.4472037418307882 0.20802575786227975 0.436253510857786 0.1739769700974416 0.561351281954371 0.2142089306939946 0.5723015129273732
2 0.310146324793357 0.2976957676789441 0.2732786851592595 0.2631323639966591 0.24964808673026176 0.28833834183456764 0.28651572636435924 0.32290174551685263
1 0.5150039033999837 0.43205436568021455 0.3522739186808801 0.2836182220979986 0.2984342690649268 0.34264242703790415 0.4611642537840304 0.49107857062012006
0 0.507669509008648 0.6994043904549117 0.5002035409087716 0.6489676093429725 0.48067529841834433 0.6518583020530524 0.48814126651822076 0.7022950831649916
2 0.31289085630974517 0.8252019834849933 0.27606194685473995 0.8101356113035193 0.23231932151731913 0.917062027860321 0.2691482309723243 0.9321284000417948
2 0.5784410924017209 0.4687994872817051 0.526426004976999 0.42256385715345074 0.4997593388371957 0.4525638585969286 0.5517744262619175 0.498799488725183
2 0.22018448140036184 0.7612359220526905 0.17989749878718314 0.7402912692725944 0.12734161399910657 0.841382370610382 0.16762859661228527 0.8623270233904781
2 0.2344039333683887 0.2921007000534187 0.1980324082031255 0.25572916439636745 0.17309027493990464 0.2806712904647429 0.20946180010516782 0.3170428261217942
3 0.8600268243654582 0.3816465982308988 0.6781674705810216 0.2687683793890881 0.6272912192372045 0.3507356737643431 0.809150573021641 0.4636138926061538
2 0.5320040193315348 0.2510641102680192 0.4828304794316658 0.22192423365103606 0.46076618079950077 0.2591577361607567 0.5099397206993698 0.2882976127777399
2 0.12892477379474984 0.2026945398283995 0.09232566458041486 0.15807848306525804 0.06761358659140827 0.17835010962415196 0.10421269580574327 0.22296616638729339
2 0.8222965308430685 0.09695921816160388 0.7792355724817358 0.09426790438232364 0.7772785603235128 0.12558005375213616 0.8203395186848456 0.12827136753141638
3 0.24947916586538474 0.9472222211538461 0.18569878605769244 0.9472222211538461 0.18569878605769244 1 0.24947916586538474 1
2 0.020833334134615394 0.03769841346153846 4.616724137860657e-18 0.03769841346153846 7.184270631994281e-18 0.07962962980769231 0.020833334134615394 0.07962962980769231