2 0.6403579761694834 0.3964467074460324 0.5807973839769917 0.36115152812726986 0.5590038085865109 0.3979281724538432 0.6185644007790027 0.4332233517726056
2 0.8167241374892752 0.5282918219397013 0.7579418085045504 0.4760408688711243 0.7255280174576282 0.5125063880064713 0.784310346442353 0.5647573410750482
2 0.8252837060217275 0.4600045182534558 0.7741374261483089 0.42103592031720444 0.749268940982856 0.45367580395841106 0.8004152208562746 0.4926444018946624
2 0.8523905257651074 0.3822587886082133 0.8060541257375604 0.35002476917638187 0.7837658501263379 0.3820641633583548 0.8301022501538848 0.4142981827901862
2 0.9749288826633937 0.6602328967852844 0.8935682778070821 0.5891381314632207 0.8617333653057995 0.6255698958120974 0.943093970162111 0.6966646611341611
2 0.9110942926102781 0.15061789380018026 0.9099008887220561 0.11772468538252882 0.860990010438395 0.11949922897763599 0.8621834143266169 0.1523924373952874
2 0.6442323634947067 0.1339843062152753 0.6431567890470752 0.09949868390846513 0.5990165453697042 0.10087537700651111 0.6000921198173356 0.1353609993133213
2 0.7008964972104013 0.12867317637203646 0.6973730040829639 0.09422121737007229 0.6607297680599855 0.09796881820422725 0.664253261187423 0.13242077720619141
3 0.41059312396902126 0.21062158266319353 0.3238672552792161 0.13835003098103987 0.2796533449957449 0.1914067274024898 0.36637921368555004 0.2636782790846434
2 0.2342036530571264 0.12642200709841409 0.2047012957084124 0.09705077092639652 0.18466445659622513 0.11717705993120256 0.21416681394493914 0.14654829610322012
2 0.2222438802238046 0.7294092603075529 0.18026481209982742 0.708747686650985 0.13052076144569408 0.8098149589644195 0.17249982956967125 0.8304765326209874
2 0.30554332990263444 0.8127666766981743 0.26752395133637846 0.796880007349077 0.22343048791948672 0.9024028228056361 0.2614498664857427 0.9182894921547333
3 0.2428085549654812 0.9387097591391627 0.177076066741294 0.9348848081889505 0.1732870360576924 1 0.2390195242818796 1.0038249509502122