2 0.18815283350549997 0.23115949623332768 0.15602010873586789 0.19199774530661726 0.1300905242227506 0.21327330584297302 0.1622232489923827 0.2524350567696834
3 0.5827522073005128 0.22194378987414384 0.5218903156183772 0.17819930358170433 0.48764294286719595 0.2258478203992482 0.5485048345493315 0.2695923066916877
2 0.32892552590708884 0.8264074740431491 0.29124896512096676 0.8091704471150649 0.24648889588077535 0.9070066619423132 0.2841654566668975 0.9242436888703972
2 0.27676871427583466 0.9358839466014809 0.22272324724796824 0.9145326335349567 0.1889583341346155 1 0.24300380116248194 1.0213513130665242
0 0.5668639176304683 0.7638451081823121 0.5552235721577514 0.7178585563979278 0.5351797032720543 0.7229321605144813 0.5468200487447711 0.7689187122988655
2 0.26673898309974037 0.2345000482395715 0.22839092623110677 0.19362908999702258 0.20419199622882866 0.2163342572793831 0.24254005309746227 0.25720521552193204
2 0.7289776453581874 0.17788926573927188 0.7206246560521313 0.14421627838985554 0.679124220124009 0.15451096041218826 0.6874772094300652 0.1881839477616046
2 0.30473347250231436 0.061251812656029116 0.2942668945730038 0.025927095161568728 0.26110169912779574 0.035753815013539865 0.27156827705710634 0.07107853250800025
3 0.5687280143315172 0.5900973986199131 0.4509459972975685 0.45050389817027103 0.3942051711988931 0.49837897060951686 0.5119871882328418 0.637972471059159
2 0.8271573700253054 0.5638885388651648 0.7669779228280145 0.5062808551546543 0.7359889616556718 0.5386532477323764 0.7961684088529627 0.5962609314428869
2 0.9193245998228293 0.6461760557971334 0.8534620068660357 0.573933022237378 0.8177608753788176 0.6064810614790397 0.8836234683356113 0.6787240950387952
2 1.0272807792881848 0.7229857642812992 0.9466604848311686 0.6632670253495971 0.9164715273376243 0.7040221163983779 0.9970918217946404 0.7637408553300801
3 0.3098300402278123 0.3283672384268026 0.2531278003389739 0.2719376046166754 0.22203660886347334 0.3031789946176371 0.2787388487523117 0.3596086284277643
1 0.7232132561728777 0.6265821873077898 0.5154088832811806 0.40268521127097046 0.44884329520551713 0.46446639532749623 0.6566476680972143 0.6883633713643156