2 0.9271359292158105 0.6426181052366419 0.8574255371691317 0.5880050649657705 0.8270800036835804 0.6267393860299594 0.8967903957302591 0.6813524263008307
3 0.34070669823837874 0.16421568455607122 0.2518676243673745 0.09652877438472267 0.2103563859333978 0.1510122774487162 0.2991954598044021 0.21869918762006477
2 0.8266826920911328 0.5641559828274352 0.7571113783810752 0.510044962167871 0.7297115387831951 0.5452733280910048 0.7992828524932526 0.599384348750569
2 0.2209055860138656 0.1255019134937742 0.19323217643872267 0.09088167866121595 0.16978297411019108 0.10962561218409261 0.19745638368533397 0.14424584701665083
2 1.026283524952363 0.7321594301111921 0.9493462654027213 0.6637707515980823 0.9169324703631477 0.7002362692271517 0.9938697299127893 0.7686249477402615
3 0.9400541549039031 0.3975231195476645 0.815658130367779 0.3201848067497657 0.7619114461556105 0.40663450556157976 0.8863074706917347 0.4839728183594786
3 1 0.46388888942307704 0.9567708341346154 0.46388888942307704 0.9567708341346154 0.5675925937500002 1 0.5675925937500002
2 0.33827742873813677 0.28013838828042964 0.29940694582561755 0.24005319804656175 0.2752963622859524 0.2634331550836021 0.3141668451984716 0.30351834531747
2 0.32244085983068277 0.31220339804441966 0.2791969048079446 0.27508980735172 0.2561588451456227 0.30193325734548665 0.2994028001683609 0.33904684803818635
1 0.279489604470394 0.29870077675128726 0.1455133636144243 0.17419760272081794 0.10125111379846465 0.22182763214254864 0.23522735465443437 0.3463308061730179
2 0.2580134157285113 0.2151719960330524 0.2261622140022966 0.15854764306272953 0.20321463683310345 0.17145565650929237 0.2350658385593181 0.22808000947961526
3 0.11223171578090269 0.18517398486996475 0.06747628895581279 0.12152184201256905 0.03427910280279688 0.14486362076460305 0.07903452962788679 0.20851576362199875
2 0.10213963781959261 0.15157654583088134 0.0983164335031968 0.10739729660606899 0.0756098766812114 0.10936228712934717 0.07943308099760722 0.1535415363541595
1 0.24423099853113106 0.2036973072919905 0.11856356372331556 0.0990955109148155 0.07932279855966481 0.14623892975468478 0.20499023336748032 0.25084072613185976
0 0.2309881752453878 0.3830855590018951 0.22817355857813376 0.3505611459243585 0.21481208170878444 0.35171742921857035 0.21762669837603854 0.3842418422961069
2 0.3160764763911122 0.8367097971338483 0.2783992669815701 0.8208988260627861 0.2341895742112543 0.9262495881982834 0.27186678362079647 0.9420605592693457
2 0.6953181926790469 0.38223853821984577 0.640559540289241 0.33660633052763494 0.6160689899130196 0.36599499267460034 0.6708276423028254 0.4116272003668112
2 0.1859231375904211 0.1467464766286147 0.16584050391534083 0.12889528274090745 0.16354166586538457 0.1314814807692308 0.18362429954046483 0.14933267465693809
2 0.22483530165965943 0.770980745705477 0.18428065820284284 0.7495513021735021 0.1317592614007707 0.8489466279543075 0.1723139048575873 0.8703760714862825
2 0.048584770892710086 0.13042464755578637 0.018699712336046916 0.09680395806500797 -0.0030531624055121307 0.11613984752097999 0.026831896151151037 0.14976053701175837