2 0.9262984529960087 0.6289098671929428 0.8584211741046305 0.5744134175297313 0.8270857536598697 0.6134428054229295 0.8949630325512479 0.6679392550861409
3 0.3375816981285565 0.15495642904410395 0.2487426300003521 0.0872695134856869 0.2072313893978279 0.14175301153770206 0.2960704575260322 0.20943992709611914
2 0.8264224594677725 0.5539496883707444 0.7582257100312724 0.4991967513206752 0.7307251966369245 0.5334496283784748 0.7989219460734246 0.588202565428544
2 0.21569725324195244 0.11809450546398079 0.18802384133561137 0.08347427244552406 0.16457463977758435 0.1022182079136691 0.1922480516839254 0.13683844093212583
2 1.0263253172830409 0.7173860668807897 0.9489856950071675 0.6500427214874059 0.9169423653051763 0.6868424824903209 0.9942819875810496 0.7541858278837046
3 0.7695073402838261 0.2640390064887964 0.6611359182214722 0.20917596905820257 0.6179574546569951 0.29446675349334467 0.726328876719349 0.3493297909239385
3 0.9717536123246808 0.44231029785862436 0.8518843161024802 0.346414859774378 0.8262068094403515 0.37851174273169025 0.9460761056625522 0.47440718081593664
2 0.7874669590614504 0.660605965644996 0.7210689490567266 0.5896430891395297 0.6881397367426214 0.620454046591504 0.7545377467473452 0.6914169230969703
2 0.7008721065960665 0.6581100837925921 0.63895203112847 0.5943794777794508 0.605047984021595 0.6273203406841871 0.6669680594891916 0.6910509466973284
1 0.49781239975968516 0.4949363532506957 0.32499999999999996 0.3305555552884616 0.27137706158086095 0.3869289808056333 0.44418946134054615 0.5513097787678674
2 0.48312834192151155 0.3815269588367451 0.4250295374634564 0.33385614439355116 0.3970880403219724 0.36790984365692003 0.4551868447800275 0.41558065810011396
3 0.24609757244086694 0.32563934480603574 0.20595389036570996 0.2412970645220596 0.16982712723778606 0.25849201453442505 0.20997080931294304 0.34283429481840116
2 0.21782606919708297 0.21757989733300354 0.1857089797679111 0.18325475654641046 0.16473467024505786 0.20287984064580966 0.19685175967422974 0.23720498143240276
1 0.3850502168167264 0.3133366333567079 0.23997369964914703 0.19116693802791812 0.1929360632154298 0.24702413281941912 0.3380125803830092 0.36919382814820884
0 0.3803611804839949 0.544158569451036 0.3756019688485403 0.5069309473066871 0.3603679881342676 0.5088784726680581 0.36512719976972224 0.546106094812407
2 0.3144533563097451 0.8242760580042243 0.27762444685473986 0.8092096858227504 0.23388182151731912 0.9161361023795518 0.27071073097232434 0.9312024745610257
2 0.27057350441540046 0.041748794921951854 0.23546344447450096 0.016047313633562377 0.21794056713746485 0.039984816174254235 0.25305062707836434 0.0656862974626437
2 0.35997497627001745 0.2816457440596861 0.32603142045433925 0.24592288877528273 0.3197916658653846 0.2518518509615385 0.3537352216810629 0.2875747062459419
2 0.22122614777722038 0.761235921068872 0.18093916705641389 0.7402912692725944 0.12838328226833726 0.841382370610382 0.16867026298914375 0.8623270224066596
2 0.13788198295383552 0.20885236364428786 0.11011401618917006 0.16862880720098605 0.08274523887658379 0.187522593976819 0.11051320564124924 0.22774615042012084
3 1.0446007654589708 0.5111498654066675 0.8315412946313032 0.3781361484896173 0.7767662035257457 0.46587410661889234 0.9898256743534133 0.5988878235359425
2 0.9062582648270402 0.5336121498468824 0.8379547960530254 0.4800407948803088 0.8074726345636686 0.5189055457672683 0.8757761033376834 0.5724769007338419
2 0.023437500000000014 0.07777777884615385 9.525030790873302e-18 0.07777777884615385 1.2359861306293956e-17 0.12407407451923078 0.023437500000000017 0.12407407451923078
2 0.9971443221968675 0.12238438884984777 0.9509403022650772 0.12101650466637294 0.9500625078587526 0.15066640539320406 0.9962665277905429 0.1520342895766789