3 0.9591743491290681 0.4749416721488321 0.8926845476856783 0.32111442585185873 0.8046661842396922 0.3591592043275616 0.871155985683082 0.512986450624535
1 0.17799731744796962 0.11220685832210044 0.05359469689364465 0.01597684270960658 0.014650334644600612 0.0663226801155499 0.13905295519892558 0.16255269572804376
2 0.4696110035716942 0.22344909098709834 0.45048088649124257 0.22300072815668145 0.44933048472820275 0.2720844588398185 0.4684606018086544 0.2725328216702354
1 0.2413653088006788 0.23649968789326492 0.1145198638712795 0.11092269682040112 0.06891915766279061 0.15698401600549283 0.19576460259218986 0.28256100707835663
2 1.0300005887888084 0.7049553800411031 0.9487754665920979 0.6464147516134203 0.9168683400471451 0.6906858898326018 0.9980934622438556 0.7492265182602846
2 0.5591747249199225 0.2495151354330143 0.5347276880325323 0.23429030790689592 0.5034151086748142 0.28457000935403826 0.5278621455622042 0.2997948368801566
2 0.8304296685896495 0.5418072356561768 0.7603733288421056 0.4901667893276196 0.7328253660336326 0.5275388412573073 0.8028817057811766 0.5791792875858645
0 0.18023501582321375 0.30667123240469 0.1753224506567686 0.27173742357305264 0.16242643340844543 0.2735509253708473 0.1673389985748906 0.3084847342024846
2 0.3586275499037198 0.5262833886102336 0.32339510917417313 0.505113894953217 0.2768025122006612 0.5826580695046393 0.31203495293020783 0.6038275631616558
2 0.8298714971555751 0.17906173646272952 0.820374261114408 0.14767634554147557 0.7754897540108309 0.1612584213430373 0.7849869900519979 0.19264381226429125
3 0.1713541658653846 1.6615650533117164e-17 0.1 1.2246467991473533e-17 0.1 0.07222222115384616 0.1713541658653846 0.07222222115384616
2 0.2724590883355083 0.23641050932746646 0.22871554155464474 0.20011955734143505 0.2051160274831823 0.22856539277137944 0.24885957426404587 0.2648563447574108
2 0.3063970963274795 0.8324190326696481 0.26789540406568324 0.8164769259886469 0.22558601852821708 0.9186580852510259 0.2640877107900134 0.934600191932027
2 0.3005430692655138 0.215142282403628 0.2584541796857981 0.1795114750398024 0.23727600832210982 0.20452818900097794 0.27936489790182556 0.24015899636480353
3 0.018750000000000006 0.04166666586538462 5.102694898318555e-18 0.04166666586538462 8.334401794821015e-18 0.09444444471153846 0.01875000000000001 0.09444444471153846
2 0.9329990376187651 0.6236115485498007 0.8640444411783795 0.5664047679217624 0.8314358628200222 0.6057097477949559 0.9003904592604078 0.6629165284229941