2 0.8912939671746182 0.44752560518867157 0.8209716336913325 0.40137656147891787 0.7940853701752129 0.44234609491045135 0.8644077036584985 0.48849513862020505
0 0.18912801008186042 0.31546203225125863 0.18233371083117084 0.2757746806620723 0.17146563549262586 0.27763524714414595 0.17825993474331542 0.31732259873333224
2 0.5015854284701987 0.6936408130801751 0.48929900488281486 0.6281132092728113 0.4235547714248638 0.6404402509126501 0.43584119501224766 0.7059678547200139
2 0.38831418166590903 0.47464855757865776 0.35351289760159993 0.4527965885638859 0.30344016677199354 0.5325420489523216 0.3382414508363026 0.5543940179670935
2 0.3939333489761794 0.11230404735177267 0.36664105368076644 0.07855125457418702 0.3416043787354273 0.09879575197996102 0.36889667403084025 0.13254854475754668
2 0.2971379655591473 0.20595498264497752 0.25620745137772 0.1643747524885641 0.2320702240851276 0.1881348211626285 0.2730007382665549 0.2297150513190419
2 0.243847898911375 0.16372380610831108 0.2055876788956605 0.12485625738813658 0.1893198567831259 0.14086988504660042 0.22758007679884046 0.17973743376677492
3 0.2509816743023356 0.2201390601430066 0.20220444551937092 0.1396179182675781 0.1725730612799601 0.1575676985928212 0.2213502900629248 0.23808884046824969
3 0.23327203874493302 0.26518345904746454 0.18864172857878525 0.1532898049081482 0.1381352497119282 0.1734350029050003 0.182765559878076 0.28532865704431665
3 0.17455320300050628 0.1685181621634722 0.08432454748577167 0.08214544158959401 0.04191486282758577 0.12644842060990816 0.13214351834232035 0.21282114118378637
2 0.8188240377371786 0.5416663080526851 0.7597030656154862 0.4850718861178836 0.7287141119847901 0.5174442825669794 0.7878350841064825 0.574038704501781
2 0.9104704334868926 0.6230279036061087 0.8446078407820946 0.5507848750116113 0.8089067093376255 0.5833329163267927 0.8747693020424234 0.6555759449212901
2 0.8825869931378121 0.5076746768345016 0.8164147179085124 0.45184181692550784 0.783284904691339 0.4911067788507152 0.8494571799206388 0.546939638759709
2 1.0225224559904995 0.6939055371406889 0.9313259569120536 0.646348252111047 0.9053549818831705 0.6961505484114274 0.9965514809616164 0.7437078334410694
3 0.07890725099424434 0.1082000425086306 0.031955401617741845 0.06198181363596377 0.007096378171988058 0.08723542358470496 0.05404822754849055 0.13345365245737179
1 0.154353022399165 0.08805560394747666 0.027217405047564616 -0.02282157577115457 -0.016268995641324384 0.027041438529992523 0.110866621710276 0.13791861824862373
3 0.2697916658653846 2.975509019803335e-17 0.21614583413461538 2.6470230392199148e-17 0.21614583413461538 0.02685185096153849 0.2697916658653846 0.026851850961538495
2 0.4716168029869223 0.3159767928461343 0.44135774867407573 0.3037431526388183 0.41659553730535615 0.36499075237321205 0.4468545916182026 0.377224392580528