3 0.9570910173088822 0.48142315392058355 0.8906012128926414 0.3275959062676423 0.8025828488638447 0.36564068636093217 0.8690726532800853 0.5194679340138735
1 0.21122085450807299 0.14890513772042144 0.08560327611662072 0.04873948511008914 0.04678765247372151 0.09741809418123933 0.17240523086517376 0.19758374679157165
2 0.40726652317918205 0.0958556846541671 0.3826688245669084 0.06818326892590129 0.3611027294980565 0.08735312789146346 0.3857004281103302 0.11502554361972929
1 0.24032364184464255 0.242055245268737 0.11347819718531399 0.11647825117014023 0.06787749186920854 0.16253956824593285 0.19472293652853712 0.2881165623445296
2 1.028984089671117 0.7185403279084175 0.9493451575135273 0.6511211162630952 0.9162515460210885 0.6902129391452877 0.9958904781786782 0.7576321507906099
2 0.5198948052916089 0.3205877602800289 0.496542468804924 0.31640822182871836 0.4838709621162636 0.38720773508456285 0.5072232986029486 0.3913872735358735
2 0.8293880027242649 0.549214644310023 0.7593316618286126 0.49757419713516354 0.7317836990201394 0.5349462490648513 0.8018400399157918 0.5865866962397107
0 0.1812766849191671 0.3159304908862304 0.17636411533797894 0.2809966829074563 0.1634680965476928 0.2828101865960917 0.16838066612888092 0.31774399457486585
2 0.45059578177779247 0.3384631005572146 0.4224861400908993 0.32762080980504543 0.3982428230416441 0.3904738517620662 0.4263524647285373 0.4013161425142355
3 0.29258749741993595 0.10770749580174684 0.20686602579301866 0.048236770349684974 0.1683237231440899 0.10379188385875786 0.2540451947710071 0.1632626093108197
2 0.2724590897946484 0.2428919829544466 0.2287155390669553 0.20660104115356165 0.20511603047029153 0.23504688053438524 0.24885958119798463 0.2713378223352702
2 0.47413194484508553 0.6344907412359777 0.4455625014826923 0.5963981491704329 0.3903402785611112 0.6378148153660257 0.4189097219235044 0.6759074074315705
2 0.30054306926551383 0.22254968865362804 0.2584541808712371 0.18691888229334871 0.23727600832210985 0.21193559765482403 0.2793648967163866 0.24756640401510335
3 0.08155601239191221 0.1431366049054804 0.043224528108943 0.07499175756678894 0.008407517290584613 0.09457633006323532 0.04673900157355382 0.1627211774019268
2 0.930915705287719 0.631018954879502 0.8619611043620664 0.5738121758345534 0.829352526168189 0.6131171591538387 0.8983071270938416 0.6703239381987873
2 0.05799999909999982 0.06714815057884625 0.03279166702307712 0.033537036295192224 0.011791666188461614 0.04928703464951904 0.03699999826538431 0.08289814893317307
3 1 0.4620370360576924 0.9765625 0.4620370360576924 0.9765625 0.5583333341346155 1 0.5583333341346155