2 0.9238703816919615 0.6234715875253468 0.8536987979648514 0.5684972369953235 0.8221114068935501 0.608816717551447 0.8922829906206602 0.6637910680814704
3 0.33185253237299395 0.15310457397914823 0.2430134585019898 0.08541766380779964 0.20156598579394042 0.1398174743524899 0.29040505966494456 0.2075043845238385
2 0.8224225108703347 0.5534063947326129 0.7561766559969778 0.491960949676003 0.7252055413371299 0.5253516748165263 0.7914513962104868 0.5867971198731362
2 0.21048891910733702 0.11439080113705766 0.1828155072009959 0.07977056811860102 0.15936630710966973 0.09851450241435031 0.18703971901601082 0.13313473543280696
2 1.024861110939965 0.7143816105188882 0.944546565678632 0.6455405784631417 0.9127900326864223 0.6825898705812565 0.9931045779477553 0.751430902637003
3 0.38734579424718224 0.08520541834224823 0.34964356642916294 -0.009878245961467537 0.2899907340277418 0.01377507760002894 0.327692961845761 0.10885874190374471
3 0.7643118407601316 0.31441293808847376 0.7159947803355082 0.17697774688253137 0.6719004074139832 0.1924796751888172 0.7202174678386066 0.3299148663947595
1 0.9278887115384615 1 0.7791666658653846 0.8185185192307693 0.7070570020819092 0.8776115829704967 0.8557790477549863 1.0590930637397273
2 0.593142360576923 0.5607928245192307 0.5458622680288462 0.5135127319711539 0.5179108798076923 0.5414641201923079 0.5651909723557692 0.5887442127403847
1 0.8982193157249831 0.7778852950868411 0.6640625000000001 0.5620370360576925 0.5976332625947913 0.6341008959739409 0.8317900783197743 0.8499491550030894
2 0.30924502217512967 0.8242760580042243 0.2713209816586533 0.8087616776573233 0.22757835632123255 0.9156880942141246 0.265502396837709 0.9312024745610257
2 0.2160178134673586 0.7603099949879275 0.17573083244039095 0.7393653437933243 0.12317494907512004 0.8404564460666223 0.1634619301020877 0.8614010972612256
2 0.5160991336671813 0.5699489271494574 0.4685129356199903 0.5164144286086282 0.4373096241897641 0.5441506921007476 0.4848958222369551 0.5976851906415769
3 0.5161251172074224 0.14931544010839984 0.37875635383079115 0.07531206305248321 0.3400716560954231 0.14712053046189588 0.4774404194720544 0.22112390751781252
2 0.23288388004392452 0.4600625569369284 0.23221853751993102 0.3748988459104651 0.20780596593937714 0.37508956942165084 0.20847130846337064 0.4602532804481142
2 0.6592655519169496 0.1390585951658343 0.6563236462386409 0.10706538491656133 0.6128857274645741 0.11105967804624947 0.6158276331428828 0.14305288829552246
3 0.24687500000000015 0.9453703701923076 0.1818108966346155 0.9453703701923076 0.1818108966346155 1 0.24687500000000015 1
2 0.2154736933298443 0.21927670216132417 0.17514404240898934 0.1759681561916076 0.15003651356700826 0.19934871194590237 0.1903661644878632 0.24265725791561896
3 0.9457408422344914 0.39840408702343927 0.8117236473054621 0.31655036580454615 0.7614944859618045 0.398789404014099 0.8955116808908338 0.4806431252329921
2 0.411846264313386 0.17951149120886323 0.3770294523022045 0.14856321743654538 0.3535811773408947 0.17494252981178537 0.3883979893520762 0.2058908035841032
2 0.998418078965136 0.5543712801573953 0.9310200757244207 0.5050865038482292 0.903563986573938 0.5426333027610092 0.9709619898146534 0.5919180790701752