2 0.9260542379414716 0.642355363808343 0.8566265333974954 0.5888703163558368 0.8263509455001453 0.6281703576112718 0.8957786500441215 0.6816554050637781
3 0.33966503342198434 0.16514161502316277 0.2508259641349675 0.09745469858184082 0.20931472353244326 0.15193819663385594 0.2981537928194601 0.21962511307517787
2 0.825661058634066 0.5661391554861743 0.7573116986227225 0.5129785432393604 0.730809294486267 0.5470530635454597 0.7991586544976104 0.6002136757922736
2 0.21986391774463482 0.12550191349377415 0.1921905081694919 0.09088167866121596 0.16874130730766124 0.10962561101169686 0.19641471688280415 0.1442458458442551
2 1.0261381484988106 0.7329449316400493 0.9479440265102703 0.6648575383129132 0.9159006995062569 0.7016572995937126 0.994094821494797 0.7697446929208488
3 0.9055278029005394 0.3695993390456842 0.785331674086372 0.29843057899581077 0.7328303926065561 0.387099410477975 0.8530265214207234 0.45826817052784846
3 1.0175403846182964 0.4731966485301173 0.9543621351240847 0.4461570430353889 0.9191134163711732 0.5285159497937333 0.9822916658653847 0.5555555552884617
2 0.40269476359015294 0.3315700258166804 0.3580655146472349 0.28973011519151987 0.3329731182629604 0.31649534456403994 0.3776023672058785 0.35833525518920045
2 0.3786862596950956 0.36514206257108534 0.33488861432975 0.32408177398917815 0.309720418485423 0.3509278521378136 0.35351806385076856 0.3919881407197207
1 0.3158647646913411 0.3313495491896387 0.17460336829096545 0.20299350419743453 0.12922535646483121 0.25293397499350656 0.2704867528652069 0.38129001998571077
2 0.2907292830597988 0.24513737402590077 0.25721781456339277 0.1877679454156726 0.23191662077899014 0.20254724824241033 0.2654280892753962 0.2599166768526385
3 0.13391268538354678 0.20981585672063346 0.09071798450332082 0.14070432733786337 0.05630266913019702 0.1622138969641916 0.09949737001042298 0.23132542634696174
2 0.12523044980507853 0.14236792585590533 0.09475940343780107 0.11111269589003372 0.07469730723613245 0.13067144059462665 0.10516835360340988 0.16192667056049823
1 0.2676242339738391 0.2256471894918023 0.13783439667595884 0.11761402916174668 0.09675409728107641 0.1669674439680953 0.2265439345789567 0.2750006042981509
0 0.25729166586538466 0.38240740624999997 0.2432291658653847 0.38240740624999997 0.2432291658653847 0.4157407403846154 0.25729166586538466 0.4157407403846154
2 0.3165973114246222 0.8367097983881843 0.2796933305861888 0.8212233056280798 0.2354836339015543 0.9265740667459051 0.2723876147399878 0.9420605595060096
2 0.5998360777815402 0.30523437689495236 0.5503310978034629 0.26416357558804154 0.5266405859475011 0.2927191011142127 0.5761455659255785 0.33378990242112344
2 0.2062356304615638 0.16341315655674865 0.1861530213259117 0.1455619381374111 0.18385416586538467 0.14814814903846157 0.20393677500103677 0.1659993674577991
2 0.22435114777722037 0.7714211061650259 0.18406416705641387 0.7504764543687483 0.1321445348158789 0.8503437256631577 0.17243151553668537 0.8712883774594353
2 0.05802083373673739 0.13916666541777192 0.028135776972811687 0.10554597655835544 0.006842672944297105 0.12447318013925728 0.0367277297082228 0.15809386899867375