3 1.0059625297919539 0.4190295449164114 0.8738161332079076 0.34469722256831403 0.8201177624269402 0.4401610258907525 0.9522641590109865 0.51449334823885
1 0.054166665865384614 3.316751698626373e-18 0 0 4.592425496802574e-18 0.075 0.05416666586538462 0.075
2 0.32937444481263606 0.5736729753704156 0.2953213927038382 0.5524473408669978 0.25360027812307806 0.6193820319654891 0.28765333023187584 0.6406076664689071
1 0.2420176845165741 0.24166984595595137 0.11556152972464553 0.11647825212100268 0.06996082352817524 0.1625395712939544 0.1964169783201038 0.28773116512890307
2 0.6543285782873364 0.1803562302835566 0.6380891692680684 0.1508442308468544 0.5971985224944976 0.17334490686654158 0.6134379315137655 0.20285690630324382
2 0.8306442740752064 0.5490069875375391 0.76268365189417 0.4953097316302516 0.7343579871383177 0.5311594183223033 0.802318609319354 0.5848566742295908
0 0.18023501627751243 0.30944901109139705 0.17532245049024417 0.27451520237969357 0.16242643302508247 0.2763287044433876 0.16733899881235073 0.31126251315509107
2 0.20314552007438047 0.7963466999816581 0.15944662084279745 0.7742964296738848 0.10216084653508926 0.8878245290547466 0.1458597457666723 0.9098747993625198
2 0.53488643964641 0.4103513362985075 0.5042608871701993 0.38603104407598976 0.45859609846551436 0.4435348507734909 0.48922165094172504 0.4678551429960086
2 0.273500757083872 0.2419660586549362 0.2297572037510811 0.20567511469278518 0.20615769613442453 0.23412095289235 0.24990124946721542 0.270411896854501
0 0.48436844124198114 0.03228379579678585 0.47653264387772754 0.007518806447353801 0.4621224271373823 0.012078289060452906 0.4699582245016358 0.03684327840988495
2 0.29754346074870736 0.22210764677331177 0.25851428652690733 0.18245895517792463 0.2358980407445597 0.2047218183737682 0.2749272149663597 0.24437050996915535
0 0.6642328821451808 0.8757944313240775 0.6462734434443983 0.8310953873908052 0.6257092320354124 0.8393577944074061 0.6436686707361948 0.8840568383406784
2 0.9532657421168759 0.6453380603974862 0.8821086804453933 0.5861680311141149 0.849040920000077 0.6259348640503707 0.9201979816715595 0.685104893333742