2 0.9210398843778412 0.6208072660878894 0.8516831962398019 0.5673769329064686 0.8209748882876333 0.6072386820491079 0.8903315764256726 0.6606690152305288
3 0.3302439121909675 0.15321741154618085 0.24259377438505667 0.08396298500438383 0.20005522603380538 0.1378008378497946 0.28770536383971623 0.2070552643915916
2 0.8198169665044942 0.5485505767639536 0.7528407674723484 0.49251820478732944 0.7244270607305172 0.5264814658603362 0.791403259762663 0.5825138378369604
2 0.20892641910733706 0.11439080113705771 0.18125300720099596 0.07977056811860098 0.1578038071096697 0.09851450241435024 0.18547721901601083 0.133134735432807
2 1.0248346363530372 0.7125585297237595 0.9425057290001955 0.6418166489101041 0.9107040696896473 0.678827198148136 0.993032977042489 0.7495690789617913
3 0.8820267319040056 0.1500809103199979 0.8597482988146864 0.08960222741907699 0.7636077828544285 0.12501735138105446 0.7858862159437479 0.1854960342819754
2 0.308724187216437 0.8233501307943546 0.2708001468338392 0.8078357511124905 0.22705752289993766 0.9147621684444889 0.2649815632825355 0.930276548126353
2 0.2160178134673586 0.7593840695071583 0.17573083244039087 0.7384394183125551 0.1230532977742947 0.8397645165403678 0.16334027880126245 0.860709167734971
2 0.646765550501964 0.1418363747965224 0.6438352926378036 0.10996980689384704 0.6003973744023838 0.11396409651740595 0.6033276322665441 0.14583066442008133
3 0.24635416586538475 0.9444444447115384 0.18030181730769243 0.9444444447115384 0.18030181730769243 1 0.24635416586538475 1
2 0.5827590598152551 0.541687530522633 0.523145803622358 0.48233923230903275 0.494053502111667 0.5115614151752703 0.5536667583045641 0.5709097133888705
3 0.6109670872279518 0.1778648726778627 0.5097336234561751 0.11454188315368928 0.4675797565426436 0.1819326047715028 0.5688132203144203 0.24525559429567614
2 0.27846224481019416 0.07056277263889014 0.24365878828900983 0.04508573998199743 0.22535712166587601 0.07008713112364284 0.26016057818706034 0.09556416378053556
2 0.7680692844023185 0.12272076721068897 0.7654046201324248 0.09124440538970333 0.7300289811842463 0.09423916703547344 0.73269364545414 0.1257155288564591
2 0.5060028692924702 0.2392184859091868 0.4685720133512457 0.21362474030153808 0.44842832080884915 0.2430848929981185 0.4858591767500736 0.26867863860576724
2 0.7860408856845361 0.3443716199815926 0.7311511665138147 0.3100655435206959 0.7110753494160279 0.3421868490240032 0.7659650685867494 0.3764929254848999
2 0.7590375952513916 0.3832311312253852 0.7138308600333065 0.34952862336275276 0.6907016215166008 0.38055294255236277 0.7359083567346858 0.4142554504149952
2 0.9221824326584506 0.5453508089275179 0.8584509817889939 0.49342147904336986 0.8314913094035686 0.5265083499874309 0.8952227602730253 0.5784376798715789