2 0.9245407536725335 0.6134116415038184 0.8562144011483425 0.560775043030391 0.825118133854911 0.6011403892514255 0.8934444863791021 0.653776987724853
3 0.3302439121909674 0.14951370721925772 0.2425937743850565 0.08025928067746078 0.20005522486447638 0.13409713500280354 0.28770536267038727 0.20335156154460046
2 0.8240854909316224 0.5432536483623998 0.7567579406901905 0.4873967032136856 0.7283657218391629 0.5216194580755721 0.7956932720805947 0.5774764032242863
2 0.2078847518792502 0.11161302407069727 0.1802113423041073 0.07699278923813904 0.15676213997557567 0.09573672276101569 0.18443554955071859 0.13035695759357394
2 1.0257906945938493 0.7042442276993304 0.9466723953986219 0.6362610952130558 0.9148707369890109 0.6732716452265317 0.9939890361842382 0.7412547777128062
2 0.3102866883851366 0.8205723528348913 0.27236264786866016 0.8050579724879903 0.2286200225312393 0.9119843890447918 0.2665440630477158 0.9274987693916928
2 0.22174698140036186 0.7464211071488444 0.1814599987871831 0.7254764543687482 0.12878246177633454 0.826801553425912 0.1690694443895133 0.8477462062060082
2 0.6452030519169495 0.13628081631968053 0.6423368411700916 0.10511078808965589 0.598898922396025 0.10910508121934401 0.6017651331428829 0.14027510944936863
3 0.24843750000000012 0.9425925937499999 0.18155715865384628 0.9425925937499999 0.18155715865384628 1 0.24843750000000012 1
2 0.7052757362839367 0.12880446592194567 0.6982659323246606 0.0972603481052036 0.6614828429864252 0.10543436795814479 0.6684926469457013 0.13697848577488686
2 0.3106132083648537 0.02823419257298027 0.2748771636336546 0.008380829807435656 0.262396816048968 0.0308454502757274 0.29813286078016704 0.05069881304127201
2 0.171875 1.8939199252708794e-17 0.1369791658653846 1.6802445673882108e-17 0.1369791658653846 0.02500000000000002 0.171875 0.02500000000000002
2 0.7464721212162911 0.2708596689035472 0.7331783349367207 0.21571506979992602 0.7088482424190021 0.2215803595173281 0.7221420286985727 0.27672495862094926
2 0.44453578707992913 0.14471130100162458 0.40177446387385657 0.12299126135618249 0.3845770531586561 0.15684865986487184 0.4273383763647287 0.17856869951031393
2 0.5556403348232645 0.22242319503788452 0.5129437996879382 0.19624907148688434 0.4932826060110382 0.22832139073732735 0.5359791411463645 0.2544955142883275
2 1.005841346380967 0.4959205837049101 0.9520793256435353 0.45410568127162065 0.9266145835684403 0.4868460659633879 0.9803766043058716 0.5286609683966774
2 1 0.5953703701923078 0.9697916658653847 0.5953703701923078 0.9697916658653847 0.6470824591346154 1 0.6470824591346154