0 0.5308695028188847 0.07371912064193341 0.5276357596178076 0.039225914555244885 0.5093072673476801 0.04094421343171241 0.5125410105487572 0.07543741951840094
2 0.8559715002228907 0.4436842168473592 0.7889389371286922 0.39784998390898363 0.7630209374664527 0.43575505695712147 0.8300535005606512 0.48158928989549693
2 0.007812500000000007 0.056045752403846155 6.8636251287175275e-18 0.056045752403846155 8.392766076739756e-18 0.08101851923076923 0.00781250000000001 0.08101851923076923
0 0.21484800949094812 0.35233752697589 0.20829795577458537 0.3174039143531487 0.1935390446258315 0.3201712107637246 0.20008909834219418 0.35510482338646593
3 0.934988527902775 0.4316922498704417 0.8575699445146976 0.37939169785564225 0.8202291429870898 0.43466591285866396 0.8976477263751671 0.4869664648734634
2 0.9860764131147298 0.5524691596297522 0.9247332047521254 0.5028988814063743 0.8967925394007383 0.5374754486129631 0.9581357477633428 0.587045726836341
2 0.3061458341923077 0.23412036960817315 0.2700069447034188 0.18593518593958333 0.2462291668512821 0.20376852018605765 0.2823680563401709 0.25195370385464744
2 0.2508396490158549 0.18736863275999383 0.21775526872884907 0.14642671945565575 0.19375578674310479 0.1658202437105024 0.22684016703011062 0.20676215701484052
3 0.2894317170749698 0.27045280859963144 0.24771719585119054 0.1850574253003669 0.21113412590893746 0.20292777365619258 0.2528486471327167 0.2883231569554571
3 0.257386762954361 0.3024550620950309 0.2137923074807893 0.18918400116662196 0.1625550101438063 0.208903619390689 0.20614946561737793 0.32217468031909796
3 0.1834414935542879 0.18991465436520544 0.09129614711834762 0.10485741401774694 0.04954073384055165 0.15009244640700709 0.14168608027649196 0.2351496867544656
2 0.8209073700253053 0.5638885388651647 0.7607279228280144 0.5062808551546543 0.7297389616556718 0.5386532477323764 0.7899184088529627 0.5962609314428868
2 0.9141162658041542 0.6452501278068176 0.8482536751352663 0.5730070967566087 0.8125525423353047 0.6055551371950736 0.8784151330041927 0.6777981682452824
2 0.8623475867985596 0.5118599478888808 0.7961294334576645 0.4560973076826981 0.7646269432823624 0.4935065249890357 0.8308450966232575 0.5492691651952183
2 1.0247268961786065 0.7261094318273938 0.9398896522487266 0.6632670264993552 0.9097006956068548 0.704022116398378 0.9945379395367347 0.7668645217264166
3 0.08847347016692104 0.12903125033621016 0.042144939867789145 0.08196734880295432 0.017677075363595966 0.10605290408222888 0.06400560566272787 0.15311680561548474
1 0.20562804068508142 0.14758938162735902 0.07698220969038051 0.02571438106741193 0.03618233002280897 0.06878091973574883 0.16482816101750986 0.19065592029569595