3 0.9545579656669254 0.48580406803289694 0.8894779792290208 0.3315403955493173 0.8012707250752167 0.36875283067182096 0.8663507115131213 0.5230165031554006
1 0.22808929448694487 0.17177399907962293 0.10176028660304731 0.06849773076155195 0.06353169690315154 0.11525948821307862 0.1898607047870491 0.21853575653114957
1 0.24136530748871768 0.24853672430068158 0.1145198622919486 0.1229597362232934 0.06891915638984386 0.16902105629472888 0.19576460158661296 0.294598044372117
2 1.0289840890349962 0.7222440260302304 0.9493451551711399 0.6548248219054329 0.9162515438267516 0.6939166498109264 0.9958904776906077 0.7613358539357239
2 0.5555049987794707 0.5845488902559878 0.5308513901068068 0.5000222226610668 0.5010913903324807 0.5087022216413991 0.5257449990051446 0.59322888923632
2 0.8288671685896496 0.5529183462330999 0.7588108288421055 0.5012778999045426 0.7312628660336326 0.5386499518342304 0.8013192057811765 0.5902903981627877
0 0.1812766853734661 0.3196341950537064 0.17636411517145437 0.2847003871948664 0.1634680961643295 0.28651389114940157 0.1683806663663413 0.32144769900824155
2 0.43943166277650764 0.18564499633174142 0.4186841127185831 0.13997843484035627 0.3954874310972381 0.15051731268443008 0.4162349811551626 0.19618387417581518
3 0.34138875243024586 0.15169504410313733 0.25891937925629704 0.08402786936748582 0.21578469361019492 0.13659827002609576 0.2982540667841438 0.20426544476174732
2 0.2724590909759073 0.24937346470368452 0.22871553906695527 0.21308252192279242 0.20511602928903272 0.24152836272745504 0.24885958119798476 0.2778193055083471
2 0.7298330640652615 0.7621849082399984 0.6661207116142334 0.6974612517189219 0.6319318290156635 0.7311159346449028 0.6956441814666916 0.7958395911659792
2 0.30002223513089843 0.2271793184613204 0.2579333467366217 0.19154851210104107 0.23675517418749453 0.21656522746251636 0.27884406258177125 0.25219603382279565
3 0.1038357074669926 0.1655002341755777 0.06328154329389711 0.09821036292523816 0.028868790372760893 0.11895019205078264 0.06942295454585638 0.18624006330112217
2 0.9298740368172367 0.6337967315643898 0.8609194384966818 0.5765899546807072 0.8283108603028045 0.6158949379999926 0.8972654586233594 0.6731017148836751
2 0.10021719003718237 0.10826460546683235 0.07349296976952185 0.07444176988191722 0.05281158222326658 0.09078262205084289 0.0795358024909271 0.12460545763575802
3 1 0.45370370432692325 0.9614583341346153 0.45370370432692325 0.9614583341346153 0.5578431370192309 1 0.5578431370192309
2 0.15791334418157926 0.06487175958879267 0.13441733490590638 0.031057397798357683 0.11257815925785193 0.046232413573603984 0.13607416853352486 0.08004677536403897
2 0.0635681212248745 0.03536113398711084 0.03558681605877033 -0.010830232852118118 0.00677608458227627 0.0066224195517032396 0.03475738974838044 0.0528137863909322