0 0.6536185016001871 0.08265027739813376 0.6354114349027827 0.0806019887759025 0.631940080172382 0.11145857139847673 0.6501471468697864 0.11350686002070799
2 0.8891159480754479 0.4558709450528421 0.8195823911605076 0.41023953610471714 0.7929300590837165 0.4508526026765656 0.8624636159986567 0.4964840116246905
2 0.003125000000000007 0.05 6.123233995736766e-18 0.05 6.989882239495248e-18 0.06415343990384616 0.0031250000000000075 0.06415343990384616
0 0.19485717862767446 0.3274990700701554 0.18806287500566407 0.28781171911438963 0.17719480291828318 0.2896722862666257 0.1839891065402936 0.3293596372223914
3 1.0000061283433048 0.47041381559486417 0.9496806227179567 0.4700643323792447 0.9491536602400367 0.5459468124574575 0.9994791658653848 0.5462962956730769
2 0.9886805789801142 0.5441358254951365 0.9273373720717463 0.4945655484469006 0.8993967055452187 0.5291421171077265 0.9607399124535866 0.5787123941559624
2 0.30281654647077483 0.21746051316357937 0.2618300024856193 0.1746442133386511 0.23694958320222656 0.19846136716786097 0.27793612718738214 0.24127766699278924
2 0.24980603387218359 0.1697349916331006 0.21109554550294987 0.1353256702925204 0.19500359170329137 0.1534291191874943 0.2337140800725251 0.1878384405280745
3 0.25602234577212973 0.23518019556887465 0.21434214466250062 0.14950422161166382 0.18103649908857486 0.16570696715968122 0.22271670019820397 0.2513829411168921
3 0.23955637889967074 0.27622920828863906 0.1947896985653578 0.1648099212105902 0.1444362100768193 0.1850412346752409 0.18920289041113222 0.29646052175328974
3 0.17979565928795885 0.17880354589449704 0.0876503161175075 0.0937463010118765 0.045894901459041924 0.13898133088191839 0.1380402446294933 0.22403857576453892
2 0.8229907026591613 0.553703349045138 0.7628112521649919 0.49609567240485614 0.7318222946811399 0.5284680668760016 0.7920017451753094 0.5860757435162832
2 0.9161995998228293 0.636916796181749 0.8503370068660356 0.5646737626219933 0.8146358753788175 0.597221801863655 0.8804984683356113 0.6694648354234106
2 0.887868418379634 0.5192673700989999 0.8216502763261684 0.46350470976705627 0.7901477835317953 0.5009139103051642 0.8563659255852609 0.5566765706371078
2 1.0225051777555105 0.703638614582779 0.9353927129842499 0.6607629532974524 0.9102826271270421 0.7117802765075308 0.9973950918983027 0.7546559377928573
3 0.08534846919473547 0.1188460697319565 0.03901994326786086 0.07178216245826506 0.014552075756749371 0.09586771548665797 0.060880601683623976 0.1429316227603494
1 0.19772628268080836 0.1305883250963073 0.06445298627164094 0.009490617335016561 0.025188872699129585 0.05270248272149929 0.158462169108297 0.17380019048279