2 0.7092499808861941 0.34311727204414166 0.656183107360133 0.3038084753277751 0.6311978703931617 0.3375385439358759 0.6842647439192228 0.37684734065224246
2 0.3485589916167327 0.39621553669792736 0.3073794565630394 0.3511644191762875 0.28067111363956193 0.37557751266092976 0.3218506486932552 0.42062863018256963
3 0.3279246775527231 0.04674144992461322 0.27843215472487737 0.013746441051244639 0.25022703008521774 0.05605413614682931 0.29971955291306346 0.08904914502019788
2 0.3300088572281185 0.8358023680852443 0.292531646140603 0.818497125267993 0.24819669990854706 0.9145113884620378 0.2856739109960626 0.9318166312792889
2 0.26436671193374667 0.932169619270947 0.19996966919736076 0.9281448075829357 0.19547872355769244 1.0000000000000002 0.2598757662940784 1.0040248116880115
0 0.7203259770814108 0.998893491122293 0.7077674467701676 0.9514501737117389 0.6858646589326493 0.9572479728533523 0.6984231892438924 1.0046912902639062
2 0.13749305592820493 0.1925833313831731 0.1083055543858975 0.1536666682730771 0.08341666761153868 0.17233333604615383 0.11260416915384612 0.2112499991562498
2 0.7116711305132862 0.6151967137395564 0.6548089084516986 0.5626307559675998 0.62658124886913 0.5931654882448307 0.6834434709307177 0.6457314460167873
2 0.7216382708695707 0.1866490969162016 0.7138071185683672 0.15287725325260126 0.6701612786351432 0.16299802792026977 0.6779924309363469 0.19676987158387013
3 0.9185256931483733 0.9655867660039358 0.734375 0.7916666658653847 0.6719136260692861 0.857802237861822 0.8560643192176596 1.031722338000373
2 0.8250740365364009 0.5703700112301463 0.7648945824885666 0.5127623418708073 0.7339056300586482 0.545134737065519 0.7940850841064825 0.602742406424858
2 0.9182829322900894 0.653583459985673 0.8524203395852913 0.5813404313911755 0.8167192093376254 0.6138884716152542 0.8825818020424235 0.6861315002097517
2 1.0268489812958477 0.7330825809716104 0.945097984831168 0.6725262849649819 0.9149090273376236 0.7132813760137634 0.9966600238023033 0.7738376720203919
3 0.5320109386221095 0.5630587624050016 0.4619791658653846 0.4879629639423077 0.4254720537963712 0.5220082478164986 0.49550382655309605 0.5971040462791924