3 0.9555996315323099 0.4867299935136663 0.8905196454575979 0.3324663218909873 0.802312391303794 0.36967875701349107 0.8673923773785059 0.52394242863617
1 0.22756846033655737 0.17084807481859804 0.10123945378366471 0.06757180410938 0.06301086264685662 0.11433356174320433 0.1893398691997493 0.21760983245242238
1 0.24136530748871768 0.24853672430068158 0.1145198622919486 0.1229597362232934 0.06891915638984386 0.16902105629472888 0.19576460158661296 0.294598044372117
2 1.0289840890349962 0.7231699515109997 0.9493451551711399 0.6557507473862021 0.9162515438267514 0.6948425752916955 0.9958904776906077 0.7622617794164932
2 0.5459444907380983 0.5598908242805978 0.5212437903966666 0.47833927648128916 0.4932802923344521 0.48680898680282425 0.5179809926758837 0.5683605346021329
2 0.8288671685896496 0.5529183462330999 0.7588108288421055 0.5012778999045426 0.7312628660336326 0.5386499518342304 0.8013192057811765 0.5902903981627877
0 0.1812766853734661 0.3196341950537064 0.17636411517145437 0.2847003871948664 0.1634680961643295 0.28651389114940157 0.1683806663663413 0.32144769900824155
2 0.443963992865278 0.20261269851484873 0.4307018221852497 0.15545835332118077 0.40705175064090887 0.1621099415073326 0.4203139213209371 0.20926428670100056
3 0.34086791926283616 0.1507691174435862 0.2583985460888873 0.08310194270793468 0.21526386162156713 0.1356723419299041 0.297733234795516 0.20333951666555564
2 0.27297992511052266 0.2484475392229154 0.22923637320157073 0.21215659644202317 0.20563686342364812 0.24060243724668576 0.24938041533260005 0.2768933800275779
2 0.7006002666466015 0.7326203743169053 0.6394587595422379 0.670508370085928 0.605931172183172 0.7035120904792257 0.6670726792875357 0.765624094710203
2 0.30054306926551383 0.22717931846132033 0.2584541808712371 0.19154851210104104 0.23727600832210988 0.21656522746251636 0.2793648967163866 0.25219603382279565
3 0.1038357074669926 0.1655002341755777 0.06328154329389711 0.09821036292523816 0.028868790372760893 0.11895019205078264 0.06942295454585638 0.18624006330112217
2 0.9303948699718447 0.6337967327456485 0.8614402716512899 0.5765899558619659 0.8288316944374198 0.6158949379999925 0.8977862927579745 0.673101714883675
2 0.0985072705415537 0.10604097431762048 0.07143091657159609 0.07165830884395717 0.050728182377725965 0.08796171497774138 0.07780453634768357 0.12234438045140468
3 1 0.45370370432692325 0.9614583341346153 0.45370370432692325 0.9614583341346153 0.5578431370192309 1 0.5578431370192309
2 0.15125411734240413 0.05953394157986672 0.1264665281684614 0.027485343484340098 0.10597642694493335 0.043333157162411956 0.13076401611887611 0.07538175525793857
2 0.04926624606650058 0.035901470590238675 0.04125524571717732 -0.006823895417715475 0.004861110576923077 1.3344026738283132e-19 0.012872110926246341 0.04272536600795415