2 0.11078335290080152 0.16004417756816974 0.08494884260259995 0.1177904045616447 0.05903738943844662 0.13363300644023465 0.08487189973664819 0.17588677944675968
3 0.7677419814023465 0.3526111217830316 0.6906930053976594 0.30106103215143637 0.6559381140305585 0.35300718413926935 0.7329870900352456 0.4045572737708646
2 0.32892552681650256 0.8245556210938211 0.29124896512096676 0.8073185937496802 0.24648889588077544 0.9051548085769283 0.2841654575763112 0.9223918359210692
2 0.273566376914843 0.9482054429494723 0.2220500728501036 0.9253092846932931 0.18885416586538467 0.9999999999999999 0.240370469930124 1.022896158256179
0 0.46189092019527717 0.6311221839449288 0.44778164143594484 0.5884808156638939 0.43063335469994735 0.5941548821293163 0.4447426334592797 0.6367962504103513
3 0.42978236456219876 0.06758623112784974 0.3836042622738684 0.03601146285465484 0.35589423952059607 0.07653737436859215 0.4020723418089264 0.10811214264178705
2 0.08867242363308114 0.07742225443373818 0.05877025647769319 0.04470877028528269 0.038056215785574575 0.06364269687128599 0.06795838294096253 0.09635618101974147
2 0.783473988108656 0.1629272410979013 0.7748586039832076 0.1290041644730308 0.7333030073702905 0.13955796628002803 0.741918391495739 0.17348104290489852
2 0.4780587434639952 0.16106063123501507 0.44466214299457313 0.13561560073309314 0.4241934670198271 0.16248073628932752 0.45759006748924913 0.18792576679124948
2 0.7960940052652185 0.6703251000303244 0.7298438489474651 0.6048828741363907 0.6975415563694178 0.6375839612935715 0.7637917126871712 0.7030261871875052
3 0.965862045710929 0.9815374076766307 0.8505208341346153 0.8592592596153847 0.7806688809119892 0.9251484560369256 0.8960100924883029 1.0474266040981717
3 0.43017804527254955 0.42311737709377806 0.3229069132623162 0.3141435337544462 0.27304537115769256 0.36322599153914276 0.3803165031679259 0.4721998348784746
2 0.8271573688648439 0.5611107610625081 0.7669779226651497 0.5035030787634885 0.7359889616574714 0.5358754714257384 0.7961684078571655 0.5934831537247579
2 0.9203662664247048 0.6443242003702884 0.8545036737199067 0.5720811717757909 0.8188025434722407 0.6046292119998697 0.8846651361770388 0.6768722405943671
2 0.1984375 2.1791241207416842e-17 0.15744047596153846 1.928089749425339e-17 0.15744047596153846 0.02962962980769233 0.1984375 0.029629629807692334
2 1.0270611899480977 0.7226687843982457 0.9456188189657839 0.6623410998688277 0.9154298614722395 0.7030961909176087 0.9968722324545533 0.7634238754470265
3 0.20811302060629255 0.23715411583654447 0.16310954696342764 0.18000682040095842 0.1344986148852042 0.20253791864219445 0.17950208852806915 0.2596852140777805
1 0.5164366570829332 0.4237296690558755 0.3409986804688173 0.2511949125311994 0.28546070672203483 0.3076674165972998 0.46089868333615064 0.48020217312197594