2 0.9241500168310145 0.6140970240542759 0.8563382179058814 0.5615975694273467 0.8252025282172011 0.6018145039377696 0.8930143271423342 0.6543139585646988
3 0.3302439121909674 0.14951370721925772 0.2425937743850565 0.08025928067746078 0.20005522486447638 0.13409713500280354 0.28770536267038727 0.20335156154460046
2 0.8240854909316224 0.5432536483623998 0.7567579406901905 0.4873967032136856 0.7283657218391629 0.5216194580755721 0.7956932720805947 0.5774764032242863
2 0.20840558601386555 0.11161302407069724 0.18073217643872266 0.07699278923813904 0.15728297411019107 0.09573672276101573 0.18495638368533396 0.13035695759357388
2 1.0257906945938493 0.7042442276993304 0.9466723953986219 0.6362610952130558 0.9148707369890109 0.6732716452265317 0.9939890361842382 0.7412547777128062
2 0.31132835630974515 0.8205723536773011 0.27340431373404467 0.8050579724879902 0.22966168839662385 0.9119843890447916 0.2675857309723243 0.9274987702341027
2 0.22174698159012568 0.7482729611641228 0.18145999930847065 0.7273283077325094 0.1287824618077667 0.8286534037462184 0.16906944408942173 0.8495980571778318
2 0.6452030519169495 0.13628081631968053 0.6423368411700916 0.10511078808965589 0.598898922396025 0.10910508121934401 0.6017651331428829 0.14027510944936863
3 0.24843750000000012 0.9425925937499999 0.18155715865384628 0.9425925937499999 0.18155715865384628 1 0.24843750000000012 1
2 0.7057965679856933 0.12973039120711338 0.6987867632088766 0.09818627335114456 0.6620036766626295 0.10636029352680008 0.6690134814394462 0.1379044113827689
2 0.33221417208362003 0.04125495907980153 0.2948607434954855 0.021333143142159984 0.2818272997602404 0.04577086565429678 0.31918072834837485 0.06569268159193832
2 0.20262212679388053 0.02779374057347942 0.17531249656167183 0.003518518952254959 0.15623204013251174 0.024984037079040518 0.18354167036472047 0.04925925870026498
2 0.7514271129131245 0.2856598305998627 0.7342412095000175 0.22837347266957836 0.7080243378969517 0.23623853233548406 0.7252102413100586 0.29352489026576845
2 0.4788081629399864 0.16923199382797 0.43582909530025754 0.1437629289528794 0.4163367149507372 0.1766563366068333 0.45931578259046607 0.20212540148192387
2 0.5947357549260229 0.24679699735411836 0.5488229370800132 0.22347619906584734 0.5307709961545367 0.25901595483377804 0.5766838140005466 0.28233675312204903
2 1 0.4787037043269232 0.95625 0.4787037043269232 0.95625 0.5398148149038463 1 0.5398148149038463