2 0.9238984251508663 0.6156926447795877 0.8562945848095441 0.5614157209219374 0.8252070460688591 0.6001363568065685 0.8928108864101814 0.6544132806642189
3 0.33076474632558284 0.14951370721925772 0.24311460851967193 0.08025928067746078 0.2005760589990918 0.13409713500280354 0.2882261968050027 0.20335156154460046
2 0.8240854909316224 0.5432536483623998 0.7567579406901905 0.4873967032136856 0.7283657218391629 0.5216194580755721 0.7956932720805947 0.5774764032242863
2 0.20840558601386555 0.11068709858992803 0.18073217643872266 0.07606686375736985 0.1572829741101911 0.0948107972802465 0.18495638368533399 0.12943103211280468
2 1.0257906945938493 0.7042442276993304 0.9466723953986219 0.6362610952130558 0.9148707369890109 0.6732716452265317 0.9939890361842382 0.7412547777128062
2 0.31132835630974515 0.8205723536773011 0.27340431373404467 0.8050579724879902 0.22966168839662385 0.9119843890447916 0.2675857309723243 0.9274987702341027
2 0.22122614796698414 0.7491988856610734 0.18093916757770145 0.7282542332132789 0.12826162956552373 0.8295793302108064 0.16854860995480642 0.8505239826586012
2 0.6457238844863104 0.13720674506282446 0.6428576761791711 0.1060367139103018 0.5994197580134375 0.11003100320960482 0.6022859663205767 0.1412010343621275
3 0.24843750000000012 0.9416666658653846 0.1811431634615386 0.9416666658653846 0.1811431634615386 1 0.24843750000000012 1
2 0.7093933820701355 0.12950980345022625 0.7023835781108596 0.09796568563348419 0.6651041672794118 0.10624999915158372 0.6721139712386878 0.13779411696832577
2 0.4186061610100274 0.09847714505947097 0.38201689980790793 0.07345884880011437 0.3663200845771316 0.09641544290893524 0.40290934577925114 0.12143373916829184
2 0.31612780472647806 0.10806932319964692 0.2859042244568253 0.07941289601413619 0.26525449267937984 0.10119191340113215 0.2954780729490326 0.12984834058664288
2 0.8013568909891384 0.33470346015080676 0.7539373055173424 0.28931036305084357 0.7289967148915019 0.3153643788474454 0.7764163003632978 0.3607574759474085
2 0.6286101078127617 0.2705416821222289 0.5799638983900758 0.2392691214993397 0.5577053252780517 0.27389357141615167 0.6063515347007375 0.30516613203904086
2 0.7932832977288565 0.3884316738619268 0.7398666242789188 0.35088816856818433 0.7161517830519295 0.38462950198465545 0.7695684565018671 0.4221730072783979