2 0.14719818493830159 0.19054479597404766 0.11749159724937389 0.15181620791813039 0.09197450127757996 0.1713889805675857 0.12168108896650766 0.210117568623503
3 0.6662971600428933 0.2799197559971063 0.6006083435984156 0.23630308604257808 0.5674193261510699 0.28628735300619845 0.6331081425955474 0.32990402296072663
2 0.32892552681650256 0.8245556210938211 0.29124896512096676 0.8073185937496802 0.24648889588077544 0.9051548085769283 0.2841654575763112 0.9223918359210692
2 0.28224870025435583 0.9469504110347773 0.2346617828978951 0.9157823775454141 0.1823718933655138 0.9956178491225699 0.2299588107219745 1.026785882611933
0 0.5167206275469224 0.703815801844795 0.5060478159697254 0.6587528079993324 0.4869959027298405 0.6632651020757473 0.4976687143070375 0.7083280959212098
3 0.33072916586538464 3.8072482944113706e-17 0.2848958341346154 3.526600079419644e-17 0.2848958341346154 0.046296295673076956 0.33072916586538464 0.046296295673076956
2 0.176244213378906 0.1521122655582265 0.14244791530198325 0.11831597235576935 0.12054397949218784 0.14021991132478645 0.15434027756911056 0.1740162045272436
2 0.7447309283507241 0.17309861552471031 0.73633768465945 0.13926334905700286 0.6948951469120485 0.1495436676361616 0.7032883906033225 0.18337893410386905
2 0.3843515643246159 0.10394662979962721 0.35887848682231227 0.07198040662297434 0.33270424250664704 0.0928380021647628 0.35817732000895075 0.12480422534141568
2 1 0.8425925937500001 0.953125 0.8425925937500001 0.953125 0.9337690624999999 1 0.9337690624999999
3 0.5012576220563965 0.5088301799478832 0.39093277826899503 0.3840182085754327 0.33813647505594635 0.43068635939848393 0.4484613188433478 0.5554983307709345
2 0.8271573688648439 0.5611107610625081 0.7669779226651497 0.5035030787634885 0.7359889616574714 0.5358754714257384 0.7961684078571655 0.5934831537247579
2 0.9203662664247048 0.6443242003702884 0.8545036737199067 0.5720811717757909 0.8188025434722407 0.6046292119998697 0.8846651361770388 0.6768722405943671
2 1.0270611899480977 0.7226687843982457 0.9456188189657839 0.6623410998688277 0.9154298614722395 0.7030961909176087 0.9968722324545533 0.7634238754470265
3 0.2573291708136383 0.2777625261484121 0.20540612751110285 0.22346392651260444 0.17632303317990095 0.2512746394307859 0.22824607648243644 0.3055732390665936
1 0.616413169378213 0.5236542935698643 0.4310952363967745 0.32091330885973274 0.36877576960409103 0.37787719698051664 0.5540937025855295 0.5806181816906482