0 0.8473958341346154 0.06574074038461548 0.8291666658653847 0.06574074038461548 0.8291666658653847 0.09814814903846164 0.8473958341346154 0.09814814903846164
2 0.8896367770801006 0.44568574417219237 0.8193144372275047 0.39953672671051454 0.7927989886425828 0.43994123561000087 0.8631213284951789 0.4860902530716787
0 0.19121134410262697 0.31638795759921395 0.18441704157205002 0.27670060853904505 0.17354896932789432 0.27856117550810644 0.1803432718584713 0.31824852456827535
2 0.40960961037800847 0.08265765405700015 0.37511657850130564 0.045865095212437944 0.352570959614891 0.0670016177961079 0.3870639914915939 0.1037941766406701
2 0.9876061352458042 0.5314789987051822 0.9251764697725294 0.4823156027035965 0.897626144503898 0.5173001182188611 0.9600558099771728 0.5664635142204468
2 0.30004400206165605 0.20436444761005004 0.25804348189848675 0.16288245079170507 0.23386839119078512 0.18735972919181904 0.2758689113539544 0.228841726010164
2 0.24645206924611085 0.16094601603828365 0.2081918397259534 0.12207848328975207 0.19106433511002868 0.1389383715145222 0.22932456463018613 0.17780590426305382
3 0.2593798440255824 0.21611802287385784 0.20575852995888455 0.13985656212592698 0.17447824257039432 0.16185050372768564 0.22809955663709214 0.2381119644756165
3 0.23685681902465136 0.2652977395701038 0.19208997106447565 0.15160415799562632 0.14131607363037374 0.1715963802064204 0.18608292159054948 0.2852899617808979
3 0.17740040130386595 0.16556303137037995 0.08325433151068297 0.08345661001956262 0.04129103714205737 0.13157317843630534 0.13543710693524036 0.2136795997871227
2 0.818824036536401 0.5407403814224538 0.7586445824885664 0.48313271206311537 0.7276556300586481 0.5155051072578272 0.7878350841064827 0.5731127766171656
2 0.9130745992465766 0.6239538313747838 0.847212005450676 0.5517108015834832 0.8115108765157534 0.5842588406107587 0.8773734703116541 0.6565018704020594
2 0.8850929941212082 0.5127088435486407 0.8215605192650373 0.45326325556698177 0.7877658534159461 0.48938130622858067 0.851298328272117 0.5488268942102396
2 1.0230627806864427 0.6977305161073962 0.9334092910466689 0.6509778819187394 0.9074383155038408 0.7007801792046682 0.9970918051436145 0.747532813393325
3 0.0830739168844887 0.10634819736553412 0.03612207389171552 0.0601299595400728 0.011263046833644567 0.08538356483310405 0.05821488982641773 0.1316018026585654
1 0.18339265551109832 0.10665588953611363 0.04678531830900475 -0.0058543613461565485 0.006851246153357439 0.04263266288532987 0.14345858335545103 0.15514291376760006
2 0.3287204821470135 0.013756779428975617 0.2979077764020971 -0.008154464084412637 0.28050316723722 0.016320783086061767 0.3113158729821364 0.03823202659945002