2 1.0271339630203566 0.5838877354974918 0.9606578470477449 0.5313634098297934 0.9283285555890243 0.572280179364713 0.9948046715616361 0.6248045050324115
2 0.23767018104668972 0.2908385411377463 0.20596330719276595 0.2438653928808294 0.17819745576292467 0.2626073418751281 0.20990432961684846 0.30958049013204497
3 0.4858258641968515 0.1579365532002475 0.4313685337234825 0.1196462360839872 0.4006256631801276 0.16336942217816888 0.45508299365349664 0.20165973929442915
2 0.32892552590708896 0.8310371038508412 0.29124896512096676 0.8138000769227569 0.2464888958807754 0.9116362917500054 0.2841654566668975 0.9288733186780895
2 0.27728954841045106 0.9395876509284053 0.2242460357463729 0.9186321720081287 0.19210069471153862 1.0000000000000002 0.2451442073756168 1.0209554789202768
0 0.6292649840175221 0.8455112493189678 0.6072916658653844 0.8018518509615387 0.5893128186503527 0.8109004165562896 0.6112861368024902 0.8545598149137188
2 0.052307992181686455 0.10779318769127261 0.027689236509838643 0.07059151043381308 0.0025476099827094114 0.08722935061453052 0.02716636565455722 0.12443102787199004
2 0.39328304427811206 0.34449234582986854 0.34905532149165774 0.30517880003083975 0.3256070416663593 0.3315581051495891 0.3698347644528136 0.3708716509486179
2 0.7230309383197481 0.1813470004494581 0.7139602644574085 0.14854679225354334 0.6729317323905046 0.1598929529610166 0.6820024062528443 0.19269316115693133
3 0.6764209897662846 0.7069584231717765 0.5344241365475897 0.5520527596987364 0.4736274911456003 0.6077830160352827 0.6156243443642953 0.762688679508323
2 0.8250740377371787 0.5666663080526851 0.7648945824885668 0.5090586375438843 0.7339056288578707 0.5414310339929801 0.7940850841064826 0.5990387045017811
2 0.9188037658041541 0.650805683095279 0.8529411751352662 0.5785626520450703 0.8172400423353049 0.6111106924835351 0.8831026330041928 0.6833537235337439
2 1.0270611899480977 0.7282243396867071 0.9456188189657839 0.6678966551572892 0.9154298614722395 0.7086517462060701 0.9968722324545533 0.7689794307354879
3 0.37915266112476603 0.40159704353435405 0.31902405954087165 0.3382516851064428 0.28650650128714933 0.3691179609195991 0.34663510287104365 0.43246331934751037
1 0.885374307318519 0.7894596548030063 0.6326797318999383 0.5291553683418455 0.5613066817297075 0.5984419054722535 0.8140012571482882 0.8587461919334142