2 0.9238442870559918 0.6241109001383885 0.8536583549677222 0.5681772842109049 0.82199041686987 0.607914456854865 0.8921763489581396 0.6638480727823487
3 0.33185253237299395 0.15310457397914823 0.2430134585019898 0.08541766380779964 0.20156598579394042 0.1398174743524899 0.29040505966494456 0.2075043845238385
2 0.8226364949058582 0.5520657765328822 0.7553520141995562 0.492257342337419 0.7254669537422255 0.5258780314726058 0.7927514344485274 0.585686465668069
2 0.21048891910733702 0.11439080113705766 0.1828155072009959 0.07977056811860102 0.15936630710966973 0.09851450241435031 0.18703971901601082 0.13313473543280696
2 1.024861110939965 0.7143816105188882 0.944546565678632 0.6455405784631417 0.9127900326864223 0.6825898705812565 0.9931045779477553 0.751430902637003
3 0.3810957951524522 0.08150171558819037 0.34395110637605664 -0.012175851292286847 0.2842982740028719 0.011477473264696468 0.3214429627792675 0.10515504014517368
3 0.7619671088928831 0.3125529334745 0.7196766354828138 0.17346426392444375 0.6747969895200913 0.1871101020820716 0.7170874629301606 0.32619877163212796
1 0.9273994951923075 0.9999999999999999 0.7885416658653845 0.8305555552884615 0.7150671743508555 0.8907670801925421 0.8539250036777785 1.0602115249040804
2 0.6042056912913893 0.5709611505612116 0.5552802523234438 0.5218172905869627 0.5272663618980504 0.549706672637548 0.5761918008659959 0.5988505326117969
1 0.9128485491996796 0.7924022180373936 0.6755208341346155 0.5731481490384616 0.6080645485829903 0.6461650202410739 0.8453922636480544 0.8654190892400061
2 0.30924502217512967 0.8242760580042243 0.2713209816586533 0.8087616776573233 0.22757835632123255 0.9156880942141246 0.265502396837709 0.9312024745610257
2 0.2160178134673586 0.7603099949879275 0.17573083244039095 0.7393653437933243 0.12317494907512004 0.8404564460666223 0.1634619301020877 0.8614010972612256
2 0.5250993396641543 0.5785925700815775 0.4766795243838612 0.5253051586588856 0.4458027770780533 0.5533614361377135 0.4942225923583465 0.6066488475604054
3 0.5114827768039387 0.14868882548935022 0.37760040326515676 0.06262159245072997 0.3344802930920652 0.12969732491486988 0.4683626666308473 0.21576455795349012
2 0.23240922353369323 0.38644188058713 0.20723446829021605 0.3858754485963304 0.20529531328776424 0.4720601157034443 0.2304700685312414 0.47262654769424395
2 0.6582238859012958 0.13905859523982883 0.6552819804521228 0.1070653849365258 0.6118440617477422 0.11105967774195777 0.6147859671969154 0.14305288804526078
3 0.24635416586538475 0.9462962956730769 0.1816907043269232 0.9462962956730769 0.1816907043269232 1 0.24635416586538475 1
2 0.22089644845265927 0.22285495587395043 0.17979571886235796 0.18082011195862494 0.15518992448984545 0.20487910698894735 0.1962906540801468 0.24691395090427284
3 0.9405705981176967 0.39418239021128865 0.807401127155296 0.31234435902802066 0.7570926954254331 0.3942078538060283 0.8902621663878338 0.47604588498929634
2 0.399765695992826 0.1693032916187613 0.36221346565116935 0.13926151774451354 0.34037516967922066 0.16655939715871396 0.3779274000208772 0.19660117103296168
2 0.9801889131327629 0.5414083267810595 0.9127909152887637 0.49212353692068517 0.8855945307735769 0.5293151708936013 0.9529925286175762 0.5785999607539757