2 0.9224765355369164 0.6143472033577974 0.8552282594084537 0.5631104215456353 0.8245571298421807 0.6033662791013688 0.8918054059706434 0.6546030609135307
3 0.3302439121909674 0.14951370721925772 0.2425937743850565 0.08025928067746078 0.20005522486447638 0.13409713500280354 0.28770536267038727 0.20335156154460046
2 0.823415949662417 0.5462771375122334 0.7571910912291498 0.48741060131377156 0.727306035138748 0.521031292060458 0.7935308935720152 0.5798978282589198
2 0.20788475187925018 0.11068709858992803 0.1802113423041073 0.0760668637573698 0.15676213997557567 0.09481079728024647 0.18443554955071856 0.12943103211280468
2 1.0256711869883646 0.7045890659532125 0.9461515592520306 0.6362610961676237 0.9143499039964401 0.6732716468287842 0.993869531732774 0.7415996166143729
3 1.005726255208349 0.10474952681981647 0.9366892578170323 0.09911781807012204 0.930877975535432 0.17035613978496902 0.9999149729267487 0.17598784853466343
2 0.31080752217512975 0.8196464281965318 0.2728834816586532 0.8041320478496308 0.22914085632123254 0.9110584644064321 0.267064896837709 0.9265728447533333
2 0.21966364796698412 0.7501248111418426 0.17937666757770152 0.7291801586940481 0.1266991295655237 0.8305052556915755 0.16698610995480634 0.85144990813937
2 0.6457238844863104 0.13720674506282446 0.6428576761791711 0.1060367139103018 0.5994197580134375 0.11003100320960482 0.6022859663205767 0.1412010343621275
3 0.24843750000000012 0.9416666658653846 0.1811431634615386 0.9416666658653846 0.1811431634615386 1 0.24843750000000012 1
2 1 0.9240740745192307 0.9755208341346153 0.9240740745192307 0.9755208341346153 0.9955266947115384 1 0.9955266947115384
3 0.37041954498167584 0.0014200563659027597 0.28995398967945524 -0.0023517653964617536 0.28598220511668315 0.08237966427318762 0.36644776041890376 0.08615148603555213
2 0.7177267170699362 0.12765795153473508 0.7107169122931195 0.09611383367876623 0.6734374986595023 0.10439814877545253 0.680447303436319 0.13594226663142137
2 0.16145833413461538 1.7869245362558736e-17 0.13036858894230768 1.5965547515755414e-17 0.13036858894230768 0.02222222115384617 0.16145833413461538 0.02222222115384617
2 0.5291371796876148 0.16769284793282738 0.48813841372365485 0.13917197656253244 0.4693792781606164 0.1661382427277466 0.5103780441245763 0.19465911409804154
2 0.3433755600893181 0.09158558330566116 0.3117079024855425 0.0690663612034091 0.29509043279971797 0.09243467907257671 0.3267580904034935 0.11495390117482877
2 0.477170139423077 0.22080439903846164 0.44212962860576926 0.1857638882211539 0.4171006935096153 0.21079282331730775 0.4521412043269231 0.24583333413461553
2 0.903588312958199 0.4255323436690551 0.8437029279882395 0.37382178792525905 0.8201213974985079 0.4011312803730914 0.8800067824684674 0.45284183611688744
2 0.8522713104813039 0.4294057230999362 0.7909729131100879 0.38817197255537217 0.7653600671459776 0.4262482180819328 0.8266584645171935 0.4674819686264968