3 0.5261950488367115 0.6787676235680012 0.4958671632485739 0.6203583671875242 0.4183960518237021 0.6605837552385985 0.4487239374118398 0.7189930116190755
2 0.7145564861719215 0.6872565875371011 0.6499194586419267 0.6585290189926467 0.627496777671068 0.708980049854062 0.6921338052010628 0.7377076183985162
2 0.23982209614833203 0.7588033506947368 0.20269803656770266 0.7393612248899856 0.15679660517801877 0.8270084035400879 0.19392066475864814 0.8464505293448391
1 0.252132979032372 0.2636425748457682 0.12444023191122085 0.1411296068346516 0.08139953816959243 0.1859900368045628 0.20909228529074356 0.3085030048156794
3 0.49479166586538464 0.3481481490384616 0.4276041658653846 0.3481481490384616 0.4276041658653846 0.40462962980769235 0.49479166586538464 0.40462962980769235
2 0.7168566174244079 0.18583741890615849 0.7092095574848283 0.15142565314863926 0.6689522055068539 0.16037173239820676 0.6765992654464333 0.19478349815572601
2 1.0126035631229777 0.7305077541546606 0.9304267716833672 0.6590158799982047 0.8999896493251421 0.6940020247253659 0.9821664407647528 0.7654938988818218
2 0.21217278083615318 0.5929138413723861 0.17832954700779868 0.5735037513572594 0.12435643741730863 0.6676107115460492 0.15819967124566311 0.6870208015611758
2 0.3443519025883108 0.4514211481696024 0.3195015994659488 0.42394656889545196 0.2613847975790676 0.4765122562160968 0.28623510070142955 0.5039868354902471
2 0.2820966692512722 0.7915332094834758 0.2444706065225851 0.7730897193668232 0.18562149496593455 0.893146191810658 0.22324755769462165 0.9115896819273106
3 0.639831341583798 0.3999137317730735 0.5743790519756561 0.36955904381869387 0.5498558580716078 0.42243717558986243 0.6153081476797497 0.45279186354424206
2 0.18880612648345763 0.18609090904928316 0.15301107423669486 0.14924921245795833 0.14270833413461537 0.15925925961538462 0.1785033863813781 0.19610095620670945
0 1.0001169330104989 0.13431551653284032 0.9828933440584364 0.13387513999760167 0.9822244323055399 0.16003698141099615 0.9994480212576022 0.1604773579462348