2 0.12460706677076905 0.7005884493625483 0.0856743977089513 0.6793626576407158 0.022311656309921473 0.7955835588003453 0.06124432537173922 0.8168093505221777
2 0.35859033922163397 0.42744577326420263 0.33233823382413347 0.38947397847869436 0.27271944114135926 0.43069190978852123 0.2989715465388597 0.4686637045740294
2 0.5130208341346154 0.3703703701923077 0.44999999999999996 0.3703703701923077 0.44999999999999996 0.41666666586538464 0.5130208341346154 0.41666666586538464
2 0.6927678399207674 0.4424366358565726 0.6252743965530582 0.3982304033359909 0.5962368623055608 0.4425644951941675 0.6637303056732701 0.4867707277147492
2 0.8166793564257401 0.4703778888065111 0.7648630484661739 0.4396719319084567 0.7423926608064235 0.47759071525118457 0.7942089687659897 0.5082966721492389
2 0.9019868547962466 0.5373330614240617 0.8451530128884811 0.5002170859850756 0.8227210052476231 0.5345661004149961 0.8795548471553888 0.5716820758539821
2 0.8553414128757305 0.4027736828157111 0.8059377161880926 0.3680367251156761 0.7829095008241915 0.4007879803326703 0.8323131975118294 0.43552493803270514
3 0.749153904189799 0.2131908980258521 0.7103841387320061 0.15559543001719797 0.6184283225626211 0.21749449167307838 0.657198088020414 0.2750899596817325
2 0.565625 0.2750000000000001 0.5223958341346153 0.2750000000000001 0.5223958341346153 0.3138888894230769 0.565625 0.31388888942307697
2 0.7022785547101908 0.1472164600906017 0.6935302844393042 0.1144104437357947 0.6561102478219657 0.12438911930354564 0.6648585180928523 0.1571951356583526
2 0.6462683836732681 0.15082924678299456 0.6392340686404544 0.11917483598364303 0.594730391167113 0.12906454422842997 0.6017647061999267 0.1607189550277815
2 0.6517477344195333 0.6530450777119646 0.5844174187436689 0.6341084329831224 0.5691143500412238 0.6885193627597014 0.6364446657170882 0.7074560074885436
3 0.51439423645913 0.6565093928957618 0.484311948978586 0.5930545784189809 0.4002889874023379 0.6328876928318878 0.43037127488288185 0.6963425073086686
2 0.22600666691459567 0.749516792052693 0.18435387970456857 0.7264649982161214 0.12988245907455198 0.8248905918430428 0.17153524628457908 0.8479423856796143
2 0.3407642677594533 0.7688615638342728 0.3014685784887563 0.7516697010940467 0.2580214033770426 0.85097753752091 0.29731709264773964 0.8681694002611361
2 0.1340945307486294 0.9130241183435459 0.09177972664112467 0.8902862163151257 0.037551662638647 0.9912036141703008 0.07986646674615173 1.0139415161987209
3 1 0.577777778846154 0.8958333341346154 0.577777778846154 0.8958333341346154 0.7609427620192307 1 0.7609427620192307