3 1.0024418832070585 0.41695514042406084 0.8706911342350707 0.342845369780708 0.8165522959743239 0.439092226671588 0.9483030449463116 0.5132019973149408
1 0.061979165865384614 3.795129354543308e-18 0 0 4.989301730691254e-18 0.08148148076923077 0.06197916586538462 0.08148148076923077
2 0.3432131145491218 0.5495637139073626 0.3099997269781219 0.5295777504138683 0.2696855581793238 0.5965732752157148 0.30289894575032383 0.6165592387092091
1 0.24201768571843643 0.24074391926117972 0.11556153092650787 0.11555232542623108 0.06996082352817522 0.16161364581318516 0.19641697832010377 0.2868052396481338
2 0.649120245997872 0.1849858590759277 0.6325176855706849 0.1548139018702432 0.590844863954019 0.17774498102912947 0.607447424381206 0.207916938234814
2 0.8306442740752064 0.5480810620567699 0.7626836518941699 0.4943838061494824 0.7343579871383177 0.530233492841534 0.8023186093193542 0.5839307487488214
0 0.18023501627751243 0.30944901109139705 0.17532245049024417 0.27451520237969357 0.16242643302508247 0.2763287044433876 0.16733899881235073 0.31126251315509107
2 0.20962606239407328 0.7792518081934678 0.1668084598820284 0.758177519203774 0.11130233545692285 0.8709518658866228 0.15411993796896775 0.8920261548763165
2 0.5533366739326284 0.38812414911255605 0.5226062539287337 0.3642289900359467 0.4779092297744368 0.4217116927366093 0.5086396497783314 0.4456068518132186
2 0.273500757083872 0.2419660586549362 0.2297572037510811 0.20567511469278518 0.20615769613442453 0.23412095289235 0.24990124946721542 0.270411896854501
0 0.4781184412419811 0.03043194243140122 0.47028264387772756 0.0056669530819691925 0.4558724271373823 0.010226435695068297 0.46370822450163585 0.03499142504450033
2 0.29754346074870736 0.22210764677331177 0.25851428652690733 0.18245895517792463 0.2358980407445597 0.2047218183737682 0.2749272149663597 0.24437050996915535
0 0.6736078821451811 0.8878314673817697 0.6552339290200473 0.8421007431842236 0.6364634818937878 0.8496424412807999 0.6548374350189214 0.8953731654783461
2 0.9496199079822607 0.6425602815513324 0.8789180443295528 0.5837687681800566 0.8458502838842363 0.6235356011163125 0.9165521475369443 0.6823271144875882