3 0.4010937748196378 0.7392931225472348 0.35681053871188256 0.7140279553857762 0.29597809955391297 0.8206513253808279 0.3402613356616682 0.8459164925422863
2 0.528880090390261 0.6841662477186332 0.5140582570712081 0.6314663984512026 0.45807032394686265 0.6472130053994731 0.4728921572659156 0.6999128546669038
2 0.2399092647729388 0.7672648945634053 0.20318785632552616 0.7479635810702387 0.15733522544176207 0.8351997781128537 0.1940566338891747 0.8545010916060203
1 0.2527177047126253 0.2693396238946485 0.12709303566351407 0.14441598321980445 0.08206794353157977 0.18969374063565114 0.207692612580691 0.3146173813104952
3 0.6694310904121148 0.4258012841765758 0.5999198746041002 0.37946046918205245 0.5699519238687226 0.42441239096281885 0.6394631396767371 0.47075320595734227
2 0.7174283750674691 0.19361704794765355 0.7111564274838916 0.15921934120704628 0.6697422046025132 0.16677065377230998 0.6760141521860906 0.20116836051291725
2 0.1501360054344061 0.7229063646603016 0.11215380996029947 0.7015413786631514 0.0529689043124929 0.806758983567334 0.09095109978659953 0.8281239695644842
2 0.35418528564544 0.4392460184675518 0.3297838418840452 0.4049314897978321 0.2693917751234714 0.4478769615213865 0.2937932188848661 0.48219149019110613
2 0.48958333413461536 0.3629629639423077 0.43281250000000004 0.3629629639423077 0.43281250000000004 0.40277777884615384 0.48958333413461536 0.40277777884615384
2 0.2823428192831541 0.7987797641180462 0.24248871269262795 0.7800981518195502 0.1856501859609054 0.901353676590124 0.22550429255143156 0.9200352888886201
3 0.8080162618650029 0.5370617768745144 0.7373867610783538 0.47910936457956166 0.7017264247011892 0.5225703984944947 0.7723559254878383 0.5805228107894475
2 0.11596976510425258 0.132427454992125 0.0863844150456353 0.0879229945399154 0.0622491857020606 0.10396743596486965 0.09183453576067788 0.14847189641707925