2 0.9278548507912581 0.640513403745169 0.858720724799097 0.586351831574276 0.8277275976958813 0.6259127724436452 0.8968617236880424 0.6800743446145382
3 0.34070669823837874 0.16328975907530194 0.2518676243673744 0.09560284890395342 0.21035638709221025 0.15008635044700555 0.2991954609632145 0.21777326061835406
2 0.8259387258756854 0.5645141625260446 0.7579997287136233 0.5093137261070078 0.7301251368636633 0.5436209153149353 0.7980641340257253 0.5988213517339722
2 0.22090558737656782 0.12365006075244231 0.19323217547022672 0.0890298277339856 0.16978297391219974 0.10777376320213064 0.19745638581854083 0.14239399622058735
2 1.025434292770475 0.7314440020904883 0.9507767830466338 0.6636070493114077 0.9179747563498015 0.6997071028479463 0.9926322660736427 0.767544055627027
3 0.9607014939481212 0.4117111828817779 0.8328456316385809 0.33222184180091807 0.7784977695968839 0.4196385025951322 0.9063536319064242 0.4991278436759919
3 1 0.4657407403846155 0.9619791658653847 0.4657407403846155 0.9619791658653847 0.5648148149038463 1 0.5648148149038463
2 0.317444095842418 0.26069394236753685 0.27857361409484827 0.2206087533350233 0.2544630305551832 0.2439887103720637 0.29333351230275295 0.2840738994045773
2 0.2972972147928492 0.2929205014207523 0.25827929072731426 0.25301580447011474 0.23366100701230857 0.27708701407744746 0.27267893107784347 0.31699171102808504
1 0.26419214867808827 0.2831201516446295 0.12839749958873195 0.16180107439865696 0.08511195864941029 0.2102513674270214 0.22090660773876655 0.33157044467299396
2 0.24662949442535873 0.20512140823161829 0.2172219593858492 0.1482952475791969 0.1937069302357329 0.1604642738823608 0.22311446527524242 0.21729043453478217
3 0.1049400460133254 0.17869250996558503 0.0601846274573368 0.11504035821234147 0.02698743666763282 0.13838213264969193 0.07174285522362144 0.20203428440293544
2 0.09619862623619682 0.15088615577702505 0.09132508152946749 0.1061217441655051 0.07493667044501395 0.1079059663012829 0.07981021515174327 0.15267037791280286
1 0.23693722076342122 0.1950308141519941 0.11102106100120525 0.09151592211762975 0.07206060307710761 0.13890766593311074 0.19797676283932358 0.2424225579674751
0 0.21986523497172397 0.33558796470984364 0.20543701692406718 0.3335589964493454 0.20098829972874366 0.36519431720627293 0.21541651777640045 0.36722328546677124
2 0.3160764776260402 0.8339320191740008 0.278399268096033 0.8181210474008354 0.2341895729764314 0.9234718107932534 0.2718667825064386 0.939282782566419
2 0.7464925842327721 0.4177173768964432 0.6851771378911778 0.3735260664916943 0.6611280910676294 0.40689412067633146 0.7224435374092235 0.4510854310810804
2 0.17863146432726523 0.1393390816686303 0.15854885259764134 0.12148786609290654 0.15625 0.12407407451923083 0.1763326117296239 0.14192529009495458
2 0.22425149250759122 0.7698225323200453 0.18357526509429492 0.7486245354591963 0.1315664788912486 0.8484227017185666 0.17224270630454488 0.8696206985794157
2 0.04441810545812989 0.12579501304849516 0.014533042108638983 0.09217432924952888 -0.007219828443375149 0.11151022135592935 0.022665234906115758 0.14513090515489563