3 0.6056651103815635 0.6253761655524227 0.5282133517823128 0.6225654182361688 0.5256252809153433 0.6938811992269064 0.6030770395145939 0.6966919465431605
2 0.868963429600819 0.8323084083109047 0.8003844120559156 0.7689109255955238 0.7662490699547788 0.8058361807411385 0.8348280874996822 0.8692336634565194
2 0.2382595961483321 0.752321869925506 0.20113553656770267 0.7328797441207547 0.15523410517801872 0.8205269227708573 0.19235816475864814 0.8399690485756085
1 0.24996913118029654 0.25984095257447304 0.12428599327793369 0.13527999761574078 0.0794467862704308 0.1805231658270287 0.20512992417279363 0.3050841207857609
3 0.4092292639384283 0.4184776071244972 0.38554744684787734 0.36579901921543656 0.31209303476420835 0.39882067033604685 0.3357748518547593 0.45149925824510756
2 0.7158149510746606 0.18305964041289594 0.7081678925339366 0.14864787697963802 0.6666176482748868 0.1578812645927602 0.6742647068156108 0.19229302802601808
2 0.9143199323883469 0.6375664698612462 0.8403684918218569 0.5760276809630498 0.81058309780513 0.6118209234823546 0.8845345383716201 0.673359712380551
2 0.09696486948277679 0.7951960790660924 0.05654056894137613 0.7743522988489064 -0.008622395479932675 0.9007289556015852 0.031801905061467975 0.9215727358187712
2 0.24226323030092206 0.5693098158530686 0.21219399299291553 0.5523958684549662 0.1609266803734369 0.64353774994573 0.19099591768144344 0.6604516973438325
2 0.2810550008306156 0.7887554284841334 0.24342893622363573 0.7703119388422539 0.18457982713147436 0.8903684153420695 0.2222058917384542 0.9088119049839489
3 0.5234375 0.35555555528846156 0.459375 0.35555555528846156 0.459375 0.4129629639423077 0.5234375 0.4129629639423077
2 0.22225470383663495 0.2141831875149083 0.18441445116779762 0.17317035274477705 0.17239583413461543 0.18425925961538472 0.21023608680345277 0.22527209438551601
0 0.9245077617824717 0.1326404605708089 0.9126181451001779 0.10573869581799447 0.8922947990122696 0.11472088702021087 0.9041844156945634 0.14162265177302527
2 0.07823149318824017 0.047338729046618795 0.047407126058190446 0.013616342296019714 0.028111856205526413 0.03125342374611401 0.058936223335576125 0.06497581049671308
0 0.29463459162427325 0.9564535560500711 0.2752635298002197 0.9530098139112474 0.26698206069298114 0.99959310720193 0.2863531225170347 1.0030368493407538