2 0.925288551286951 0.6290326197114257 0.8565724344478404 0.5731279808252485 0.8254805295584018 0.6113451129219813 0.8941966463975124 0.6672497518081586
3 0.3354983663977872 0.1549564290441041 0.24665929826958288 0.08726951348568696 0.20521182314711003 0.14166931935318197 0.2940508912753143 0.2093562349115991
2 0.824433001946104 0.5523524180705063 0.75637158244344 0.49770813299299516 0.728506534915517 0.5324150504056662 0.796567954418181 0.5870593354831773
2 0.21413475187925018 0.11716857935915878 0.18646134347650298 0.08254834599330153 0.1630121399755757 0.1012922804533234 0.1906855483783229 0.13591251381918065
2 1.0260604194807004 0.7176085944309466 0.9470741486896197 0.6502069778557907 0.9153261578083562 0.6874116553136985 0.994312428599437 0.7548132718888543
3 0.6449050282446838 0.19177303119481395 0.548863715833147 0.12617338349872995 0.500868198745198 0.19644132872234638 0.5969095111567347 0.2620409764184304
3 0.8926699385772755 0.4055830261821512 0.7884562817446669 0.28682101952593864 0.7377855562080111 0.33128457947421713 0.8419992130406195 0.45004658613042964
1 0.6904117186197085 0.7088586864378661 0.4822916658653847 0.4898148149038462 0.42024636593196685 0.548765887147359 0.6283664186862906 0.7678097586813789
2 0.8037053274404239 0.6634619560634221 0.7281249999999999 0.5935185192307693 0.6923939779115689 0.632129180523923 0.7679743053519927 0.7020726173565757
3 0.24694725083220806 0.4567171513985237 0.2059713668665639 0.44444917027598047 0.16823817288652415 0.5704805818615506 0.2092140568521683 0.5827485629840938
2 0.3127504890414585 0.30139948063729277 0.27588285495380427 0.26683606670096705 0.2522522512687156 0.29204203887539393 0.28911988535636984 0.3266054528117196
1 0.5205806737197064 0.43689637807810716 0.35468750000000004 0.2907407403846155 0.3015337244677934 0.3510726485982066 0.4674268981874998 0.4972282862916983
0 0.512877844294302 0.7040340191865937 0.5054118694436727 0.6535972390265942 0.48625917098130844 0.6564323439755635 0.49372514583193783 0.7068691241355631
2 0.31289085630974517 0.8252019834849933 0.27606194685473995 0.8101356113035193 0.23231932151731913 0.917062027860321 0.2691482309723243 0.9321284000417948
2 0.5857327593224169 0.47528097279787074 0.5334267249310171 0.4287867168497966 0.5067600569859398 0.4587867162518092 0.5590660913773398 0.5052809721998834
2 0.2201844815901257 0.7621618505871997 0.17989749832465218 0.7412171966441126 0.12734161297972252 0.8423082950765195 0.16762859624519605 0.8632529490196068
2 0.23785762725312318 0.2937461798434465 0.200496838981052 0.25858307843589634 0.1763038361130815 0.2842881391852243 0.21366462438515268 0.3194512405927744
3 0.8548184902308429 0.37886881938474504 0.6729591381817149 0.2659906016200226 0.6220828857608096 0.34795789773058633 0.8039422378099376 0.46083611549530884
2 0.5227437606042963 0.24526790877296414 0.4743617812909059 0.21659710511415772 0.45229748328349684 0.2538306065696027 0.5006794625968871 0.2825014102284091
2 0.13180790499174275 0.2060378067018006 0.09572180991623705 0.1607532945621473 0.07079522527698587 0.18061666640163349 0.10688132035249158 0.2259011785412868
2 0.8186506991029456 0.09695921831125948 0.7755897383471204 0.09426790438232394 0.773632726188898 0.1255800537521363 0.8166936869447233 0.12827136768107184
3 0.24947916586538474 0.9472222211538461 0.18577724278846167 0.9472222211538461 0.18577724278846167 1 0.24947916586538474 1
2 0.023958334134615393 0.0371693125 4.55192795796327e-18 0.0371693125 7.265265709672889e-18 0.08148148076923077 0.023958334134615393 0.08148148076923077