3 0.6261772902755586 0.6341250261523647 0.5456466721147566 0.6221945699384158 0.5352999201049294 0.6920351795819688 0.6158305382657314 0.7039656357959176
2 0.8967782954372013 0.8589823761083456 0.8256046087242738 0.7914991873988568 0.7903767777593088 0.8286535461750871 0.8615504644722363 0.8961367348845759
2 0.2382595961483321 0.752321869925506 0.20113553656770267 0.7328797441207547 0.15523410517801872 0.8205269227708573 0.19235816475864814 0.8399690485756085
1 0.24944829908823077 0.2589150302731974 0.12376516782984151 0.13435406636136765 0.07892595826111612 0.17959723151331397 0.20460908951950535 0.3041581954251437
3 0.3970177222895491 0.4242747632050828 0.37046755875291215 0.3713818615057611 0.2945331659044567 0.4094979504971045 0.3210833294410937 0.4623908521964263
2 0.7158149510746608 0.18213371493212682 0.7081678920248871 0.14772194920814485 0.6666176477658372 0.15695533682126697 0.6742647068156109 0.1913671025452489
2 0.904618561196685 0.6304438984765999 0.8343020838589055 0.564522218086718 0.802700172593611 0.598230932187666 0.8730166499313907 0.6641526125775479
2 0.07429847499803013 0.8366905905702274 0.032927953545603635 0.8152097425752418 -0.033885329549711414 0.9438871747812251 0.0074851919027150845 0.9653680227762107
2 0.22653313703878186 0.5972744260461287 0.1964638997307754 0.5803604786480262 0.14373918037343697 0.6740933052341914 0.17380841768144342 0.6910072526322938
2 0.2794925008306155 0.787829503003364 0.24186643622363574 0.7693860133614847 0.18301732808151686 0.8894424879231444 0.22064339268849661 0.9078859775650236
3 0.5083333341346153 0.3546296298076923 0.4453125 0.3546296298076923 0.4453125 0.4138888894230769 0.5083333341346153 0.4138888894230769
2 0.2253797044688393 0.2169609652687243 0.1875394492114295 0.17594813028995754 0.17552083413461533 0.18703703605769234 0.2133610893920251 0.22804987103645907
0 0.9120077631476331 0.13078860853402519 0.9001181447443767 0.10388684487596564 0.8797947991898472 0.1128690375081013 0.8916844175931036 0.13977080116616086
2 0.08738781985933011 0.057459046025605066 0.057965571153417904 0.02040880775269705 0.03756106250211955 0.036612388518854365 0.06698331120803178 0.07366262679176237
0 0.3019262598198583 0.93700911175279 0.2825551979958047 0.9335653696139664 0.2731248541927893 0.9866110871695462 0.29249591601684294 0.9900548293083697