2 0.4301622003707412 0.12674051934085404 0.3881836798738011 0.09564531777678092 0.3655604145271798 0.12618672482005006 0.40753893502412 0.15728192638412317
2 0.06053049821571911 0.10877570416838983 0.0326012764637231 0.07211860288478764 0.008260849874008734 0.09066369095661536 0.036190071626004745 0.12732079224021758
3 0.9706574807187898 0.5144162815159905 0.8791855990717005 0.4447234172572853 0.836909175468534 0.5002112216031661 0.9283810571156234 0.5699040858618714
2 0.31071571421797056 0.8561961607135543 0.27250651292368067 0.8387696670611585 0.2266912545960579 0.9392238641422426 0.26490045589034783 0.9566503577946384
0 0.36214862993576147 0.5130878399012789 0.35159804975721765 0.47386951289763896 0.3369430877722082 0.4778120153766968 0.347493667950752 0.5170303423803368
3 0.6039209425203558 0.1899945704964296 0.5545429879913398 0.1511094328004116 0.5201081660025927 0.19483619256315857 0.5694861205316086 0.23372133025917652
2 0.8644936940072736 0.10386306121185997 0.8447112993631951 0.09273546465255028 0.8226307484098634 0.1319897789682544 0.8424131430539419 0.14311737552756407
2 0.6622329066198227 0.2957710114644974 0.6163862187500002 0.2652065528846154 0.5944310904215976 0.2981392453772188 0.6402777782914201 0.3287037039571008
2 0.6655523270942484 0.5449381385562183 0.605645042125105 0.485151634029289 0.5765678659223771 0.5142875518197362 0.6364751508915206 0.5740740563466654
2 0.4831429608824658 0.3739048492227429 0.43410201055574854 0.3303128984066132 0.4081249988381964 0.3595370399608757 0.45716594916491365 0.4031289907770054
3 0.8685424424587956 0.8132923967386488 0.7638934889588745 0.6932649401110982 0.7126140010474645 0.7379742499367065 0.8172629545473856 0.8580017065642571
3 0.6092466758136365 0.6214769397770201 0.5097987165985503 0.4854797253633347 0.4495952671667102 0.5295034960671459 0.5490432263817964 0.6655007104808313
3 0.310735900361925 0.29827111896703606 0.2159965387489109 0.21591247611634917 0.17291141657401804 0.2654744507747747 0.26765077818703215 0.34783309362546166
2 0.8255948697679307 0.5601848308578654 0.7654154190169735 0.5025771544282974 0.7344264628985642 0.5349495477295867 0.7946059136495214 0.5925572241591547
2 0.9182829328663421 0.6424723502734072 0.852420341000651 0.5702293179104547 0.8167192082006894 0.6027773583489197 0.8825818000663805 0.6750203907118723
2 0.4164163206451649 0.1727542450771821 0.38028026991932246 0.13260307992043716 0.3510445449361694 0.15891523392328372 0.38718059566201174 0.19906639908002863
2 1.0266367726435977 0.7231260073526685 0.9445771522487267 0.6623411010185859 0.9143881956068548 0.7030961909176088 0.9964478160017258 0.7638810972516914
3 0.13817098522704538 0.16849348828035515 0.0928588422750741 0.12016054555778946 0.06726401848125062 0.1441556977096732 0.1125761614332219 0.1924886404322389
1 0.3613760226382776 0.2729752287450108 0.20545823255261636 0.14030444287794788 0.16012995660288284 0.19357528595230142 0.31604774668854413 0.3262460718193643