3 0.4603946721277766 0.6909173861867413 0.41800247702843313 0.6549398009282748 0.3474945314448611 0.7380189337761162 0.38988672654420464 0.7739965190345827
2 0.6013216617129901 0.6334134109058606 0.5457378420934258 0.6305710586550771 0.5428826103630866 0.6864067438441611 0.598466429982651 0.6892490960949444
2 0.23973818102502176 0.7636617979992288 0.20261412144439234 0.7442196721944776 0.15731743742618282 0.8307121068790635 0.19444149700681226 0.8501542326838147
1 0.2527177032483108 0.26656184467035665 0.1270930316701556 0.14163820727202775 0.0820679400061045 0.1869159663164375 0.2076926115842597 0.31183960371476643
3 0.5857723821061733 0.3706671894211478 0.5189175745246581 0.3480285279572912 0.5003258532130559 0.4029322135343177 0.5671806607945711 0.4255708749981742
2 0.7168566152447761 0.19046705030186156 0.7092095593093226 0.15605528469526073 0.6689522071966001 0.16500135932969281 0.6765992631320533 0.19941312493629362
2 0.28368961422153877 0.4917492460357096 0.25260372926215435 0.469017692860919 0.19786439706640496 0.5438748999468697 0.2289502820257894 0.5666064531216601
2 0.4205503879983326 0.4063109212077292 0.40369824191194087 0.37177907089849416 0.34577318055972955 0.4000475125611644 0.3626253266461213 0.43457936287039944
2 0.28234281835933817 0.7960019872426999 0.24248871269262803 0.7773203753772425 0.1856501868847215 0.8985758981770089 0.22550429255143162 0.9172575100424663
3 0.7265172043042047 0.4670488174131289 0.6597956188050822 0.4171956537334077 0.6268643803632133 0.4612695756094011 0.6935859658623358 0.5111227392891222
2 0.15483445895205328 0.13990030442453266 0.11075812695002887 0.12814661046587975 0.1037848644637641 0.15429633272026913 0.1478611964657885 0.16605002667892205