2 0.11755418515669004 0.16652566087963214 0.09213175659780018 0.12494586271371208 0.06542911307966645 0.14127220572443064 0.0908515416385563 0.18285200389035072
3 0.7432628167863476 0.3359444576340516 0.6685088411190585 0.2859298483344487 0.6337539490788987 0.3378759974751159 0.7085079247461878 0.38789060677471876
2 0.32892552681650256 0.8245556210938211 0.29124896512096676 0.8073185937496802 0.24648889588077544 0.9051548085769283 0.2841654575763112 0.9223918359210692
2 0.27590377008569755 0.9470199165412244 0.22601142593316942 0.921677758337001 0.1865748615013347 0.9993184481697449 0.23646720565386284 1.0246606063739685
0 0.479216660677977 0.6456283837392102 0.4598958341346154 0.6055555552884616 0.44178457943893085 0.6142877667141672 0.4611054059822925 0.6543605951649156
3 0.40953873010999603 0.0556402474039367 0.3680908456604927 0.02248193410539581 0.33807729218671356 0.05999886945430366 0.3795251766362169 0.09315718275284456
2 0.10724053900276141 0.09579072584887352 0.07876408448911489 0.05848823592799613 0.054460304658200946 0.07704156795308853 0.08293675917184748 0.11434405787396591
2 0.7716142977745589 0.16745268595821317 0.7645578387858252 0.13331706935574242 0.7232413702240942 0.1418579423494958 0.7302978292128279 0.17599355895196656
2 0.45562106572869254 0.14806578098476558 0.4194922656610981 0.12053908354458334 0.4004901966043472 0.14547930586198426 0.43661899667194165 0.17300600330216648
2 0.8505857773038122 0.7245673208211394 0.7818707376825227 0.6557475329888471 0.7487205370857601 0.6888472768155983 0.8174355767070497 0.7576670646478905
3 0.9834712019230769 0.9240740745192307 0.8859038990384616 0.9240740745192307 0.8859038990384616 1 0.9834712019230769 1
3 0.44563413758892734 0.44196993218623276 0.33937087122264864 0.33122813398298334 0.28942939528839234 0.3791499164177141 0.39569266165467104 0.4898917146209635
2 0.8271573688648439 0.5611107610625081 0.7669779226651497 0.5035030787634885 0.7359889616574714 0.5358754714257384 0.7961684078571655 0.5934831537247579
2 0.9203662664247048 0.6443242003702884 0.8545036737199067 0.5720811717757909 0.8188025434722407 0.6046292119998697 0.8846651361770388 0.6768722405943671
2 1.0270611899480977 0.7226687843982457 0.9456188189657839 0.6623410998688277 0.9154298614722395 0.7030961909176087 0.9968722324545533 0.7634238754470265
3 0.21748802060629255 0.24641337545192904 0.1724845469634276 0.18926608001634307 0.1438736160536277 0.21179717733744602 0.18887708969649264 0.268944472773032
1 0.539142034364034 0.4429766454951603 0.3572615082378021 0.27052696042800634 0.3003976858034895 0.33050052279127734 0.48227821192972137 0.5029502078584314