2 0.9115124265635027 0.4672652253845448 0.8465733495452337 0.40740369594589515 0.8134356399800886 0.4433521973263259 0.8783747169983577 0.5032137267649756
0 0.18964884456150494 0.3145361065276581 0.18285454087104863 0.27484875517208185 0.1719864687836678 0.27670932232431794 0.1787807724741241 0.31639667367989416
2 0.2887277943220882 0.8469777413395655 0.24677939105905988 0.8299362018049465 0.1995121995987787 0.9462862067125856 0.24146060286180704 0.9633277462472046
2 0.22118029794083682 0.7401770014637722 0.17544705611816352 0.7163161783714013 0.11200805831146593 0.8379075843530909 0.15774130013413926 0.8617684074454618
2 0.4550038414605788 0.24116642849030814 0.43306583283128874 0.24051694992406375 0.43141980467225777 0.2961162904314583 0.45335781330154784 0.2967657689977027
2 0.2971379643573732 0.203177204981819 0.25620745017594576 0.16159697482540586 0.23207022408512756 0.18535704231647473 0.273000738266555 0.2269372724728879
2 0.2442528867513555 0.15910873159460903 0.20599264552776228 0.12024121218340111 0.1887990058212568 0.1371662131262901 0.22705924704485003 0.17603373253749804
3 0.2509816720488516 0.2164353620350599 0.2022044487500276 0.13591421313241134 0.1725730610877016 0.15386399194650566 0.22135028438652557 0.23438514084915418
3 0.2337928726570112 0.2633316085069373 0.18891542407887368 0.1508183427870225 0.13840894297998646 0.17096354072324058 0.18328639155812398 0.2834768064431554
3 0.174032370640802 0.16666631449177416 0.08380371739196842 0.08029358540901625 0.04139402920023713 0.12459656264360675 0.1316226824490707 0.21096929172636464
2 0.8188240377371787 0.5370366782449929 0.7597030656154858 0.4804422563101915 0.7287141119847901 0.5128146527592874 0.7878350841064828 0.5694090746940887
2 0.9115120998228293 0.6165464259894409 0.8456495068660355 0.5443033924296855 0.8099483753788176 0.5768514316713472 0.8758109683356115 0.6490944652311026
2 0.8841494950289779 0.5030450336831236 0.8179772096107598 0.4472121893356713 0.7848474046500002 0.4864771584651422 0.8510196900682183 0.5423100028125946
2 1.023917932151197 0.6967997495327135 0.9338228380012737 0.6395965066656141 0.9059901916576414 0.6834329181536299 0.9960852858075646 0.7406361610207294
3 0.07890725219601837 0.10634819032624236 0.031955402819515887 0.06012996145357555 0.007096378171988049 0.0853835726231665 0.05404822754849053 0.1316018014958333
1 0.12872676644354242 0.061843735151093475 0.020311095556554422 -0.02527602335972963 -0.0203827375741186 0.025365177846962888 0.08803293331286939 0.11248493635778599
3 0.4390589078809336 0.10278097509905783 0.384806036678519 0.04174648795390126 0.3398850595764888 0.08167624077064878 0.39413793077890347 0.14271072791580536
2 0.3535799532967158 0.5300365971389862 0.318407633563875 0.5100274531109348 0.27673362613600255 0.5832825364741713 0.31190594586884335 0.6032916805022228