2 0.17929866436700775 0.22190024237646336 0.1470611659738708 0.18261078467127215 0.12113157729091746 0.20388634107557865 0.15336907568405436 0.24317579878076986
3 0.5994188747871042 0.2349067501341922 0.5385569818545825 0.1911622654118944 0.5036093887254867 0.23978500459318786 0.5644712816580084 0.28352948931548566
2 0.328925525907089 0.8254815485623797 0.2912489642115533 0.8082445212182388 0.24648889588077544 0.9060807340576977 0.2841654575763112 0.9233177614018386
2 0.2769444997634706 0.935438989949573 0.2228990327356055 0.9140876768830478 0.1889583341346155 1.0000000000000002 0.24300380116248055 1.0213513130665253
0 0.5559264182023029 0.7508821464991049 0.5442860721577515 0.7048955924556203 0.5242422032720544 0.7099691965721736 0.5358825493166056 0.7559557506156582
2 0.24838012359431497 0.21461743444424577 0.2085418183884994 0.17648162961775424 0.1854513127457978 0.20060296691051122 0.22528961795161337 0.23873877173700275
2 0.7305401453581873 0.17696334025850266 0.7221871560521312 0.14329035290908632 0.6806867206857455 0.15358503479207355 0.6890397099918016 0.18725802214148993
2 0.3242868596016939 0.0560425553453573 0.2922235541036962 0.03110443398526443 0.2729847743171623 0.05584001309313845 0.3050480798151599 0.08077813445323132
3 0.5538796679276631 0.5637946300913896 0.4270143149277489 0.44127994184553276 0.37322904841923094 0.49697519699816006 0.5000944014191451 0.6194898852440169
2 0.8271573700253054 0.5629626133843957 0.7669779228280145 0.505354929673885 0.7359889616556716 0.5377273222516071 0.7961684088529627 0.5953350059621179
2 0.9198454328663421 0.6461760546003302 0.8539828410006509 0.5739330222373776 0.8182817082006894 0.6064810626758425 0.8841443000663805 0.6787240950387952
2 1.0270611899480977 0.7226687843982457 0.9456188189657839 0.6623410998688277 0.9154298614722395 0.7030961909176087 0.9968722324545533 0.7634238754470265
3 0.2977796606684219 0.31526553145335245 0.24172105251931122 0.26120903056057687 0.21187554765902883 0.29215993256760175 0.26793415580813945 0.3462164334603773
1 0.6993747447628116 0.6009668004454656 0.49823692065022906 0.3824466971468758 0.4315679234594274 0.44381247918845995 0.6327057475720099 0.6623325824870497