2 0.5682490421302809 0.36177620116210163 0.5099493386213596 0.33837273100763443 0.4941812334200453 0.37765219905518116 0.5524809369289666 0.40105566920964836
2 0.7570725578605436 0.4877682030653313 0.7015840564430111 0.43844508193860915 0.6707794538941297 0.4731002536542949 0.7262679553116622 0.5224233747810171
2 0.8165027937233482 0.4587771279653492 0.7649729435587296 0.4207930628805964 0.7402725372432246 0.45430206813327784 0.7918023874078433 0.4922861332180306
2 0.8505341887382732 0.3871616807963747 0.8048076919876538 0.35667735109488785 0.7831730772419304 0.38912927477366144 0.8288995739925499 0.4196136044751483
2 0.9082728196023667 0.6137204468714178 0.8326355130185553 0.5453077524599267 0.8010453218884006 0.5802339747364661 0.876682628472212 0.6486466691479572
2 0.9895975298961837 0.14110331125282863 0.9377801513343881 0.13660965940615927 0.9346855442832237 0.1722943164605414 0.9865029228450193 0.17678796830721075
2 0.6421500416665192 0.140498244074954 0.6410744672165516 0.10601262169324298 0.5979748794270826 0.10735685770317713 0.5990504538770501 0.14184248008488815
2 0.6989956170691892 0.13654190961295157 0.6960004747431818 0.10193142521895494 0.6599324415821228 0.10505270175200644 0.6629275839081303 0.13966318614600307
3 0.4492533128240425 0.23779133613114786 0.35427642387634933 0.1671946800318091 0.31091737584690604 0.22552757732619963 0.4058942647945992 0.2961242334255384
2 0.27164577818615954 0.16021624410872334 0.24168046459687267 0.13038410376549495 0.22164362365476478 0.15051039089276813 0.25160893724405164 0.18034253123599656
2 0.22432721340599943 0.7312611132041682 0.1827674105945307 0.7108058967042302 0.13302335994039746 0.8118731690176646 0.1745831627518662 0.8323283855176025
2 0.31171590928611137 0.800914920743173 0.27419061700838215 0.785234708884749 0.23044485204149148 0.8899254255100802 0.26797014431922067 0.9056056373685041
3 0.2561404124993406 0.9429172950643012 0.2001146858590446 0.9240086130504579 0.17446759375000015 1.0000000000000002 0.23049332039029616 1.0189086820138433