2 0.954490397171347 0.488467105530514 0.8798706661025444 0.43993394888738374 0.8503910499613151 0.48525886036275223 0.9250107810301176 0.5337920170058823
0 0.18964884456150494 0.3145361065276581 0.18285454087104863 0.27484875517208185 0.1719864687836678 0.27670932232431794 0.1787807724741241 0.31639667367989416
2 0.15384516078729574 0.8663680685038074 0.10603296271824315 0.8418643167692983 0.03567628347558722 0.9791456408652002 0.0834884815446398 1.0036493925997094
2 0.45368540768867965 0.3210192219416071 0.42422428725437134 0.3102962396146008 0.40245112726511173 0.3701174413210972 0.43191224769942005 0.38084042364810355
2 0.29713796792146013 0.20132534235766078 0.2562074411775017 0.15974512642647587 0.232070223595772 0.1835052009626155 0.2730007503397304 0.22508541689380035
2 0.2428237796999144 0.162280445759869 0.20829915847124778 0.11955623460804833 0.18931875365106451 0.1348939382078879 0.22384337487973113 0.17761814935970857
3 0.2509816720488516 0.2164353620350599 0.2022044487500276 0.13591421313241134 0.1717817181185387 0.15434336305880164 0.22055894141736265 0.2348645119614502
3 0.2337928737067534 0.2624056822752149 0.18916256271340065 0.15051202606199435 0.13865608177263938 0.17065722488605142 0.18328639276599215 0.28255088109927196
3 0.174032370640802 0.16666631449177416 0.08380371739196842 0.08029358540901625 0.04139402920023713 0.12459656264360675 0.1316226824490707 0.21096929172636464
2 0.818824036536401 0.5351848261339923 0.7597030656154858 0.478590405348653 0.7287141131855677 0.5109628005433648 0.7878350841064828 0.5675572213287041
2 0.911512098626026 0.6156204991959284 0.8456495068660355 0.5433774669489163 0.8099483753788176 0.575925506190578 0.8758109671388081 0.6481685384375901
2 0.8883161600028567 0.5039709713227962 0.8221438847735568 0.44813811141380266 0.7890140703716017 0.48740307474319633 0.8551863456009017 0.5432359346521899
2 1.023917932151197 0.6958738240519433 0.9338228380012735 0.6386705811848454 0.9054814222433183 0.683308304381545 0.9955765163932419 0.740511547248643
3 0.07838641804301377 0.10542226495546175 0.031434568766256735 0.0592040359429079 0.0065755452455763955 0.08445764583768149 0.05352739452233343 0.13067587485023535
1 0.11692117824760712 0.04959069138394444 0.021661870268291476 -0.026956987002115726 -0.019453292469665817 0.02420853535535914 0.07580601550964983 0.1007562137414193
3 0.46769560260488413 0.17612157475779355 0.43685466416946145 0.08931003863568918 0.39146009459450926 0.10543705571317102 0.42230103302993194 0.1922485918352754
2 0.29155229760779455 0.6261292405411366 0.2527788038242129 0.6043191578375184 0.20607382126219864 0.6873502666893031 0.24484731504578028 0.7091603493929212