0 0.6593476810146075 0.08265028404643206 0.6411406130943695 0.08060198583296296 0.6376692428328934 0.1114585640945564 0.6558763107531314 0.11350686230802552
2 0.8891159480754477 0.454945019572073 0.8195823911605078 0.40931361062394767 0.7929300601863682 0.44992667551556514 0.8624636171013081 0.4955580844636905
2 0.003125000000000007 0.05 6.123233995736766e-18 0.05 6.989882239495248e-18 0.06415343990384616 0.0031250000000000075 0.06415343990384616
0 0.19485717816879655 0.32657314229555745 0.18806287570666538 0.28688579363519895 0.17719480346250974 0.28874636060426034 0.18398910592464085 0.3284337092646189
3 1 0.4741236778846155 0.9557291658653846 0.4741236778846155 0.9557291658653846 0.5450000000000002 1 0.5450000000000002
2 0.9894866447038762 0.5435168218063346 0.9290920083678783 0.49216680016275866 0.8992123407748139 0.5273093687608651 0.9596069771108119 0.578659390404441
2 0.3022957126442361 0.2156086657126711 0.26130916982444374 0.17279236181190694 0.23642875028330995 0.19660951294341503 0.27741529310310226 0.23942581684417916
2 0.24980603387218356 0.16788314067156213 0.21109554550294987 0.13347381933098196 0.19500359170329137 0.1515772682259558 0.23371408007252506 0.18598658956653596
3 0.2555015144610767 0.23425426854772918 0.21382130816007178 0.1485782962764684 0.18051566484505643 0.16478104306249092 0.2221958711460614 0.2504570153337517
3 0.2395563780680841 0.2753032807381433 0.1947896985653578 0.163883995729821 0.1444362100768193 0.18411530919447164 0.18920288957954562 0.295534594202794
3 0.17979565928795888 0.17787762041372784 0.0876503161175075 0.09282037553110728 0.045894902657124995 0.1380554041032259 0.1380402458275764 0.22311264898584648
2 0.8229907026591613 0.553703349045138 0.7628112521649919 0.49609567240485614 0.7318222946811399 0.5284680668760016 0.7920017451753094 0.5860757435162832
2 0.9161995986260261 0.6359908693882358 0.8503370068660355 0.563747837141224 0.8146358753788177 0.5962958763828856 0.8804984671388083 0.6685389086298976
2 0.887868418379634 0.5192673700989999 0.8216502763261684 0.46350470976705627 0.7901477835317953 0.5009139103051642 0.8563659255852609 0.5566765706371078
2 1.0225051777555105 0.703638614582779 0.9353927129842499 0.6607629532974524 0.9102826271270421 0.7117802765075308 0.9973950918983027 0.7546559377928573
3 0.08534846919473549 0.11792014425118727 0.03901994326786085 0.07085623697749582 0.014552075756749362 0.09494179000588873 0.06088060168362398 0.14200569727958018
1 0.19798884417359225 0.12273335111607592 0.058247204875648266 0.011193535837649059 0.02134848186079444 0.05742176410954702 0.16109012115873844 0.1689615793879739