2 0.9267504760711538 0.6301987072330993 0.8591898926360529 0.5759565220052549 0.8276065868523026 0.615294659961836 0.8951671702874034 0.6695368451896804
3 0.3381025334219844 0.15588235540777798 0.2492634641349675 0.08819543896645611 0.20775222353244324 0.1426789370184713 0.2965912928194601 0.21036585345979322
2 0.8259566198727162 0.5570056950511151 0.758873465445666 0.49929975640338775 0.7302853719780943 0.532533415430535 0.7973685264051444 0.5902393540782623
2 0.21569725324195246 0.11902043094475004 0.18802384133561137 0.0844001979262933 0.16457463977758435 0.10314413339443834 0.19224805168392545 0.13776436641289508
2 1.0263253172830409 0.7183119923615587 0.9489856961976704 0.6509686480048035 0.9169423664956791 0.6877684090077184 0.9942819875810496 0.7551117533644737
3 0.7894285967173376 0.277466154129665 0.6802694706585626 0.22220434151445653 0.6363447605008562 0.30896919315959886 0.7455038865596311 0.3642310057748074
3 0.9873978426871785 0.4512151513781352 0.8649163155607974 0.356083871423557 0.8384771547616041 0.39012429211558725 0.9609586818879852 0.4852555720701654
2 0.7161645734250164 0.5982515396734616 0.6544832900291382 0.5317514076108412 0.6233589175292847 0.5606203914930772 0.6850402009251629 0.6271205235556975
2 0.6440355061040717 0.604604143811798 0.5887513571782266 0.5501838069096747 0.5582610687308902 0.5811580665939942 0.6135452176567354 0.6355784034961173
1 0.47245452845017916 0.46859102956580023 0.30468750000000006 0.31203703605769234 0.25163582529719086 0.36888848787795453 0.4194028537473699 0.5254424813860624
2 0.45232385527706487 0.35998560215524306 0.39605277994236615 0.3089861080984042 0.36790294575319155 0.34004566015107607 0.42417402108789026 0.39104515420791497
3 0.23289351778846162 0.3060648144230769 0.19219907355769233 0.22467592596153846 0.1548842581730769 0.24333333365384616 0.19557870240384617 0.32472222211538465
2 0.20229108285748948 0.20708626419461335 0.1719651365024301 0.17107419305662563 0.15019715247209614 0.18940512196744155 0.1805230988271555 0.22541719310542924
1 0.3705860432665288 0.3003073836857614 0.22689338586098204 0.1800144105873385 0.18054488007572836 0.23537874144987644 0.32423753748127504 0.3556717145482993
0 0.3615617114319121 0.52554667803764 0.3585223811256081 0.49132606789308375 0.34402598733959483 0.49261357646700543 0.3470653176458989 0.5268341866115617
2 0.3149741883851365 0.8252019826425834 0.2781452809893553 0.8101356113035193 0.23440265565193455 0.917062027860321 0.27123156304771573 0.9321283991993852
2 0.3070318371859146 0.06860064475265595 0.2696826810529385 0.04126009396776412 0.2521598067433172 0.06519759887165999 0.2895089628762933 0.09253814965655183
2 0.3375938883687421 0.2580364062285451 0.30079325386017597 0.22925012883276846 0.2954910313568184 0.2360285375080696 0.3322916658653845 0.2648148149038463
2 0.22174698159012565 0.7621618505871998 0.18145999832465212 0.7412171966441126 0.12890411297972254 0.8423082950765195 0.16919109624519607 0.8632529490196066
2 0.12487552276574357 0.19735874817847396 0.0968324724183783 0.15858317185689297 0.07015882690471065 0.1778739330794732 0.09820187725207594 0.2166495094010542
3 1.0519262451130553 0.5330813748095738 0.8632315613089561 0.3893139877863966 0.80431238240939 0.4666454053119752 0.9930070662134892 0.6104127923351524
2 0.9782950159296264 0.5913370492104911 0.9072256279301272 0.5355963531186261 0.8756855189492417 0.5758099923421981 0.946754906948741 0.6315506884340631