2 0.3751852351208864 0.08910429225671773 0.33760327107670296 0.05792518477226363 0.3138824283995786 0.08651727506971392 0.35146439244376215 0.11769638255416802
2 0.07332886318320789 0.12474025003911601 0.0484138417566887 0.08447355001086532 0.02261419421715237 0.10043708242830231 0.04752921564367155 0.14070378245655302
3 0.9254982442919268 0.47595546121968624 0.8375752494929016 0.41250388331103116 0.7973131800339411 0.46829385481866337 0.8852361748329662 0.5317454327273184
2 0.3200713586198422 0.8393704339839269 0.28239479728921224 0.822133408110919 0.23763473010646924 0.9199696258435004 0.27531129143709926 0.9372066517165083
0 0.3866176017443711 0.5411055173112806 0.3742072239226386 0.5006568788384652 0.3601862159136964 0.5049587790606311 0.37259659373542886 0.5454074175334465
3 0.5597756820380637 0.15700305653637794 0.5063137249335143 0.12327795294788854 0.4771062790068731 0.1695783955000201 0.5305682361114226 0.2033034990885095
2 0.8521153775173874 0.13107676331866228 0.8341771442700909 0.10657185159881385 0.7997406331635771 0.13178027411891663 0.8176788664108734 0.15628518583876508
2 0.6131599905086567 0.2627925036736893 0.5709563570406611 0.23189832975326008 0.5489424280481777 0.2619709186103745 0.5911460615161732 0.29286509253080373
2 0.7555100997349632 0.6296351279547534 0.6906802741211029 0.5660520302544974 0.6600186543308204 0.5973148585207977 0.7248484799446808 0.6608979562210536
2 0.5379382175402052 0.42538953896048465 0.48710489001589197 0.3802043415599572 0.46181752919391755 0.408652611543036 0.5126508567182307 0.45383780894356346
3 1.0174849053463488 0.9599204263704941 0.8920813881095115 0.8292316794919075 0.8367645449257972 0.8823114347375594 0.9621680621626344 1.013000181616146
3 0.6795231710450614 0.699931670821565 0.5739585035017771 0.5514813592299314 0.5106556452418697 0.5964967257529034 0.6162203127851538 0.7449470373445369
3 0.33293295161658604 0.32461174791122704 0.23931498550263303 0.23383069676513732 0.19413435967297732 0.28042322069528225 0.28775232578693033 0.37120427184137195
2 0.8255948697679307 0.5601848308578654 0.7654154190169735 0.5025771544282974 0.7344264628985642 0.5349495477295867 0.7946059136495214 0.5925572241591547
2 0.9182829328663421 0.6424723502734072 0.852420341000651 0.5702293179104547 0.8167192082006894 0.6027773583489197 0.8825818000663805 0.6750203907118723
2 0.36224965597506287 0.13108757813604305 0.3277394104553916 0.09274286310415893 0.3002877524487518 0.11744935673550928 0.33479799796842297 0.1557940717673934
2 1.0266367726435977 0.7231260073526685 0.9445771522487267 0.6623411010185859 0.9143881956068548 0.7030961909176088 0.9964478160017258 0.7638810972516914
3 0.1518872096990898 0.17981980869294556 0.1059914303576858 0.13248979079808595 0.08090926846528713 0.15681188951725686 0.12680504780669113 0.2041419074121165
1 0.3922860927974883 0.30682662028897434 0.24424151448686143 0.15445326680871363 0.19026783301346198 0.2068936097630127 0.3383124113240888 0.35926696324327345