2 0.9258905598814227 0.6278106649745788 0.8568894065879203 0.5735146768671064 0.8259295178343357 0.612859536483758 0.894930671127838 0.6671555245912304
3 0.33601919812855646 0.15495642904410406 0.24718013000035216 0.08726951348568693 0.2057326548778793 0.14166931935318197 0.2945717230060836 0.2093562349115991
2 0.8247496962518777 0.5526066815585965 0.7570049710549871 0.4982166599691754 0.7293003178317974 0.5327238005150651 0.7970450430286881 0.5871138221044861
2 0.21413475187925018 0.11716857935915878 0.18646134347650298 0.08254834599330153 0.1630121399755757 0.1012922804533234 0.1906855483783229 0.13591251381918065
2 1.0260604194807004 0.7176085944309466 0.9470741486896197 0.6502069778557907 0.9153261578083562 0.6874116553136985 0.994312428599437 0.7548132718888543
3 0.6827839423231029 0.21681741773025182 0.5842566150138065 0.14951972724861146 0.5356641608441215 0.22066161343331903 0.6341914881534177 0.2879593039149594
3 0.9183230766793751 0.4127982077262581 0.8022554911361955 0.30900700219090904 0.7615365803222052 0.3545421285992666 0.8776041658653847 0.4583333341346156
2 1.0123339465725514 0.9576672629094308 0.9248618013236983 0.8728457866897471 0.8867064664574238 0.9121934748247349 0.9741786117062768 0.9970149510444186
1 0.6273182377401334 0.6368971688384464 0.43229166586538464 0.4379629639423079 0.37272536755821645 0.4963592109033611 0.5677519394329653 0.6952934157994994
2 0.6789188213415732 0.5507056206918405 0.6114583341346154 0.49074074038461546 0.5781249997759262 0.5282407397934137 0.6455854869828841 0.5882056201006387
3 0.24583333413461544 0.3620370360576923 0.21562500000000007 0.3620370360576923 0.21562500000000007 0.48055555528846156 0.24583333413461544 0.48055555528846156
2 0.28080398489451897 0.27418610268109894 0.24629880855707775 0.23889672038171209 0.22249182180141436 0.262174664696469 0.25699699813885557 0.2974640469958558
1 0.4687565610268437 0.3896845303746603 0.3114419758093582 0.25183751696779 0.26068096008760094 0.309767304027569 0.4179955453050865 0.4476143174344393
0 0.46833163383194637 0.656023128608592 0.4623848979757215 0.6073920756231946 0.4423270348786843 0.6098448050287087 0.44827377073490915 0.658475858014106
2 0.31341168838513656 0.8252019826425836 0.27658278098935524 0.8101356113035195 0.23284015565193455 0.9170620278603211 0.2696690630477158 0.9321283991993852
2 0.5064947978137506 0.40078879376433946 0.4572916658653845 0.36296296394230776 0.43286580129053154 0.3947356717264846 0.4820689332388976 0.4325615015485163
2 0.22018448140036184 0.7612359220526905 0.17989749878718314 0.7402912692725944 0.12734161399910657 0.841382370610382 0.16762859661228527 0.8623270233904781
2 0.2033238022501951 0.25899686326741 0.16521838022927776 0.22794800115140199 0.14269845719872046 0.25558608874867755 0.18080387921963778 0.2866349508646856
3 0.9143616575105995 0.42293360232764515 0.7255723996291862 0.2986279169306446 0.6721596793189895 0.3797484851217504 0.8609489372004029 0.504054170518751
2 0.6243038004398791 0.32168945545949185 0.5699554835871379 0.2841153146039078 0.5451471240532653 0.3199988385872183 0.5994954409060064 0.3575729794428023
2 0.09594754921467329 0.17691492981360593 0.06384236034375265 0.13315674774415928 0.04126086791425913 0.14972469104412464 0.07336605678517977 0.1934828731135713
2 0.867535613745712 0.1025635706594722 0.8236230389638025 0.0979321663157758 0.8203409046733985 0.12905166199699433 0.8642534794553078 0.13368306634069074
3 0.24531250000000013 0.95740740625 0.1871394230769232 0.95740740625 0.1871394230769232 1 0.24531250000000013 1