2 0.23357209614833205 0.7439885357908907 0.19603930483792323 0.7243323543628986 0.15013787344823934 0.8119795330130007 0.18767066475864816 0.831635714440993
1 0.24355846685772925 0.24781790986953833 0.11886761489519458 0.12348129219503858 0.07396178660335838 0.16851505692596325 0.19865263856589307 0.292851674600463
2 0.7152720152070037 0.1704645009847301 0.7060972806737159 0.13605924350752327 0.6643765849641101 0.1471847614006329 0.6735513194973978 0.1815900188778397
2 0.83272760854451 0.5554884853546042 0.7647669998066946 0.5017912052175206 0.7364413281999455 0.5376408773124148 0.804401936937761 0.5913381574494984
0 0.10279036971540573 0.23591438109870194 0.09920182998561083 0.2040162980143148 0.08613800187585421 0.20548598088118336 0.08972654160564911 0.2373840639655705
2 0.2793724491905841 0.7729863813997032 0.2417463874119394 0.7545428917487411 0.18197566083131905 0.8764795259452735 0.2196017226099638 0.8949230155962357
3 0.13841358696910439 0.6983846534592286 0.08776448959411952 0.6680201862883461 0.00922057000900062 0.7990344606008714 0.0598696673839855 0.8293989277717538
2 0.2659982928564252 0.2561243849567935 0.23334257855830934 0.2063632917178016 0.20634219931668138 0.22408228889137022 0.23899791361479725 0.27384338213036213
0 0.6710309758673412 0.1083664551680088 0.6693594033051069 0.08459301901646445 0.6508312126588798 0.08589578462908563 0.6525027852211139 0.10966922078063002
2 0.25039790725205235 0.18547530198018428 0.21249935584758434 0.14804463248674776 0.19033028542061547 0.17049081543073907 0.2282288368250835 0.2079214849241756
0 0.47355637908311604 0.7075265056398752 0.46586407163424765 0.6815649667517932 0.43605046802234654 0.6903986266565502 0.44374277547121493 0.7163601655446321