2 0.3830986660723949 0.38632129717024033 0.3664951092510922 0.3472121372758147 0.30341435064964367 0.3739926910539416 0.32001790747094633 0.41310185094836727
2 0.6170568683601674 0.3937208440242064 0.5636903140271928 0.36604930037386363 0.542879504716045 0.40618443702724627 0.5962460590490195 0.4338559806775889
2 0.7530100548608553 0.49341635695486097 0.6915050354957472 0.43874520891717006 0.6618498567056174 0.47210727302647376 0.7233548760707253 0.5267784210641646
2 0.8172593392879738 0.47136015161294953 0.7671479885482791 0.4268167308747313 0.7393318980441479 0.458109834196355 0.7894432487838425 0.5026532549345732
2 0.8515333609440093 0.394016037636708 0.8033563911173739 0.3621470352892301 0.7812903292489215 0.39550471574743984 0.8294672990755569 0.42737371809491775
2 0.9531799670619463 0.6449487501990087 0.866569657762002 0.579805954030019 0.8311398687829661 0.6269114693343624 0.9177501780829105 0.6920542655033519
2 0.645737491777479 0.1473843327473881 0.6394143237844367 0.11655888638731918 0.5945559512876115 0.12576060310793497 0.6008791192806539 0.15658604946800386
2 0.7021659815952599 0.1398689927768807 0.6928337178316349 0.10924750217629867 0.6568121143677345 0.12022551461529597 0.6661443781313594 0.150847005215878
3 0.5533401812520247 0.24711088742690795 0.44549682895012277 0.23396426998915684 0.43515446057862694 0.31880401536126146 0.542997812880529 0.3319506327990126
2 0.36428005982335093 0.23603981140339123 0.3320097319655871 0.20492200337623928 0.3117540341802562 0.22592791767296794 0.34402436203802006 0.25704572570011985
2 0.3986530624617164 0.6847244390363 0.3624907594808898 0.6609929213484771 0.31306834913071996 0.7363032407572792 0.34923065211154647 0.760034758445102
2 0.22719652695288015 0.737265221235532 0.18445396384832738 0.7166572051171597 0.13655374799608788 0.8160058268877332 0.17929631110064065 0.8366138430061054
3 0.3082809234789792 0.8316737351609353 0.2574589060651823 0.8111352248040403 0.1966644527161317 0.9615695412699592 0.2474864701299286 0.9821080516268542
2 0.9945243764548071 0.6011530459665383 0.9311776143104336 0.5609328735589375 0.90720562549892 0.5986887503359241 0.9705523876432935 0.638908922743525