2 0.9210398843778412 0.6208072660878894 0.8516831962398019 0.5673769329064686 0.8203780301971104 0.6080134498258034 0.8897347183351497 0.6614437830072242
3 0.3302439121909675 0.15321741154618085 0.24259377438505667 0.08396298500438383 0.20005522603380538 0.1378008378497946 0.28770536383971623 0.2070552643915916
2 0.8198169665044942 0.5485505767639536 0.7528407674723484 0.49251820478732944 0.7244270607305172 0.5264814658603362 0.791403259762663 0.5825138378369604
2 0.20892641910733706 0.11439080113705771 0.18125300720099596 0.07977056811860098 0.1578038071096697 0.09851450241435024 0.18547721901601083 0.133134735432807
2 1.024715129151342 0.7138292985141083 0.9419848960342685 0.6427425756807086 0.9101832357625402 0.6797531264970125 0.9929134688796138 0.7508398493304121
3 0.8702963930819128 0.1483867870149495 0.8436640902557359 0.08846410838532345 0.7486039530931519 0.1307130601596551 0.7752362559193288 0.19063573878928114
2 0.308724187216437 0.8233501307943546 0.2708001468338392 0.8078357511124905 0.22705752289993766 0.9147621684444889 0.2649815632825355 0.930276548126353
2 0.21549698159012565 0.7603099972218151 0.17520999930847062 0.7393653437902018 0.12253246180776664 0.8406904398039108 0.16281944408942167 0.861635093235524
2 0.646765550501964 0.1418363747965224 0.6439881376239937 0.11163199682961311 0.6005502193885739 0.11562628645317202 0.6033276322665441 0.14583066442008133
3 0.24635416586538475 0.9444444447115384 0.18030181730769243 0.9444444447115384 0.18030181730769243 1 0.24635416586538475 1
2 0.5517560117166072 0.5139625704573177 0.4933197226108574 0.45524396956140273 0.46465660675458287 0.483769276692237 0.5230928958603326 0.5424878775881521
3 0.6301543216994279 0.18741444831534124 0.5271209126308799 0.1258172866555104 0.4850380220705316 0.1962092261711079 0.5880714311390796 0.2578063878309388
2 0.3129608657574306 0.09084219052362555 0.27649698915321375 0.06590961846401572 0.25841080126178445 0.0923606609772797 0.2948746778660013 0.11729323303688953
2 0.7749999999999999 0.08981481490384625 0.7406250000000001 0.08981481490384625 0.7406250000000001 0.12407407451923087 0.7749999999999999 0.12407407451923087
2 0.5423235029831562 0.261795250994588 0.5011761240364143 0.23864985256256455 0.4826409496536658 0.2716012768558565 0.5237883286004077 0.2947466752878799
2 0.8120521486725945 0.3688386700483529 0.758491000196935 0.32803018505267006 0.736173134899953 0.35732238977327857 0.7897342833756125 0.3981308747689614
2 0.8061163036430804 0.41511711307783816 0.7538511022372998 0.3808849304071745 0.7320506146493942 0.4141695995586557 0.7843158160551749 0.44840178222931926
2 0.9708861705167245 0.5812265174456717 0.9031718069597283 0.528258831451659 0.8762113506060681 0.5627253200084865 0.9439257141630644 0.6156930060024993