3 0.9906331281314658 0.4076509646895168 0.8624054882369893 0.3312800892009874 0.8071883204551653 0.42399039350258005 0.9354159603496418 0.5003612689911094
1 0.11704261539456294 0.06882381706833726 0.012832523375679318 -0.015802211898016623 -0.02637547834363646 0.03247926269026789 0.07783461367524716 0.11710529165662177
2 0.41136213712220504 0.4413215665877237 0.38081733480954294 0.42217652158881375 0.34665604818899176 0.4766788613132874 0.37720085050165386 0.49582390631219736
1 0.24201768557429554 0.23889206741166694 0.11556152934717688 0.1137004754060465 0.06996082225522841 0.15976179667934437 0.1964169784823471 0.28495338868496484
2 0.9994791658653847 0.6898148149038461 0.9734375 0.6898148149038461 0.9734375 0.7435185192307692 0.9994791658653847 0.7435185192307692
2 0.61994791609583 0.19976272880547347 0.5994190690907522 0.1733685002048248 0.5592788467221637 0.20458867701780828 0.5798076937272415 0.23098290561845694
2 0.8304296685896495 0.5455109399830999 0.7603733288421056 0.49387049365454266 0.7328253660336326 0.5312425455842303 0.8028817057811766 0.5828829919127876
0 0.18075585041212783 0.30944901109139705 0.1758432846248596 0.27451520237969357 0.16294726715969785 0.2763287044433876 0.1678598329469661 0.3112625131550911
2 0.24806885281737653 0.7159571113503765 0.2084998274862796 0.6940317368935515 0.1525403600794984 0.7950225586327149 0.19210938541059533 0.81694793308954
2 0.6379675424072564 0.3059460883333766 0.6112012183990416 0.2794474239795861 0.5702134137580306 0.3208492412470202 0.5969797377662451 0.3473479056008107
2 0.2735007556247314 0.24104014031641768 0.22975720742002934 0.20474918714912735 0.2061576943285746 0.2331950213978128 0.24990124253327664 0.26948597456510315
0 0.4333333341346154 5.21219033312132e-17 0.4151041658653846 5.1005688702611605e-17 0.4151041658653846 0.013888889423076974 0.4333333341346154 0.013888889423076974
2 0.30002223513089843 0.21792005884593582 0.2579333467366217 0.18228925248565642 0.23675517418749445 0.20730596784713165 0.27884406258177113 0.24293677420741105
0 0.722045382145181 0.9526462822856158 0.7032678180316518 0.9059110152622714 0.681806726444771 0.9145337759499912 0.7005842905583002 0.9612690429733356
2 0.9350823699718446 0.6291671029379562 0.8654107337622953 0.5713654501862109 0.8328021565484252 0.6106704323242373 0.9024737927579746 0.6684720850759825