2 0.9235066274289296 0.6149280713506924 0.8558173844744091 0.5625234948597341 0.8248768792547393 0.6024883131101249 0.8925661222092598 0.654892889601083
3 0.33076474632558284 0.14951370721925772 0.24311460851967193 0.08025928067746078 0.2005760589990918 0.13409713500280354 0.2882261968050027 0.20335156154460046
2 0.8240854909316224 0.5432536483623998 0.7567579406901905 0.4873967032136856 0.7283657218391629 0.5216194580755721 0.7956932720805947 0.5774764032242863
2 0.20840558601386555 0.11068709858992803 0.18073217643872266 0.07606686375736985 0.1572829741101911 0.0948107972802465 0.18495638368533399 0.12943103211280468
2 1.0257906945938493 0.7042442276993304 0.9466723953986219 0.6362610952130558 0.9148707369890109 0.6732716452265317 0.9939890361842382 0.7412547777128062
2 0.31132835630974515 0.8205723536773011 0.27340431373404467 0.8050579724879902 0.22966168839662385 0.9119843890447916 0.2675857309723243 0.9274987702341027
2 0.22070531346735858 0.7501248098917739 0.18041833244039085 0.7291801586971706 0.12774079777429467 0.8305052569249831 0.1680277788012624 0.8514499081195864
2 0.6457238844863104 0.13720674506282446 0.6428576761791711 0.1060367139103018 0.5994197580134375 0.11003100320960482 0.6022859663205767 0.1412010343621275
3 0.24843750000000012 0.9416666658653846 0.1811431634615386 0.9416666658653846 0.1811431634615386 1 0.24843750000000012 1
3 0.2879098365384615 3.092829182248402e-17 0.21718749999999998 2.6597797668981576e-17 0.21718749999999998 0.034259259615384646 0.2879098365384615 0.034259259615384646
2 0.7119975479355202 0.12950980345022625 0.7049877439762443 0.09796568563348416 0.6677083331447963 0.10624999915158372 0.6747181371040724 0.13779411696832577
2 0.44737041420395435 0.11138112637711978 0.404800368930745 0.0916384963137843 0.3920009832608219 0.11923717114535023 0.43457102853403123 0.13897980120868572
2 0.2270752786459166 0.024240086235191163 0.20996769912115748 -0.0034260799997642122 0.18408810328607708 0.01257676043925108 0.20119568281083622 0.04024292667420645
2 0.3558413467491178 0.13307336025403962 0.32060897186095405 0.10567040765390345 0.30092147527025503 0.13098290848600375 0.3361538501584188 0.15838586108613992
2 0.8209763407082801 0.34840127791461356 0.7649903256008975 0.3132727963570577 0.74358342890252 0.34739003652281564 0.7995694440099027 0.3825185180803714
2 0.6825518534368595 0.3092175069883586 0.6311912107850325 0.273907063313281 0.6068916406179219 0.3092518907935102 0.6582522832697488 0.3445623344685878
2 0.866536466106439 0.4414574473265317 0.808671841674206 0.40387017035652667 0.7844561555443849 0.4411495823338596 0.8423207799766179 0.4787368593038646