3 0.317861060970059 0.892479072707246 0.27136381414816907 0.8701149085657812 0.21113542573184538 0.9953355170429933 0.25763267255373534 1.017699681184458
2 0.4225900002117487 0.7203060562517485 0.38646831498876505 0.6976786963335914 0.33933803871742485 0.7729161526742012 0.3754597239404085 0.7955435125923582
2 0.23942192247423932 0.7776931759856136 0.20265708002012464 0.7580826193044873 0.15686252252045146 0.843935852290563 0.19362736497456615 0.8635464089716892
1 0.2558427047126254 0.2748951791831101 0.13021803566351414 0.149971538508266 0.08519294353157986 0.19524929592411264 0.21081761258069107 0.32017293659895674
3 0.8295885609790508 0.5671622091987041 0.7532031856111734 0.49700082585596517 0.7154153709246882 0.5381407845004335 0.7918007462925656 0.6083021678431724
2 0.7195117068755863 0.20009852914108917 0.7132397592920088 0.16570082240048198 0.6718255383129237 0.17325213461888866 0.6780974858965011 0.20764984135949585
2 0.3201187396696531 0.4900468537267389 0.2897666685600043 0.4603067201803459 0.23320661342253934 0.5180305637138664 0.2635586845321881 0.5477706972602593
2 0.488864789205645 0.40483332086122087 0.48625962608930323 0.3623365759675349 0.4287866127177727 0.3658598240420662 0.4313917758341145 0.40835656893575223
2 0.644703704610525 0.43303205319012406 0.5866767228611276 0.39502608409352913 0.5661047494949242 0.4264350851384921 0.6241317312443214 0.464441054235087
2 0.2539657508686207 0.8624782664137556 0.2149356354451128 0.8447056240090602 0.1547711473995565 0.9768315543768454 0.19380126282306445 0.9946041967815409
3 0.9916114283836445 0.6972696403534882 0.9023707608694506 0.6242906088447534 0.8628399798214457 0.6726298813063122 0.9520806473356396 0.7456089128150469
2 0.03645044577505914 0.057920109193752775 0.002796347425893293 0.023214316175649466 -0.01619603569059647 0.04163117035771578 0.01745806265856938 0.07633696337581908