3 0.8689484365637867 0.8527758840337787 0.7726474165549526 0.7560096431063964 0.7269152585026075 0.801521935672882 0.8232162785114416 0.8982881766002642
2 0.2351345964376434 0.7458403898261756 0.1976018060548381 0.7261842080041401 0.15170037413169812 0.8138313837496588 0.18923316451450342 0.8334875655716942
1 0.24625551480112448 0.251126244218958 0.12239676385606257 0.12571924743163587 0.07722048328195455 0.1703377920710714 0.20107923422701648 0.29574478885839356
3 0.21341207730415712 0.5893231804995674 0.16796894190693937 0.5578947821594722 0.09020790761300283 0.670331476254025 0.1356510430102206 0.7017598745941205
2 0.7163136810723884 0.1732422774270378 0.7071389472971599 0.13883702279255355 0.665418251587554 0.14996254068566317 0.6745929853627823 0.18436779532014744
2 0.8390803661032146 0.566357681331054 0.7703398255308714 0.5083101121503111 0.7412884654600896 0.5427130376097604 0.8100290060324328 0.6007606067905034
0 0.05120392927365854 0.18597460663892323 0.039971638816402796 0.15269374474479905 0.0265990286083832 0.1572070005164189 0.03783131906563895 0.19048786241054308
2 0.27833078427524194 0.7785419371538551 0.2407047215465548 0.7600984470372025 0.18093399496593457 0.8820350812337348 0.21856005769462167 0.9004785713503873
3 0.3529927707978213 0.4487144492793267 0.31943791045336994 0.40305006996972487 0.24413414179084597 0.4583843913616847 0.27768900213529735 0.5040487706712865
2 0.2535683379490046 0.2476339279394293 0.22646339228149515 0.19681212256055464 0.20206472050925112 0.20982473924774078 0.2291696661767606 0.2606465446266154
0 0.7830101415209852 0.10095904681878279 0.7813385696599027 0.07718561292422194 0.7628103790806574 0.07848837810936103 0.76448195094174 0.1022618120039219
2 0.18068506233336315 0.1275580243603445 0.1455703600485908 0.09299201030902982 0.12487749292371182 0.11401334841963104 0.15999219520848415 0.14857936247094572
0 0.3724288102078811 0.7713740414373725 0.3592808730915525 0.7665885795920888 0.3445490835437747 0.8070638041048623 0.35769702066010345 0.8118492659501461