2 0.9223796688922454 0.6184159334950696 0.85477304904731 0.564136787137784 0.8231897444370818 0.6034749236327016 0.8907963642820173 0.6577540699899871
3 0.33024391219096744 0.15043963270002697 0.24259377438505653 0.08118520615823004 0.2000552248644764 0.13502306048357277 0.2877053626703873 0.2042774870253697
2 0.8205722246013967 0.5503533858679025 0.7560008963048548 0.4895803596571886 0.7256373177309633 0.521841655870326 0.7902086460275051 0.5826146820810398
2 0.20840558718626134 0.11253895101816738 0.18073217761111846 0.0779187161856092 0.1572829741101911 0.09666265064563108 0.184956383685334 0.13128288547818928
2 1.0251931576583388 0.7096721468646747 0.9440682270791508 0.6399647972752505 0.9122665685455094 0.6769753471819724 0.9933914991246974 0.7466826967713966
3 0.9707775311263109 0.0957736068286725 0.8727480775644442 0.09043867306152992 0.8686477397065921 0.16578241623972423 0.9666771932684589 0.17111735000686681
2 0.3097658559834553 0.8224242040967712 0.27184181269922364 0.8069098232278752 0.22809918792291248 0.9138362426190973 0.26602323120714416 0.9293506234879932
2 0.21862198159012555 0.7538285164525843 0.17833499930847052 0.7328838630209712 0.12565746180776674 0.8342089590346801 0.16594444408942177 0.8551536124662934
2 0.6457238859012959 0.13905859523982878 0.6428576753783463 0.10788856696443094 0.5994197566739656 0.11188285976986292 0.6022859671969154 0.14305288804526078
3 0.24739583413461552 0.9435185192307693 0.18092948798076935 0.9435185192307693 0.18092948798076935 1 0.24739583413461552 1
2 0.8763395074556667 0.8108774626689856 0.792936007452576 0.7277997565833784 0.7574916952148055 0.7633830656938423 0.8408951952178962 0.8464607717794496
3 0.4694019779317352 0.07921780779540456 0.3761809910512429 0.029154682389576046 0.3409593761237436 0.0947397547646999 0.43418036300423596 0.1448028801705284
2 0.7232127919153014 0.13262421270407262 0.7221300830099044 0.0979774177944403 0.687846433158284 0.09904877845278337 0.6889291420636809 0.1336955733624157
2 0.27195512706264924 0.08309740213785818 0.24974359302831262 0.05453970963814315 0.22658653963483583 0.072550747455337 0.24879807366917245 0.10110843995505205
2 0.613465404168128 0.2260993401159124 0.5678029885428365 0.19687539310412794 0.5490700666559423 0.22614558253920164 0.5947324822812338 0.25536952955098613
2 0.47076604569017183 0.1789987570071488 0.4336799202086677 0.15790087298866376 0.41734778575385545 0.1866097040373737 0.4544339112353596 0.2077075880558587
2 0.6141330111170213 0.3113522215832742 0.5666659295362868 0.28026267700806096 0.5455802141068599 0.3124560522456878 0.5930472956875945 0.343545596820901
2 1.0098419210085174 0.5039968393475646 0.94272958276796 0.44976464626107315 0.9182866466774244 0.4800127793558228 0.9853989849179816 0.5342449724423142
2 1 0.5435185192307693 0.9671875000000001 0.5435185192307693 0.9671875000000001 0.5996570649038463 1 0.5996570649038463