2 0.9229647426998105 0.6162989660252621 0.8552363764686041 0.5636213500162156 0.8239663454005817 0.6038256773318733 0.8916947116317882 0.6565032933409197
3 0.3302439121909674 0.14951370721925772 0.2425937743850565 0.08025928067746078 0.20005522486447638 0.13409713500280354 0.28770536267038727 0.20335156154460046
2 0.8236175626963681 0.5440848975767554 0.7549298016152365 0.4885796378437225 0.7264541930219678 0.5238182045867986 0.7951419541030993 0.5793234643198315
2 0.20840558601386555 0.11161302407069724 0.18073217643872266 0.07699278923813904 0.15728297411019107 0.09573672276101573 0.18495638368533396 0.13035695759357388
2 1.0256711869883646 0.7045890659532125 0.9461515592520306 0.6362610961676237 0.9143499039964401 0.6732716468287842 0.993869531732774 0.7415996166143729
3 1.001667795912717 0.09943214594596232 0.9024408976184334 0.09031947332948707 0.8952516780299515 0.16860210137340853 0.994478576324235 0.1777147739898838
2 0.3097658563097453 0.8214982791580704 0.2718418137340447 0.8059838979687595 0.22809918755421407 0.912910316584785 0.2660232301299146 0.928424697774096
2 0.2196636479669841 0.7519766645072274 0.1793766665938829 0.7310320115479588 0.12669912858170515 0.8323571085454862 0.16698610995480634 0.8533017615047547
2 0.6457238859012959 0.13905859523982878 0.6428576753783463 0.10788856696443094 0.5994197566739656 0.11188285976986292 0.6022859671969154 0.14305288804526078
3 0.24791666586538474 0.9425925937499999 0.1810363245192309 0.9425925937499999 0.1810363245192309 1 0.24791666586538474 1
2 0.9758701111037384 0.9045593288661902 0.8824980372322309 0.8121598777714826 0.8455154735682604 0.8495317303688599 0.938887547439768 0.9419311814635675
3 0.4313353400896033 0.053008511923153985 0.339550917269309 0.006139871250084519 0.3059223522874853 0.07199581208399447 0.3977067751077796 0.11886445275706393
2 0.7224142170699361 0.12673202605396583 0.7154044122931195 0.09518790819799702 0.678124999168552 0.10347222318156121 0.6851348039453686 0.13501634103753002
2 0.21856517796290642 0.04890814261283798 0.20428996628155455 0.020000840069919867 0.17663480904390225 0.03365770836686418 0.19091002072525412 0.0625650109097823
2 0.5718482908211322 0.19650996912456384 0.5292735002386459 0.16812678086121288 0.5104166653106511 0.19641203869267793 0.5529914558931373 0.22479522695602888
2 0.40793844114786115 0.14226782356272488 0.38509374556186127 0.11142747770116382 0.35772300469501533 0.13170209608168323 0.3805677002810153 0.1625424419432443
2 0.5460406637118844 0.2644600556251244 0.503043043977425 0.23301805484550447 0.48192971243438293 0.2618909948145067 0.5249273321688424 0.2933329955941267
2 0.954076367108179 0.459083588610395 0.8888523452366918 0.41432948432564987 0.8682092105750902 0.4444145075471579 0.9334332324465774 0.489168611831903
2 0.9514100609621786 0.5062330614293015 0.8882208459329027 0.45808889991209517 0.860227860867239 0.4948296945771628 0.923417075896515 0.5429738560943691