2 0.43534242142222007 0.38082207028654314 0.4330197187126642 0.3370536788856233 0.3733998509925222 0.3402175883614929 0.37572255370207813 0.3839859797624128
2 0.661074787694212 0.41844704156918117 0.607019502388988 0.3870680105333074 0.584046645550657 0.4266423469509096 0.6381019308558809 0.45802137798678333
2 0.8004472647376006 0.5312366062619801 0.7348503063029546 0.47015160846526416 0.7032946648967346 0.5040380645897446 0.7688916233313806 0.5651230623864605
2 0.8170028337066044 0.4687313052738322 0.7662192150518705 0.42539595543868036 0.7393724143512024 0.4568570534583957 0.7901560330059362 0.5001924032935476
2 0.8519430907195868 0.3938586981204041 0.8051346485434979 0.3610106699195223 0.7827359872020149 0.3929287636879776 0.8295444293781038 0.42577679188885936
2 1.0118813310535861 0.6865319233089313 0.9210152608604909 0.6179328809276524 0.8834675052238481 0.6676685168904585 0.9743335754169434 0.7362675592717373
2 0.645737491777479 0.14460655390123428 0.6394143237844366 0.11378110754116529 0.5945559508144255 0.12298282435884487 0.6008791188074677 0.15380827071891387
2 0.7021659809249203 0.13801713961579004 0.6933501274265795 0.10909012020515457 0.6573285246330187 0.12006813243985794 0.6661443781313595 0.1489951518504934
3 0.522269541181393 0.25139748027609776 0.40840002635076467 0.21874672175554044 0.385418342216442 0.298895341295832 0.49928785704707035 0.3315460998163893
2 0.33655311105625074 0.20976421424025254 0.3032387934845134 0.18165525743770666 0.2842721999705487 0.20413418200316924 0.31758651754228606 0.23224313880571515
2 0.36121474845517254 0.724718285083639 0.3229831418043366 0.7044302852068276 0.27709111880225534 0.7909112484599897 0.31532272545309126 0.8111992483368012
2 0.2278385690960985 0.7357671302690728 0.18554504857562873 0.7149507940353919 0.13659688483997134 0.8144010596418714 0.17889040536044115 0.8352173958755522
3 0.2870390370894401 0.885106255371697 0.23839607422200174 0.8626913787926315 0.17683528035806495 0.9962856637957545 0.2254782432255033 1.01870054037482
2 1 0.6074074062500001 0.9770833341346153 0.6074074062500001 0.9770833341346153 0.6549748894230769 1 0.6549748894230769