3 1.0542362323980747 0.46365063034657644 0.9190523148265513 0.37493616067746527 0.8610814837429247 0.46327264152429043 0.9962654013144481 0.5519871111934016
2 0.24792521083031432 0.7118360513811568 0.20916405815006137 0.6908714866613379 0.16423848568589755 0.7739338825089861 0.2029996383661505 0.7948984472288049
1 0.2417333283863168 0.24148110774266884 0.11704247521843966 0.11714448886625087 0.0713576207345495 0.16295949923024103 0.19604847390242666 0.287296118106659
2 0.6955679685055318 0.17678144213242314 0.6929323236379414 0.13929676648789407 0.6517297723001163 0.1421938248483555 0.6543654171677068 0.17967850049288459
2 0.8316859423685224 0.5508588553014968 0.7637253324613777 0.49716157424049956 0.7353996599307144 0.5330112475047233 0.8033602698378591 0.5867085285657204
0 0.15643619991542787 0.2896180863222568 0.15284766847017087 0.2577200032672484 0.13978384126850957 0.25918968264038567 0.1433723727137666 0.2910877656953941
2 0.12632508863997222 0.955106230862406 0.08402020856289417 0.9300366626560739 0.04338398538929459 0.998610262887062 0.08568886546637262 1.023679831093394
2 0.391112474415723 0.5864568306049556 0.3551246452003537 0.5632692177146367 0.2974927831112745 0.6527154931909466 0.3334806123266437 0.6759031060812656
2 0.27454242247012367 0.24566976894285106 0.23079887568926008 0.2093788169568196 0.20719936161779764 0.237824652386764 0.25094290839866124 0.2741156043727955
0 0.5557226071073658 0.07395046166217042 0.5478868097431122 0.049185472312738406 0.533476593002767 0.053744954925837495 0.5413123903670205 0.0785099442752695
2 0.2918142924794767 0.21747801696561953 0.2527851194406727 0.17782932657200634 0.2301688748791751 0.20009218856607586 0.2691980479179791 0.23974087895968904
0 0.5941029282081496 0.7798986626276315 0.5735418006486375 0.7372533657090141 0.5536797916949053 0.7468296925069071 0.5742409192544174 0.7894749894255246
2 1.0061749727219085 0.6940648758998731 0.9307384948267169 0.6320143070951528 0.8973802828302108 0.6725687463270803 0.9728167607254025 0.7346193151318006