2 0.919390798268776 0.47243568463763463 0.853763305747441 0.4119395664922308 0.8203863343792891 0.4481476242321242 0.886013826900624 0.5086437423775281
0 0.18964884456150494 0.3145361065276581 0.18285454087104863 0.27484875517208185 0.1719864687836678 0.27670932232431794 0.1787807724741241 0.31639667367989416
2 0.2715402943220883 0.8867925562434116 0.22979058203722388 0.8698317349220299 0.18157198423346793 0.9885236630392481 0.22332169651833236 1.0054844843606299
2 0.20634151036060705 0.7687619205775408 0.16070559485322514 0.7452309013612223 0.09476216793399181 0.8731211823341076 0.14039808344137372 0.8966522015504264
2 0.4571524377410681 0.2574096708023935 0.435351295511279 0.2541394999395845 0.4266219262065124 0.312335303698321 0.4484230684363016 0.31560547456113
2 0.29713796792146013 0.20225126783843 0.2562074411775017 0.1606710519072451 0.23207022359577195 0.1844311264433847 0.27300075033973037 0.2260113423745696
2 0.24480882527171294 0.1585221481248778 0.20648873823903222 0.11972305861860681 0.18887001597669784 0.13712426516981105 0.22719010300937856 0.17592335467608206
3 0.2509816720488516 0.2164353620350599 0.2022044487500276 0.13591421313241134 0.1725730610877016 0.15386399194650566 0.22135028438652557 0.23438514084915418
3 0.2337928726570112 0.2633316085069373 0.18891542407887368 0.1508183427870225 0.13840894297998646 0.17096354072324058 0.18328639155812398 0.2834768064431554
3 0.174032370640802 0.16666631449177416 0.08380371739196842 0.08029358540901625 0.04139402920023713 0.12459656264360675 0.1316226824490707 0.21096929172636464
2 0.818824036536401 0.5361107516147616 0.7597030656154858 0.47951633082942224 0.7287141119847901 0.5118887272785181 0.7878350829057053 0.5684831480638575
2 0.9115120998228293 0.6165464259894409 0.8456495068660355 0.5443033924296855 0.8099483753788176 0.5768514316713472 0.8758109683356115 0.6490944652311026
2 0.8851911600028567 0.5039709713227961 0.8190188847735567 0.4481381114138027 0.7858890703716016 0.4874030747431964 0.8520613456009016 0.5432359346521898
2 1.023917932151197 0.6967997495327135 0.9338228380012737 0.6395965066656141 0.9059901916576414 0.6834329181536299 0.9960852858075646 0.7406361610207294
3 0.07890725219601837 0.10634819032624236 0.031955402819515887 0.06012996145357555 0.007096378171988049 0.0853835726231665 0.05404822754849053 0.1316018014958333
1 0.1266434373382973 0.059991865021048814 0.02039786970498788 -0.02538402065388932 -0.020295950516605873 0.02525718786103724 0.08594961711670356 0.11063307353597537
3 0.44788104522281336 0.11682609875091192 0.39846292411233475 0.05196476935484954 0.3520051336411632 0.08736115634547718 0.4014232547516418 0.15222248574153957
2 0.3394689627499137 0.5529810825053911 0.3022780582923118 0.5320612183603779 0.2610070682144066 0.6054319361728017 0.29819797267200854 0.626351800317815