2 0.9227361106726497 0.6143611130084937 0.8548472222106839 0.5634444442141026 0.8240000000346156 0.6045740718048077 0.8918888884965814 0.6554907405991989
3 0.3302439121909674 0.14951370721925772 0.2425937743850565 0.08025928067746078 0.20005522486447638 0.13409713500280354 0.28770536267038727 0.20335156154460046
2 0.8236175626963681 0.5440848975767554 0.7549298016152365 0.4885796378437225 0.7264541930219678 0.5238182045867986 0.7951419541030993 0.5793234643198315
2 0.20840558601386555 0.11068709858992803 0.18073217643872266 0.07606686375736985 0.1572829741101911 0.0948107972802465 0.18495638368533399 0.12943103211280468
2 1.0256711869883646 0.7036631404724432 0.9461515580638031 0.6353351696658591 0.9143499028082128 0.6723457203270196 0.9938695317327741 0.7406736911336036
3 1 0.09722222115384627 0.9078124999999999 0.09722222115384625 0.9078124999999999 0.17592592548076938 1 0.17592592548076938
2 0.3102866883851366 0.8205723528348913 0.27236264786866016 0.8050579724879903 0.2286200225312393 0.9119843890447918 0.2665440630477158 0.9274987693916928
2 0.21966364777722028 0.7510507359727181 0.17937666705641384 0.7301060841764406 0.1266991295340914 0.831431184217423 0.16698611025489785 0.8523758360137005
2 0.6457238859012959 0.13905859523982878 0.6428576753783463 0.10788856696443094 0.5994197566739656 0.11188285976986292 0.6022859671969154 0.14305288804526078
3 0.24791666586538474 0.9425925937499999 0.1810363245192309 0.9425925937499999 0.1810363245192309 1 0.24791666586538474 1
2 1.0056378979156253 0.9304245091948299 0.9083298490532369 0.8353571037888526 0.8699602126415391 0.8746310740716979 0.9672682615039275 0.9696984794776752
3 0.4207349024344676 0.04299358220023852 0.3282946326067716 -0.001183370432063009 0.29610275250229934 0.06617813609571802 0.3885430223299953 0.11035508872801955
2 0.7218933825791853 0.1267320268947964 0.7148835786199095 0.09518790907805429 0.6776041677884616 0.10347222259615381 0.6846139717477375 0.13501634041289592
2 0.2042904002348521 0.038003681812553675 0.18837213692877056 0.010022367747081377 0.1615434970747982 0.02528488731068345 0.1774617603808798 0.053266201376155745
2 0.561226205956298 0.1872081247033896 0.5172144692088869 0.1611270911311037 0.4998879031205691 0.19036566648518735 0.5438996398679803 0.21644670005747324
2 0.391271773879599 0.13115671009450114 0.36879613106194253 0.10081459345766944 0.3417616995876135 0.12084009902368048 0.36423734240526995 0.15118221566051218
2 0.5287735068039323 0.2518197080180649 0.48655643267919924 0.22094847009830823 0.4650801586685113 0.25031773135660224 0.5072972327932445 0.28118896927635895
2 0.9421737992141755 0.4506509367453377 0.8787718687685532 0.4023447063472786 0.8553062238761442 0.43314336674927034 0.9187081543217666 0.48144959714732943
2 0.9262445022621347 0.48764108252208543 0.865089143541496 0.4384579336485901 0.836213663306652 0.4743623113153121 0.8973690220272909 0.5235454601888074