3 1.0000000000000002 0.5037037043269232 0.9855999788179304 0.5035276168353252 0.985079144683315 0.5461202081814789 0.9994791658653848 0.5462962956730769
2 0.23305126201371673 0.7430626103101213 0.19551847070330786 0.7234064288821292 0.1496170393136239 0.8110536075322318 0.1871498306240328 0.830709788960224
1 0.2435005959938095 0.24457585118376476 0.11880974282593239 0.1202392323073468 0.07344095246874299 0.16573727807980942 0.1981318056366201 0.29007389695622743
2 0.7147511804739205 0.1686126477789369 0.7055764466986921 0.13420739314445265 0.6638557509890861 0.14533291103756235 0.6730304847643146 0.1797381656720466
2 0.8322067740752066 0.5536366173452315 0.7642461518941699 0.4999393614379437 0.7359204871383175 0.5357890481299955 0.8038811093193542 0.5894863040372832
0 0.11893619991542786 0.24980327141841066 0.11534766847017092 0.21790518836340234 0.10228384126850962 0.21937486773653955 0.10587237271376657 0.2512729507915479
2 0.2871849501406266 0.7507641583077015 0.24955888741193943 0.7323206681910488 0.1897881608313191 0.8542573023875811 0.22741422356000626 0.8727007925042337
3 0.02916666586538472 0.8101851850961539 9.924999478719516e-17 0.8101851850961539 1.0596671425918811e-16 0.9198775384615385 0.029166665865384724 0.9198775384615385
2 0.2735007582651308 0.24474383607725114 0.22969525036837962 0.20840149277879613 0.20609574157046423 0.23684733240219982 0.24990124946721542 0.27318967570065483
0 0.6439476417327261 0.10836645516800852 0.6422760691704913 0.0845930190164643 0.6237478785242642 0.08589578462908584 0.6254194510864988 0.10966922078063007
2 0.266367276415765 0.19797627969868778 0.22830595108274332 0.1593108082034242 0.2058219674454566 0.18144348066044916 0.2438832927784783 0.22010895215571274
0 0.5009907616049879 0.7118950139312716 0.4997725211611138 0.6810583679270804 0.46957473819454176 0.6822513692839792 0.47079297863841585 0.7130880152881705