2 0.3512234203453624 0.39838926892489357 0.3267345137089474 0.36395175092116155 0.2651612212806099 0.4077372121559353 0.2896501279170249 0.44217473015966735
2 0.5865335052301773 0.37873711401273186 0.5341280063980783 0.35544578231824137 0.5154853953024383 0.3973916593000603 0.5678908941345372 0.42068299099455086
2 0.7266575572999383 0.47801291673376145 0.6676564407865588 0.422807196027108 0.6374114300891838 0.45513155258403937 0.6964125466025632 0.5103372732906929
2 0.817780172079751 0.4732120037846998 0.7676688214892601 0.42866858317910794 0.7398527299241213 0.4599616876943657 0.7899640805146121 0.5045051082999575
2 0.851230490940795 0.3944320552566087 0.8047164909927476 0.36489936085245134 0.783198565287948 0.3987900983997251 0.8297125652359955 0.4283227928038825
2 0.9194610188549924 0.6203170985679225 0.8363568308387337 0.557281032612323 0.8017607415716441 0.6028911109618282 0.8848649295879029 0.6659271769174278
2 0.6457374913042929 0.15016210928675958 0.6394143233112506 0.11933666292669062 0.5945559508144254 0.12853837964730647 0.6008791188074677 0.15936382600737536
2 0.7021659809249202 0.14172084394271314 0.6925755123638229 0.11025211884693392 0.6565539095702622 0.12123013108163724 0.6661443781313594 0.15269885617741646
3 0.5739684019093082 0.24365817933730177 0.47135416586538476 0.238888889423077 0.46748935980862255 0.32204259324589146 0.570103595852546 0.3268118831601162
2 0.38503628451511496 0.2507802707924656 0.35149365000506455 0.21843559595652143 0.33023415170859766 0.24048248883277848 0.36377678621864806 0.2728271636687226
2 0.42882312789840454 0.666456010087052 0.393112856596109 0.6371552795357586 0.3397795274288127 0.7021552852757077 0.3754897987311082 0.7314560158270011
2 0.22719653011086652 0.7391170789553995 0.18445396935908345 0.7185090563283142 0.13655373945563867 0.8178576703958031 0.17929630020742177 0.8384656930228883
3 0.32332534017940723 0.795953963712663 0.2721303901688655 0.7757104166218637 0.21481687596738538 0.9206535178141849 0.26601182597792716 0.9408970649049843
2 0.9651940245060397 0.5851592191835433 0.9070098851985962 0.5353555155156682 0.8795308119230355 0.5674584739254857 0.9377149512304791 0.6172621775933609