2 0.891297232389817 0.5781013271353901 0.8238518570373827 0.5264190465549418 0.7934692294632055 0.5660683750659753 0.8609146048156398 0.6177506556464236
3 0.3645876779755796 0.16495513511980242 0.2742040341609975 0.09949208502797235 0.23319764720507927 0.15610885842223848 0.3235812910196614 0.22157190851406858
2 0.7386497232851542 0.4696540484449664 0.6822648250096377 0.4139652578828263 0.6517630622116457 0.44484829152798405 0.7081479604871621 0.5005370820901242
2 0.20736391910733706 0.10327969056013465 0.17969050720099594 0.0686594575416779 0.15624130710966974 0.08740339183742717 0.18391471901601086 0.12202362485588392
2 1.0254321733092435 0.6932417212712575 0.9451098962057922 0.6242240563685608 0.9133082357522204 0.6612346070283508 0.9936305128556717 0.7302522719310474
2 0.30515303461502036 0.8128301205999716 0.2669602206984567 0.7974389869870083 0.2240738188571686 0.9038608014072078 0.26226663277373224 0.9192519350201712
2 0.22025590219692537 0.7311669773675037 0.18021991680766014 0.710663475161052 0.12810599370797165 0.8124232741840646 0.1681419790972369 0.8329267763905163
2 0.6452030519169495 0.12609563122352668 0.6423368411700916 0.09492560299350203 0.598898922396025 0.09891989612319013 0.6017651331428829 0.1300899243532148
3 0.2577795047917931 0.9545618969031237 0.2053393557795278 0.9286655260245092 0.1704976031936199 0.9992200722973364 0.22293775220588521 1.0251164431759507
2 0.7041299032130689 0.12049427932164956 0.6971200989453021 0.08895016375640467 0.6600490199474314 0.09718818226202758 0.6670588242151982 0.12873229782727247
2 0.8226294710881756 0.14192363651704237 0.8074799400176151 0.1123486306347145 0.766097500995436 0.13354641325685387 0.7812470320659965 0.16312141913918174
2 0.20468750000000002 2.2930235591220703e-17 0.1697916658653846 2.0793482012394018e-17 0.1697916658653846 0.026851850961538484 0.20468750000000002 0.026851850961538488
2 0.8667660628925352 0.3858981260298811 0.8197102590999231 0.35522471345541373 0.7983476088615771 0.38799696126662003 0.8454034126541892 0.4186703738410874
2 0.8636944480653825 0.4812777864817309 0.8096944523884618 0.44077777220000247 0.7845138915192332 0.4743518388317329 0.8385138871961538 0.5148518531134614