2 0.925855351958255 0.6284157637781427 0.8571448729479361 0.5734473805698875 0.8261150631449342 0.6122346428236398 0.8948255421552531 0.667203026031895
3 0.33601919812855646 0.15495642904410406 0.24718013000035216 0.08726951348568693 0.2057326548778793 0.14166931935318197 0.2945717230060836 0.2093562349115991
2 0.8247496962518777 0.5526066815585965 0.7566882767492136 0.49796239648108526 0.7288232292212905 0.5326693138937564 0.7968846487239547 0.5873135989712676
2 0.21413475187925018 0.11716857935915878 0.18646134347650298 0.08254834599330153 0.1630121399755757 0.1012922804533234 0.1906855483783229 0.13591251381918065
2 1.0260604194807004 0.7176085944309466 0.9470741486896197 0.6502069778557907 0.9153261578083562 0.6874116553136985 0.994312428599437 0.7548132718888543
3 0.6636550252241845 0.20473598567104773 0.5676137105978516 0.13913634862694776 0.5196181988502212 0.2094042990625152 0.615659513476554 0.27500393610661517
3 0.9057525677842654 0.41524509255915937 0.7992672466143891 0.29389429453583665 0.7518450975244504 0.33550722876176037 0.8583304186943267 0.456858026785083
1 0.657861061452488 0.6696010890362334 0.4572916658653846 0.463888889423077 0.3956483179944126 0.523991153886228 0.596217713581516 0.7297033534993843
2 0.7362571835030898 0.6025989774688911 0.6656249999999999 0.5398148149038461 0.631142241064999 0.5786079190448226 0.7017744245680889 0.6413920816098676
3 0.25244084073235273 0.40429671594970074 0.21577122296136014 0.3982962326955384 0.1958001309319735 0.5203417880562561 0.23246974870296613 0.5263422713104183
2 0.29494787714497867 0.2874861485306282 0.2604427008930465 0.2521967661336102 0.23603348765636728 0.27606355403675537 0.27053866390829945 0.3113529364337734
1 0.49195658777195983 0.4102454268679567 0.3307291658653846 0.2675925937500001 0.27863441016412704 0.3264705211839515 0.43986183207070234 0.46912335430190805
0 0.489440344294302 0.6781080937058243 0.4821084919883293 0.6285773853495329 0.4625802520042063 0.6314680803569461 0.46991210431017905 0.6809987887132377
2 0.31289085630974517 0.8252019834849933 0.27606194685473995 0.8101356113035193 0.23231932151731913 0.917062027860321 0.2691482309723243 0.9321284000417948
2 0.5438479400973735 0.43388410054886734 0.4930735410001662 0.39485032965838107 0.4675593942738682 0.4280386545102211 0.5183337933710755 0.4670724254007074
2 0.22018448140036184 0.7612359220526905 0.17989749878718314 0.7402912692725944 0.12734161399910657 0.841382370610382 0.16762859661228527 0.8623270233904781
2 0.21931748110817947 0.27891713641742716 0.1836260664697145 0.24087759969974376 0.15803992328322225 0.26488434963063107 0.19373133792168729 0.30292388634831446
3 0.884996208932133 0.4005053856735553 0.6991623607132452 0.28625198401813823 0.6485831693858782 0.36851934435907524 0.834417017604766 0.4827727460144924
2 0.5749233874642399 0.282711148250102 0.5257466238210431 0.24908601340232345 0.5008905680468633 0.2854379978759176 0.5500673316900601 0.3190631327236962
2 0.11336854252898262 0.18962356429585756 0.07846440696602502 0.14601960015490706 0.054205249439955666 0.1654385896806289 0.08910938500291328 0.2090425538215794
2 0.843131891715773 0.09785271828356334 0.8005897383471202 0.09519382986309285 0.7986327261888975 0.12650597923290535 0.8411748795575502 0.12916486765337584
3 0.24843750000000012 0.95 0.1876802884615386 0.95 0.1876802884615386 1 0.24843750000000012 1