2 0.6788261422591849 0.41708215735236787 0.6155694806538334 0.37959672858057014 0.5925576358697582 0.41842921699314195 0.6558142974751097 0.45591464576493956
2 0.8485155657755232 0.5475079387912886 0.784541215003187 0.49652453939924546 0.7543360688509526 0.5344261826422477 0.8183104196232889 0.5854095820342908
2 0.8381467789460635 0.46599712492704204 0.7856310558605742 0.42500924262933637 0.7596599457712331 0.45828472672896103 0.8121756688567223 0.49927260902666676
2 0.854447114776542 0.3784277051812486 0.807865919262141 0.34737357633130156 0.7858039531929589 0.38046652702608175 0.8323851487073599 0.4115206558760289
2 1.0051460993502876 0.6801245264299867 0.9222141123275784 0.6076566504587534 0.8899126399945789 0.6446223438564472 0.9728446270172881 0.7170902198276804
2 0.8729742086801983 0.1454396919902527 0.8694983324388197 0.11350509331043852 0.8214287471701816 0.11873715935402379 0.8249046234115601 0.15067175803383795
2 0.6469468552699019 0.1255579870804971 0.6396051475170299 0.0908684012704916 0.594596431263203 0.1003940509244643 0.601938139016075 0.13508363673446977
2 0.6997200279242666 0.12708253022675725 0.6986820693928265 0.09017722302355684 0.6644123019321087 0.09114105723066618 0.6654502604635487 0.12804636443386658
3 0.3917633856062622 0.19215461265870587 0.3036017085890427 0.12249599193604568 0.26156360519237876 0.17570045759477418 0.34972528220959825 0.24535907831743436
2 0.21962032133210785 0.11253312006923712 0.19011796276221235 0.0831618827056725 0.17008112366356 0.10328817171347074 0.19958348223345548 0.13265940907703533
2 0.2217230447798417 0.7284833287327028 0.17974397399913103 0.7078217606864624 0.1292040610981702 0.8105060572593182 0.1711831318788809 0.8311676253055585
2 0.3055433299026345 0.8118407512174053 0.26708053903076795 0.7957687988639506 0.2229870756138762 0.9012916143205096 0.26144986648574275 0.9173635666739643
3 0.2428067971212991 0.9368881128965237 0.17636271720231317 0.9330217550157209 0.17246527644230783 0.9999999999999999 0.2389093563612938 1.0038663578808027