2 0.09738695725217174 0.7517591618427655 0.056270748911878506 0.7292920913959856 -0.011659752244604317 0.8536093513977587 0.02945645609568892 0.8760764218445386
2 0.33399471657962054 0.4455597020365248 0.30553588516254304 0.4092746885934234 0.24673854191072367 0.45539024762441244 0.2751973733278012 0.4916752610675138
2 0.489397697048339 0.41813369477917744 0.48791175289921973 0.3705835574474847 0.4260219616920201 0.37251761649116405 0.4275079058411394 0.42006775382285677
2 0.6678950157491135 0.4238006604929423 0.6011247992025914 0.3821506212791521 0.5727708263114617 0.42760558232197676 0.6395410428579837 0.46925562153576694
2 0.8166793564257401 0.4703778888065111 0.7648630484661739 0.4396719319084567 0.7423926608064235 0.47759071525118457 0.7942089687659897 0.5082966721492389
2 0.9019868547962466 0.5373330614240617 0.8451530128884811 0.5002170859850756 0.8227210052476231 0.5345661004149961 0.8795548471553888 0.5716820758539821
2 0.8553557611385881 0.4039930443461379 0.8080850554791768 0.36914851674847426 0.7843554105338776 0.4013405749839484 0.8316261161932891 0.436185102581612
3 0.7629704891051495 0.1990305759533117 0.7205862683852451 0.14658011216548625 0.6354964272355622 0.21533959202249525 0.6778806479554665 0.26779005581032067
2 0.5884116793018886 0.30683048760174814 0.5837072675210506 0.26919516078601496 0.5398326232561443 0.2746794865730735 0.5445370350369824 0.3123148133888067
2 0.7022785547101908 0.14814238557137088 0.6935302844393042 0.11533636921656393 0.6561102478219658 0.12531504478431482 0.6648585180928526 0.15812106113912178
2 0.6462683826684562 0.15175517522275617 0.6392340695683474 0.12010076284811069 0.5947303924537737 0.1299904678037715 0.6017647055538826 0.16164488017841697
2 0.6843781319967243 0.6724788000958681 0.6159280654130294 0.6455265992622873 0.5957225423855929 0.696842237830221 0.6641726089692879 0.723794438663802
3 0.5368398176296916 0.6591573916115103 0.5151025875992266 0.5908289625729645 0.43139946330346773 0.6174573234571158 0.45313669333393275 0.6857857524956615
2 0.22600666691459567 0.7504427175334623 0.18435387970456865 0.7273909236968906 0.1301526237378559 0.8253283509228784 0.17180541094788296 0.84838014475945
2 0.3624798142654712 0.7379847667460354 0.32293636555596145 0.7176590922734131 0.27601443037183854 0.8089453686429131 0.31555787908134836 0.8292710431155356
2 0.13666038910794512 0.905912024491236 0.09375813913070172 0.8847264904476574 0.041842418345166235 0.9898596075221786 0.08474466832240964 1.0110451415657573
3 1.058785097284674 0.6556269610817158 0.9149316217370794 0.5503843577605774 0.8437614980807949 0.6476650152132255 0.9876149736283893 0.7529076185343638