2 0.13106814378137271 0.6890254585241942 0.09238567390314237 0.6679573280922827 0.029734291212858848 0.7829893776411848 0.0684167610910892 0.8040575080730963
2 0.3641510682590491 0.4234984404201466 0.3378989643896087 0.38552664315055263 0.27792777515311334 0.42698820152327216 0.3041798790225537 0.46495999879286615
2 0.5193762995487189 0.37291435000757417 0.45793604607101046 0.36716555758987035 0.4535785432935978 0.4137363946842089 0.5150187967713062 0.41948518710191274
2 0.6974553399207675 0.4452144147027265 0.6306908496529756 0.40148562515473074 0.6016533165072722 0.4458197153307039 0.6684178067750641 0.4895485048786997
2 0.8166793597367307 0.46852604530433634 0.7648630521273163 0.43782007722557953 0.742392660114226 0.4757388538512845 0.7942089677236405 0.5064448219300413
2 0.9019868547962466 0.5373330614240617 0.8451530128884811 0.5002170859850756 0.8227210052476231 0.5345661004149961 0.8795548471553888 0.5716820758539821
2 0.8553414128757305 0.4027736828157111 0.8059377161880926 0.3680367251156761 0.7829095008241915 0.4007879803326703 0.8323131975118294 0.43552493803270514
3 0.7465218066342015 0.21491386740690033 0.707163618909931 0.15735251326205885 0.6154619492341405 0.22005450461283488 0.654820136958411 0.27761585875767636
2 0.5609375 0.2750000000000001 0.5177083341346154 0.2750000000000001 0.5177083341346154 0.3138888894230769 0.5609375 0.31388888942307697
2 0.7022785547101908 0.1472164600906017 0.6935302844393042 0.1144104437357947 0.6561102478219657 0.12438911930354564 0.6648585180928523 0.1571951356583526
2 0.6462683836732681 0.15082924678299456 0.6392340686404544 0.11917483598364303 0.594730391167113 0.12906454422842997 0.6017647061999267 0.1607189550277815
2 0.6456847177654884 0.6527441359903345 0.5794253615035329 0.6298082121016477 0.5616496059997123 0.6811604106208461 0.6279089622616678 0.704096334509533
3 0.5097056968747853 0.6587622485764183 0.4789085227716806 0.5952430286830777 0.39476147567837366 0.6360415659438671 0.4255586497814784 0.6995607858372078
2 0.22600666691459567 0.749516792052693 0.18435387970456857 0.7264649982161214 0.12988245907455198 0.8248905918430428 0.17153524628457908 0.8479423856796143
2 0.3352740785340568 0.7744796812692106 0.2952356926112957 0.7604036753567134 0.2586497363785403 0.8644703150062283 0.2986881223013014 0.8785463209187258
2 0.13323206531068552 0.9154598994745675 0.091160964579831 0.8921595443819696 0.036051977914048905 0.991664282398945 0.07812307864490343 1.0149646374915426
3 1 0.5814814807692309 0.9005208341346154 0.5814814807692309 0.9005208341346154 0.7635416658653846 1 0.7635416658653846