3 0.4657809572617927 0.6897516125992044 0.4233545806206796 0.6510275387372917 0.3515240638026275 0.7297255747888622 0.39395044044374067 0.7684496486507749
2 0.6080804728923204 0.6335409528956121 0.5515784608528771 0.6318682012172278 0.5499301297872736 0.6875453366326135 0.6064321418267169 0.689218088310998
2 0.23921734877685746 0.7627358735064068 0.2020932891962281 0.7432937477016558 0.15679660517801877 0.8297861823862417 0.19392066475864814 0.8492283081909929
1 0.2527177032483108 0.26656184467035665 0.1270930316701556 0.14163820727202775 0.0820679400061045 0.1869159663164375 0.2076926115842597 0.31183960371476643
3 0.5798943177397647 0.36986721037863507 0.512667574524658 0.34710260247652197 0.494276773183639 0.40141294617271017 0.5615035163987456 0.4241775540748233
2 0.7168566152447761 0.19046705030186156 0.7092095593093226 0.15605528469526073 0.6689522071966001 0.16500135932969281 0.6765992631320533 0.19941312493629362
2 0.2784812800869234 0.4982307268049403 0.247395395127539 0.47549917363014976 0.19346017405006513 0.5492567415702371 0.22454605900944957 0.5719882947450275
2 0.41614467811341593 0.40751690253523337 0.39929253202702425 0.3729850522259983 0.3400440137468761 0.40189936398508413 0.3568961598332678 0.4364312142943192
2 0.2828636529648176 0.7960019882972207 0.24300954912621522 0.7773203759621841 0.18617102013692202 0.898575896939049 0.2260251239755244 0.9172575092740858
3 0.7207485290588724 0.4623492559962967 0.6539797579626755 0.412623562495889 0.6211083528920089 0.4567613746865971 0.6878771239882059 0.5064870681870048
2 0.15768591105564395 0.1447402237961326 0.11323551624277052 0.13037242431028934 0.1055496051871266 0.15415071974492595 0.15000000000000002 0.16851851923076921