2 0.9229647426998105 0.6162989660252621 0.8552363764686041 0.5636213500162156 0.8239663454005817 0.6038256773318733 0.8916947116317882 0.6565032933409197
3 0.33024391219096744 0.15043963270002697 0.24259377438505653 0.08118520615823004 0.2000552248644764 0.13502306048357277 0.2877053626703873 0.2042774870253697
2 0.8236175626963681 0.5440848975767554 0.7549298016152365 0.4885796378437225 0.7264541930219678 0.5238182045867986 0.7951419541030993 0.5793234643198315
2 0.20840558601386555 0.11161302407069724 0.18073217643872266 0.07699278923813904 0.15728297411019107 0.09573672276101573 0.18495638368533396 0.13035695759357388
2 1.0256711873875317 0.7055149964593237 0.9461515610332382 0.6371870208033115 0.9143499038892747 0.6741975698391338 0.9938695302435683 0.742525545495146
3 1.0006261308853666 0.09943214729788154 0.9013992329162146 0.09031946945395321 0.894210009236917 0.16860209687925873 0.9934369072060689 0.17771477472318703
2 0.3097658563097453 0.8214982791580704 0.2718418137340447 0.8059838979687595 0.22809918755421407 0.912910316584785 0.2660232301299146 0.928424697774096
2 0.2196636479669841 0.7519766645072274 0.1793766665938829 0.7310320115479588 0.12669912858170515 0.8323571085454862 0.16698610995480634 0.8533017615047547
2 0.6457238859012959 0.13905859523982878 0.6428576753783463 0.10788856696443094 0.5994197566739656 0.11188285976986292 0.6022859671969154 0.14305288804526078
3 0.24791666586538474 0.9425925937499999 0.1810363245192309 0.9425925937499999 0.1810363245192309 1 0.24791666586538474 1
2 0.9690084265739901 0.8984013256895014 0.8764702714260244 0.80608141571173 0.8394899790976607 0.8431491298128727 0.9320281342456262 0.9354690397906442
3 0.4333490415186617 0.05416483812988437 0.3419015541574033 0.007468249603293944 0.30848842886063654 0.072902287713729 0.399935916221895 0.11959887624031942
2 0.7224142170699361 0.12673202605396583 0.7154044122931195 0.09518790819799702 0.678124999168552 0.10347222318156121 0.6851348039453686 0.13501634103753002
2 0.2208356043918314 0.053484888022390674 0.2082512262619078 0.023400358672679037 0.1797907388743599 0.03530539899700964 0.1923751170042835 0.06538992834672128
2 0.5744524577959843 0.19743589534497785 0.5318776688776995 0.16905270819109416 0.5130208346893493 0.1973379649130918 0.5555956236076341 0.2257211520669755
2 0.411584273879599 0.14597152499834723 0.3887395723122632 0.11513117906861114 0.3613688360781584 0.1354057992810744 0.3842135376454942 0.16624614521081046
2 0.5506485068039322 0.2675604484026801 0.5076508915983946 0.23611843977199135 0.48609637871683015 0.26559469434943334 0.5290939939223678 0.2970367029801221
2 0.9580396511190794 0.46438988504681106 0.8946308670537237 0.4157626698051961 0.8716085155165973 0.44578329323676474 0.935017299581953 0.49441050847837975
2 0.9576600609621789 0.5108626912369937 0.8941413096324997 0.4624674544553609 0.866148324566836 0.4992082491204289 0.9296670758965153 0.5476034859020615