2 0.9221061963880365 0.6268835448640518 0.8529560458011682 0.5696558309975871 0.8215673528891057 0.6075838329209005 0.8907175034759738 0.6648115467873651
3 0.33180641219096757 0.1550692625077193 0.24415627438505666 0.08581483596592229 0.20161772486447646 0.13965269029126506 0.28926786267038734 0.20890711683306204
2 0.8219128936186634 0.551445157490419 0.7534172541609969 0.49376463476265153 0.7249401565477029 0.5275811974198057 0.7934357960053694 0.5852617201475732
2 0.2099680860138656 0.1171685793591588 0.18229467761111845 0.08254834599330153 0.15884547411019106 0.1012922804533234 0.18651888251293824 0.13591251381918068
2 1.0247106856524166 0.7165780075267068 0.9430060515577214 0.6464560257738209 0.9112261549041768 0.6834852819747586 0.992930788998872 0.7536072637276446
3 0.2911458341346154 3.205130294643463e-17 0.2322916658653846 2.8447524507064974e-17 0.2322916658653846 0.03518518509615388 0.2911458341346154 0.03518518509615388
3 0.7497269414532356 0.14473344925541676 0.7155516853776273 0.13954308230381335 0.695600759517435 0.2709072048360191 0.7297760155930434 0.2760975717876225
2 0.7445895872999182 0.7020543401739661 0.6884785912333472 0.6460564707650547 0.6570950053361455 0.6775034576490332 0.7132060014027164 0.7335013270579446
1 1.0625048215247608 0.9309964285499758 0.8453125000000001 0.7342592596153847 0.7739256278284776 0.8130683660861558 0.9911179493532383 1.0098055350207469
2 0.3097658563097452 0.8261279089657627 0.27184181373404476 0.8106135277764518 0.22809918755421418 0.9175399463924774 0.26602323012991463 0.9330543275817882
2 0.21653864796698408 0.7630877750841504 0.1762516675777013 0.7421431226363556 0.12357412956552355 0.8434682196338833 0.1638611099548063 0.8644128720816779
2 0.6576921531312014 0.70882937786749 0.5997180453066945 0.6504258335285932 0.5673269520169641 0.6825787577421643 0.6253010598414712 0.7409823020810612
3 0.4039786248888135 0.07575421856263152 0.27981840007573944 0.013632803865176069 0.24565751411354492 0.08190915110447347 0.36981773892661896 0.14403056580192894
2 0.2104954996401915 0.5340293964689371 0.17793402806118783 0.5216118856838897 0.14117737906814526 0.6179959840949465 0.17373885064714895 0.6304134948799939
2 0.6493697186209257 0.14183637487051684 0.6464278156636014 0.10984316397963764 0.6029898974978678 0.11383745327894065 0.6059318004551921 0.14583066416981985
3 0.24687500000000015 0.9481481490384615 0.18291933653846165 0.9481481490384615 0.18291933653846165 1 0.24687500000000015 1
2 0.2944110037824419 0.2845503039875463 0.24837071761893414 0.24184626897172204 0.22438466693986436 0.2677062289681851 0.2704249531033721 0.31041026398400934
3 0.8552600834263663 0.3386265484052355 0.7335424148428024 0.2640607681194936 0.6857070972788499 0.3421448880405457 0.8074247658624139 0.41671066832628767
2 0.24963942359965283 0.06874109473411907 0.21601228556815175 0.04632300594649671 0.19987980703445066 0.07052172723724823 0.23350694506595174 0.0929398160248706
2 0.7610010820002956 0.38943081436398835 0.7097365793783421 0.34617639755510216 0.6828799444409372 0.37800648876286497 0.7341444470628908 0.42126090557175117
2 0.9376762930366651 0.10552686697713434 0.9022240012705789 0.1022032246908963 0.8992306048952504 0.134132882737763 0.9346828966613366 0.13745652502400105