2 0.21878899620503164 0.53829541362286 0.1845561015355909 0.5175581792697799 0.1304081402000764 0.6069452896916812 0.16464103486951714 0.6276825240447613
2 0.4457737992227516 0.39892319927778364 0.4390968024457604 0.3508488231768272 0.38521716401290784 0.3583321064004331 0.3918941607898991 0.40640648250138955
2 0.6115274728170156 0.39419993925845237 0.5437096191904865 0.3797321231395964 0.5338322321719389 0.42603235128276545 0.6016500857984679 0.4405001674016213
2 0.8191857170438458 0.47821372084139063 0.7694589936877291 0.43237509173316313 0.7407647057360947 0.4635032678289785 0.7904914290922114 0.5093418969372061
2 0.8522127282698662 0.4011837862818768 0.8047603560883103 0.3697941043261777 0.7829618230715899 0.4027473563910187 0.8304141952531457 0.43413703834671785
2 0.7844453545364112 0.51707859465521 0.7156974483026067 0.46255034133925854 0.6828441562031613 0.5039709794007338 0.7515920624369657 0.5584992327166852
2 0.6462583236053121 0.15201396302826659 0.6399351551390837 0.12118851436141523 0.5950767826422585 0.13039023108203096 0.6013999511084869 0.16121567974888235
2 0.7026868157298757 0.14635047354611147 0.692838142371306 0.11403451395513502 0.6568165389074054 0.1250125263941323 0.6666652122659749 0.15732848598510873
3 0.6910771630420451 0.2673513582227102 0.6608450338089609 0.19617988828880237 0.5599655632006105 0.2390313454138124 0.5901976924336949 0.31020281534772026
2 0.48811560430015005 0.2764462905719658 0.44495459029895684 0.26947077553564913 0.438657154097415 0.3084361753163495 0.4818181680986082 0.3154116903526662
2 0.5448198061128318 0.669590591030352 0.5408785821844844 0.6141671508546749 0.47888957865164355 0.6185752594679914 0.48283080257999084 0.6739986996436687
2 0.22618572400509215 0.7470308464423321 0.18458613290707002 0.7259008895309227 0.13427568728120104 0.8249495518055406 0.1758752783792232 0.8460795087169501
3 0.4228481525461415 0.6735571147986511 0.37641620986990254 0.63916845641904 0.30397613029190135 0.7369778441915554 0.35040807296814036 0.7713665025711663
2 0.9057543105085522 0.541689015528802 0.8521336211892627 0.49402618163593026 0.8238577587704743 0.5258365275629184 0.8774784480897637 0.5734993614557902
2 0.2726367842464585 0.9168215328884071 0.2287195494697326 0.9030974025631191 0.19847670854116012 0.9998745326176187 0.242393943317886 1.0135986629429066
2 0.10863151325493667 0.9572448403305317 0.06297188928104638 0.9385126819174953 0.03784422279066801 0.9997613526789775 0.08350384676455828 1.018493511092014
3 1 0.6945473245192308 0.9880208341346154 0.6945473245192308 0.9880208341346154 0.7603566538461538 1 0.7603566538461538