0 0.5845153314535478 0.10149689901274629 0.5812816033920679 0.06700369521568217 0.562953108679855 0.06872198639049652 0.566186836741335 0.10321519018756066
2 0.8839076146644478 0.46050057375788256 0.8143740577495078 0.41486916480975766 0.7879896681064468 0.4550739382586197 0.8575232250213868 0.5007053472067445
2 0.005208334134615392 0.05474537019230769 6.7043742374146535e-18 0.05474537019230769 7.984633690203912e-18 0.07565359375 0.005208334134615393 0.07565359375
0 0.19589884456150491 0.3330546257584273 0.18910454087104867 0.29336727440285115 0.1782364687836678 0.2952278415550872 0.18503077247412403 0.3349151929106634
3 0.9897316068685876 0.469735066268149 0.9093218733676006 0.4125548140831643 0.8711891527998681 0.4661789549596218 0.9515988863008551 0.5233592071446065
2 0.9876389131147296 0.5496913807835979 0.9262957047521247 0.5001211025602209 0.8983550382255971 0.5346976712210469 0.9596982465882019 0.584267949444424
2 0.3033373806053902 0.22301606845204097 0.26235083662023473 0.18019976862711262 0.23747041733684193 0.2040169224563225 0.2784569613219975 0.24683322228125085
2 0.24938781393285117 0.18268574631331638 0.21582976203108054 0.1414373053662328 0.19510107452483594 0.15830132144098638 0.22865912642660657 0.19954976238806993
3 0.2638229463938009 0.24401857342138042 0.2170777707275933 0.1609160359071913 0.18542593970361204 0.17872019021620383 0.23217111536981966 0.26182272773039295
3 0.2417617627521613 0.2848624712209506 0.19830169816051474 0.17194059170550505 0.14706439991036488 0.1916602093828604 0.1905244645020114 0.3045820888983059
3 0.18135815928795893 0.1852850266637279 0.0892128161175075 0.1002277817811073 0.04745740145904195 0.14546281165114913 0.13960274462949335 0.23052005653376975
2 0.8219490365364011 0.5611107516147616 0.7617695824885663 0.5035030822554231 0.7307806288578705 0.5358754787045188 0.7909600829057053 0.5934831480638574
2 0.9141162664247049 0.6433982748895191 0.8482536737199068 0.5711552462950216 0.8125525434722409 0.6037032865191003 0.878415136177039 0.6759463151135978
2 0.8847434183796341 0.5285266297143846 0.8185252763261686 0.472763969382441 0.7870227835317954 0.510173169920549 0.8532409255852609 0.5659358302524925
2 1.0225051777555103 0.7091941698712406 0.9353927129842501 0.6663185085859141 0.9102826261746217 0.717335833731069 0.9973950909458821 0.7602114950163956
3 0.08743180550331048 0.12625347271090612 0.041103275204178585 0.07918957117765026 0.01663540949185279 0.1032751276461804 0.0629639397909847 0.15033902917943626
1 0.20135868799010198 0.13716184941200035 0.06529847784149745 0.02365165937071271 0.027365126570237562 0.06912087886308725 0.1634253367188421 0.1826310689043749