2 0.9279030366103209 0.6318684493415408 0.8587735702978436 0.5774714936151262 0.8275112384412927 0.6172007080181576 0.8966407047537701 0.6715976637445723
3 0.3417022463255829 0.15414333702695016 0.25405210851967214 0.08488891048515304 0.21151355899909186 0.13872676481049576 0.29916369680500265 0.20798119135229287
2 0.8276712459707383 0.5564831337769178 0.7611663126033759 0.5008450217704268 0.7337175994503853 0.5336548129985424 0.8002225328177477 0.5892929250050334
2 0.1910410231605583 0.09156611786919584 0.1648527901996818 0.057543793873685356 0.14120155010928395 0.07574902245779658 0.16738978307016045 0.10977134645330706
2 1.0248857066785027 0.7198344181654244 0.9507767810382591 0.6524959395542798 0.9179747563168916 0.6885959949915722 0.9920836819571353 0.7559344736027167
3 0.9820556622173519 0.41726673817023924 0.8541997981740901 0.3377773960115069 0.7998519361323932 0.4251940568057212 0.9277078001756549 0.5046833989644535
3 1 0.4583333341346155 0.9640625 0.4583333341346155 0.9640625 0.5555555552884617 1 0.5555555552884617
2 0.29817326356190843 0.23291616008194227 0.2593027774861622 0.19283097499547666 0.23519219632500474 0.2162109346309719 0.27406268240075093 0.2562961197174375
2 0.2682152791430403 0.26086111060151096 0.2348819445139194 0.2164166662608516 0.20743749948571427 0.23700000088021972 0.24077083411483516 0.2814444452208791
1 0.2395792107372798 0.24969557951807383 0.11239711575952241 0.12544201081865064 0.06827331691726361 0.1706057613159164 0.19545541189502103 0.2948593300153396
2 0.11093149132460667 0.07014384857371092 0.08083258412841601 0.033677865895593254 0.05623181283024105 0.05398326500671629 0.08633072002643169 0.09044924768483396
3 0.10366273742216772 0.1681751994939751 0.06257152709367214 0.10242925538231036 0.028405899866955745 0.12378276993514034 0.06949711019545134 0.18952871404680507
2 0.08926916079127648 0.12961103032810767 0.08528771074159652 0.08537271635001747 0.0643324489246928 0.08725869076222698 0.06831389897437273 0.13149700474031714
1 0.23089726465302454 0.17903457433885556 0.10469424614312002 0.07528386027952763 0.06904460022634142 0.11864831289364683 0.19524761873624594 0.22239902695297473
2 0.9203155375876224 0.9609757299053963 0.8418199629576063 0.8837066955954055 0.8012985501831876 0.9248713304190712 0.8797941248132037 1.002140364729062
2 0.6531284679921826 0.6998725730142087 0.597916179127371 0.6227506379101855 0.5631058550916279 0.6476716628241322 0.6183181439564395 0.7247935979281555
2 0.3816873029021854 0.1130672401551631 0.36235259449719054 0.07826476301833732 0.33338246907166097 0.09435927621510191 0.35271717747665576 0.1291617533519277