3 0.42364357602419594 0.7135888775535341 0.37778755436089323 0.685551908020992 0.31572498085542955 0.7870586957586471 0.36158100251873226 0.8150956652911893
2 0.5565860807713734 0.6783610796703528 0.5457810202656291 0.6266993939891525 0.48980259719609154 0.6384073017027139 0.5006076577018358 0.6900689873839141
2 0.24095093241982626 0.7654130412510342 0.20262392710472768 0.7452678015229738 0.156771293210535 0.8325040005802679 0.1950982985256336 0.8526492403083282
1 0.2527177032483108 0.2674877701511259 0.12709303167015557 0.14256413275279697 0.08206794000610454 0.18784189179720664 0.20769261158425972 0.31276552919553563
3 0.6364902591140601 0.4020382637022251 0.5672925387530913 0.3628961145258017 0.540292459731084 0.41062839180745614 0.6094901800920527 0.44977054098387953
2 0.717428375067469 0.19269112246688438 0.7111564270596867 0.15829341339977887 0.6697422041783082 0.16584472596504257 0.6760141521860905 0.20024243503214803
2 0.10554729767659335 0.80124520156458 0.06479199753510273 0.7789661157151365 0.0009487582157606384 0.8957550359629484 0.04170405835725125 0.9180341218123919
2 0.32507161721229166 0.45727026479023236 0.29805454979671187 0.4285043225431944 0.23951792005949807 0.48348211740593666 0.2665349874750778 0.5122480596529746
2 0.4636440914178117 0.4022656454350179 0.4569370977106341 0.3629219361250893 0.3988091585778005 0.3728311116658086 0.40551615228497806 0.4121748209757372
2 0.2828636527441 0.7978538387644526 0.2430095480485721 0.7791722266495312 0.186171020550554 0.9004277484808811 0.22602512524608193 0.9191093605958025
3 0.7744700493285591 0.5096066378278017 0.7075692097405484 0.4525830907800348 0.6719641083668919 0.494355504087094 0.7388649479549027 0.5513790511348609
2 0.13135460293134732 0.1442006821693009 0.1031978671302402 0.10015103636736568 0.07763420900632417 0.11649144398701804 0.1057909448074313 0.16054108978895326