0 0.4021001732833519 0.01763250877594345 0.3935007571495582 -0.0027512958600523366 0.38056811378970107 0.002704662139317569 0.3891675299234948 0.023088466775313357
2 0.681797109551387 0.30828663673259366 0.6240325251377796 0.2757940392542224 0.6026876246665688 0.3137405070886281 0.6604522090801761 0.34623310456699935
2 0.015625000000000007 0.04814814903846154 5.8964476604821636e-18 0.04814814903846154 8.221008627193713e-18 0.08611111057692307 0.015625000000000007 0.08611111057692307
3 1 0.5705467379807694 0.9796875 0.5705467379807694 0.9796875 0.6222222211538462 1 0.6222222211538462
0 0.2776813764169453 0.41148857248393905 0.2703197289500556 0.3754983101361541 0.2558221241680088 0.3784637304625856 0.2631837716348985 0.41445399281037054
3 0.7971190880161569 0.32919556607878037 0.7312853873672319 0.28339820623370726 0.6966923219578067 0.33312573464139095 0.7625260226067317 0.378923094486464
2 0.8597372043592387 0.052763675992240126 0.8521208997973704 0.007630017593406894 0.8288765682444321 0.01155249839210064 0.8364928728063005 0.056686156790933875
2 0.8902019295038935 0.47381636717293535 0.8312994722810648 0.4262184334257836 0.8039760601000321 0.4600311641574259 0.8628785173228608 0.5076290979045777
2 0.4125682462150126 0.3125606723719189 0.3646623602865186 0.2699776473032482 0.3407543128567203 0.29687419096349627 0.38866019878521435 0.339457216032167
2 0.3084663040162789 0.22980694457034853 0.2695289798677151 0.19038290026869284 0.24648388169595592 0.21314348897652308 0.2854212058445197 0.25256753327817877
3 0.47088658374400433 0.4113045264850552 0.3954676560790855 0.339108646394434 0.3568293038132931 0.37947193431290915 0.4322482314782119 0.4516678144035304
3 0.36168836593801473 0.40222184060951516 0.31408976689729085 0.27426029299921323 0.25698004867112645 0.2955037261237832 0.3045786477118503 0.4234652737340851
3 0.22560300534618716 0.22836633066987488 0.1353021270469389 0.1402295272201122 0.09259501270837259 0.1839852544923989 0.18289589100762083 0.2721220579421616
2 0.8224698700253055 0.5629626133843953 0.7622904228280144 0.5053549296738853 0.731301461655672 0.5377273222516076 0.7914809088529631 0.5953350059621176
2 0.915157932866342 0.6461760546003302 0.849295341000651 0.5739330222373777 0.8135942082006894 0.6064810626758426 0.8794568000663804 0.6787240950387952
2 0.6796620936727779 0.3667852220125672 0.6205707920608732 0.3195121970867857 0.5917315946509066 0.355561206327745 0.6508228962628113 0.4028342312535265
2 1.0249391059806146 0.7286585976441621 0.9404104859809259 0.6660448026435778 0.9102215273376236 0.7067998952445328 0.9947501473373122 0.769413690245117
3 0.09368180430153646 0.13088310129774863 0.047353275204178584 0.08381920098534255 0.02288540949185278 0.10790475745387272 0.06921393858921064 0.1549686577662788
1 0.25200364940279874 0.1844775281083935 0.11629890644644318 0.0614858633726058 0.07458908885778556 0.1075070314475694 0.21029383181414113 0.23049869618335708