2 0.23357209516038455 0.7449144631581112 0.19603930483792323 0.7252582822475139 0.15013787443618687 0.8129054590111651 0.1876706647586482 0.8325616399217624
1 0.24407930099234468 0.24781790986953833 0.11938844782446749 0.12348129099312034 0.07448261953263127 0.16851505572404502 0.19917347270050845 0.292851674600463
2 0.7152720152070037 0.1704645009847301 0.7060972806737159 0.13605924350752327 0.6643765849641101 0.1471847614006329 0.6735513194973978 0.1815900188778397
2 0.8327276097138389 0.5564144117592874 0.764766999806694 0.50271713069829 0.7364413281999452 0.5385668027931846 0.80440193810709 0.5922640838541819
0 0.09758203405004326 0.2312847521876414 0.0939935025747429 0.19938666886558043 0.08092967537308161 0.20085634823871767 0.08451820684838195 0.23275443156077869
2 0.2772891158805801 0.7766900814399935 0.23966305127360032 0.7582465917981144 0.17989232713147446 0.8801832302459155 0.21751839173845422 0.8986267198877947
3 0.1682323442473917 0.6517815532722383 0.11994560930294987 0.6216494997805538 0.04267724269579197 0.7454723629976082 0.0909639776402338 0.7756044164892925
2 0.2659982928564252 0.2561243849567935 0.23334257855830934 0.2063632917178016 0.20634219931668138 0.22408228889137022 0.23899791361479725 0.27384338213036213
0 0.6824893069787124 0.10929238481295886 0.680817742008206 0.0855189469090831 0.6622895499225905 0.0868217066101559 0.6639611148930968 0.11059514451403166
2 0.24362707714395185 0.179919740045963 0.2069180283057635 0.14366389735970028 0.18474895843250438 0.16611008557043602 0.2214580072706927 0.20236592825669877
0 0.4626601985820258 0.7099161325102812 0.4531677724835031 0.6858884485864069 0.42445815243954343 0.6972305299725021 0.4339505785380661 0.7212582138963763