2 0.9266566751537499 0.6427445788386843 0.8565006212271414 0.5889851499007418 0.8260563351513753 0.6287149427553881 0.8962123890779838 0.6824743716933306
3 0.34018586755659974 0.16514161502316282 0.25134679826958284 0.09745469858184082 0.20983555766705864 0.15193819663385594 0.2986746269540755 0.21962511307517796
2 0.8261097763647783 0.565562232677657 0.7577604163534348 0.5124016204308431 0.730809294486267 0.5470530635454597 0.7991586544976104 0.6002136757922736
2 0.21986391774463482 0.12550191349377415 0.1921905081694919 0.09088167866121596 0.16874130730766124 0.10962561101169686 0.19641471688280415 0.1442458458442551
2 1.0261381484988106 0.7329449316400493 0.9479440265102703 0.6648575383129132 0.9159006995062569 0.7016572995937126 0.994094821494797 0.7697446929208488
3 0.9177578042892631 0.38087280498258846 0.7953190594697361 0.3047513535073858 0.7416767681959613 0.3910331398569803 0.8641155130154883 0.46715459133218296
3 1.0263945486266557 0.4806040511746872 0.9632163005738832 0.45356445153836206 0.9279675860818427 0.5359233643059826 0.9911458341346152 0.5629629639423077
2 0.37908051594145475 0.3118600039859751 0.33576578375484806 0.26922206243988317 0.3100383605676886 0.29535785616713567 0.3533530927542953 0.33799579771322763
2 0.36115478284349306 0.34653254438653164 0.31539872650203865 0.3082529641451718 0.2914079063386267 0.3369294886042545 0.3371639626800811 0.3752090688456144
1 0.30289664048545134 0.32138753705833145 0.16673244809666643 0.19257310993569565 0.12151612750840489 0.24036933830250345 0.2576803198971898 0.36918376542513925
2 0.2792709495367373 0.23495218997668685 0.244826200270777 0.17598504611002388 0.2195100715159866 0.19077307296978352 0.2539548207819469 0.2497402168364465
3 0.1262942126739703 0.19998880676969882 0.08110313566812023 0.13571705187882682 0.04781881276619016 0.15912009108170264 0.09300988977204025 0.22339184597257458
2 0.12227409242540058 0.13652348651678076 0.09037068983731784 0.10878927332289716 0.07114566175793385 0.13090433410706417 0.10304906434601659 0.15863854730094779
1 0.26009045184356216 0.21760472825710706 0.1310635625413435 0.11020662291174664 0.08952798641243308 0.160107002122862 0.21855487571465176 0.2675051074682224
0 0.24921733952396197 0.4043818553345983 0.2464027287669608 0.3718574419922416 0.23304125369720877 0.37301372269329114 0.23585586445420995 0.40553813603564787
2 0.3160764763911122 0.8367097971338483 0.27917249378612746 0.8212233051531915 0.23496280101581168 0.926574067288689 0.27186678362079647 0.9420605592693457
2 0.6318634186025608 0.33188022940928924 0.581752193939201 0.28887288930156896 0.5574517716780962 0.3171872169556555 0.607562996341456 0.36019455706337583
2 0.19738146432726525 0.15600574993786107 0.1772988514040073 0.13815453330112898 0.17499999999999996 0.14074074038461545 0.19508261292325788 0.15859195702134748
2 0.224871981400362 0.7714211071488444 0.18458499878718315 0.7504764543687481 0.13266536705812193 0.8503437246793393 0.17295234967130077 0.8712883774594354
2 0.05437499799545217 0.13638889458554312 0.02448994483072213 0.10276819869147835 0.0031968377885274865 0.12169539871146995 0.03308189095325753 0.15531609460553472