2 0.8917201146644478 0.44475983337326713 0.821397782283814 0.3986107903871288 0.7943008170173165 0.4399013930665709 0.8646231493979502 0.48605043605270914
0 0.18964884456150494 0.3145361065276581 0.18285454087104863 0.27484875517208185 0.1719864687836678 0.27670932232431794 0.1787807724741241 0.31639667367989416
2 0.44837742845863426 0.682863032690961 0.41363528035187147 0.6409042233093355 0.347730950621293 0.6954734071856385 0.38247309872805574 0.7374322165672643
2 0.34469689240345325 0.5398363491179057 0.3054516703146196 0.5169863342120778 0.2514127518876589 0.6097989369104481 0.2906579739764925 0.6326489518162759
2 0.429233438220679 0.14983974742902342 0.40300481025973045 0.1104967941386693 0.37779113221390975 0.12730590798709784 0.40401976017485836 0.16664886127745196
2 0.2971379643573732 0.203177204981819 0.25620745017594576 0.16159697482540586 0.23207022408512756 0.18535704231647473 0.273000738266555 0.2269372724728879
2 0.2433270692461108 0.1609460160382835 0.20506683972595321 0.12207848328975214 0.18879901535162594 0.13809212373310892 0.22705924487178353 0.1769596564816403
3 0.2509816743023356 0.21736128370069885 0.20220444551937083 0.13684014182527038 0.17257306234522896 0.15478992150520643 0.22135029112819365 0.2353110633806349
3 0.2337928726570112 0.2633316085069373 0.18916256430605627 0.15143795363683854 0.13865608320716907 0.17158315157305665 0.18328639155812398 0.2834768064431554
3 0.17455320237157118 0.16759223997254338 0.0843245515778991 0.08121951324002546 0.04191486453563017 0.1255224892738383 0.13214351532930227 0.21189521600635622
2 0.81882403589069 0.5388885388651649 0.7597030734044444 0.4822941056128449 0.7287141122321018 0.5146664981905671 0.7878350747183475 0.571260931442887
2 0.9115120992465768 0.6193242015670914 0.845649505450676 0.5470811717757909 0.8099483765157536 0.5796292108030664 0.8758109703116544 0.6518722405943669
2 0.8846703272724277 0.5058228234691167 0.8184980532279097 0.4499899645597832 0.7853682388259545 0.4892549278891769 0.8515405128704725 0.5450877867985104
2 1.0226575370465842 0.6918525230940307 0.9318467910466689 0.6444964011495085 0.9058758155038407 0.6942986984354372 0.9966865615037561 0.7416548203799594
3 0.07890725219601837 0.10634819032624236 0.031955402819515887 0.06012996145357555 0.007096378171988049 0.0853835726231665 0.05404822754849053 0.1316018014958333
1 0.14431754378907055 0.07878710820297104 0.024684273746359515 -0.02772509078689924 -0.019290234852722427 0.021666568686113927 0.10034303518998862 0.1281787676759842
3 0.3104166658653846 3.492156888193624e-17 0.25 3.1222115058576324e-17 0.25 0.05277777884615388 0.3104166658653846 0.05277777884615388
2 0.4529853001463896 0.3719373518125739 0.4217890942668521 0.3548637528262531 0.389240075381994 0.414336034863715 0.4204362812615316 0.43140963385003567