2 0.4909323479207553 0.17056267482605716 0.44838152801292785 0.13978932203136718 0.42582338303939904 0.17098083927120827 0.46837420294722654 0.2017541920658983
2 0.04483214318155963 0.0972502666320006 0.02005626247462398 0.05828648726091671 -0.005630980062287196 0.07462022251599679 0.019144900644648452 0.11358400188708069
3 1.0179857252610456 0.5436564615994082 0.9214529155591293 0.47463783250131036 0.8778501736004566 0.5356227469654302 0.9743829833023727 0.6046413760635281
2 0.2913579018058584 0.8919512983740986 0.2528875319507003 0.8751980731557623 0.207357383058695 0.9797487876963147 0.24582775291385314 0.996502012914651
0 0.3402420845897929 0.4852371143675724 0.32925799083781454 0.44422983677237876 0.31634516713227606 0.4476886293209733 0.32732926088425435 0.48869590691616693
3 0.6557521112741372 0.2233062882882557 0.598948092183904 0.1844659318609031 0.5664925193805035 0.23193220526025043 0.6232965384707367 0.27077256168760305
2 0.8710957592218947 0.07707437901191133 0.8516628814680254 0.07270198504884232 0.840980073878912 0.12018116823791468 0.8604129516327815 0.1245535622009837
2 0.7211240869660518 0.3369724677615243 0.6708882347497936 0.3044967763899543 0.647593042515234 0.3405315391623685 0.6978288947314921 0.3730072305339385
2 0.5789231404758657 0.4633426182375043 0.5244325317116122 0.4097034578386801 0.4974809508361805 0.4370828582271597 0.551971559600434 0.49072201862598386
2 0.43262212401616496 0.3276085668395709 0.3861242846222446 0.286277139141819 0.36106680960738236 0.3144667883690004 0.4075646490013027 0.3557982160667523
3 0.7447184572420562 0.6830880686533055 0.6479259081573249 0.5814070223719671 0.6017277907264925 0.6253840831181121 0.6985203398112237 0.7270651293994507
3 0.5437369412614941 0.5340817504455398 0.44275358671369147 0.42495812311825615 0.38959098627337624 0.47415496398981366 0.49057434082117884 0.5832785913170974
3 0.28784050540376643 0.2777322794391146 0.19456294413188135 0.19305477830716591 0.15215903608954914 0.23976533397676028 0.2454365973614342 0.32444283510870897
2 0.8250740365364011 0.5601848261339922 0.7648945824885665 0.5025771567746536 0.7339056300586482 0.5349495519693654 0.7940850841064827 0.592557221328704
2 0.9182829328663421 0.6424723502734072 0.852420341000651 0.5702293179104547 0.8167192082006894 0.6027773583489197 0.8825818000663805 0.6750203907118723
2 0.482575363660733 0.21562331868605547 0.4396093236804244 0.17534264923285903 0.411181854236006 0.20566527805875504 0.4541478942163146 0.24594594751195145
2 1.0266367726435977 0.7231260073526685 0.9445771522487267 0.6623411010185859 0.9143881956068548 0.7030961909176088 0.9964478160017258 0.7638810972516914
3 0.12462931560922827 0.15553053149420706 0.07931717767909034 0.10719758297450697 0.05372235201101739 0.13119273134615764 0.09903448994115532 0.17952567986585774
1 0.3336168515786406 0.24974342182058756 0.18538662816714654 0.11330423771508459 0.13987675366738914 0.16274706389991234 0.2881069770788833 0.2991862480054154