3 0.9351717538498294 0.8912202770267454 0.8259197791690499 0.7817812237336113 0.7775641497367094 0.8300541925088871 0.886816124417489 0.9394932458020213
2 0.6308048913764872 0.7062349094771693 0.5620891362286798 0.6589466454499259 0.5329500391728937 0.7012893936920696 0.601665794320701 0.748577657719313
2 0.43091104119759926 0.6683968934348355 0.39642821921536103 0.6395506853924388 0.3367616257872542 0.7108762653939428 0.37124444776949245 0.7397224734363395
2 0.224134519776072 0.7515386313816159 0.183778437426214 0.7288383349506847 0.12878492826083118 0.8266045729968907 0.16914101061068917 0.849304869427822
2 0.13739129242869805 0.9007362694918968 0.09450971034007748 0.8794347032133845 0.04147701365226751 0.9861933286902927 0.08435859574088808 1.0074948949688052
2 0.23599928312756 0.5427786868969472 0.20185905754707595 0.5158932596954824 0.13716757853235004 0.5980411709095382 0.17130780411283408 0.624926598111003
2 0.3997450512360997 0.41006927147194616 0.3803882865785872 0.35897857469500916 0.31221684215066436 0.38480673303693397 0.33157360680817677 0.435897429813871
3 1.0717341649360805 0.6675832083184626 0.7955237849851937 0.46232504744314923 0.721143597317242 0.5624164630973276 0.9973539772681288 0.767674623972641
2 0.8094746636119587 0.46293553068159643 0.761009221898164 0.44021736077624385 0.7437766887207792 0.47698010776550753 0.7922421304345739 0.4996982776708601
2 0.8520490426160237 0.4043080292742394 0.8063048840545759 0.37214416623938185 0.7830005488405601 0.40528810806141186 0.828744707402008 0.43745197109626943
2 0.6437203550493732 0.15484124580560385 0.6374223743786399 0.12295771988630635 0.5932029598281403 0.13169241939272544 0.5995009404988736 0.16357594531202294
2 0.7020271528632502 0.1485196385543048 0.6933817377119914 0.11690983788781262 0.6564645211461759 0.12700685389901242 0.6651099362974348 0.1586166545655046
2 0.7406958537767502 0.21539011109447498 0.7244522002618652 0.187978943557908 0.691254231077495 0.2076518125850796 0.7074978845923799 0.23506298012164656
3 0.9101550336223345 0.18203214930737502 0.9030042412387456 0.1076192124881074 0.8083981959202811 0.11671048367322179 0.8155489883038699 0.1911234204924894