0 0.9416666658653846 0.08981481490384625 0.9234374999999999 0.08981481490384625 0.9234374999999999 0.11666666586538471 0.9416666658653846 0.11666666586538471
2 0.8885951112979112 0.4419820465723864 0.8182727729111503 0.39583301961305584 0.7917573226108942 0.4362375219687652 0.8620796609976551 0.48238654892809574
0 0.1901696786276745 0.3154620316086169 0.183375375005664 0.2757746806528511 0.17250730291828317 0.2776352478050872 0.17930160654029365 0.31732259876085295
2 0.4614828424092207 0.17508714542446419 0.4457418917310332 0.11911932348166861 0.4206438529010883 0.12617814724195703 0.4363848035792758 0.18214596918475262
2 0.9953903161524047 0.5389953058629702 0.9322610379081305 0.48532017838721064 0.9043680495492826 0.5181261409620597 0.9674973277935568 0.5718012684378191
2 0.29898105757203086 0.20040264749278286 0.25608573225235465 0.16003058002890758 0.23254512774461863 0.1850424744404266 0.27544045306429493 0.22541454190430185
2 0.2454104033108928 0.16002009073288687 0.20715017279350728 0.12115255657087855 0.19088234845452037 0.13716619681447184 0.2291425789719059 0.17603373097648017
3 0.25272008942908786 0.21965049914394597 0.2057245209600442 0.1361028700662006 0.1752596431957977 0.15323937369502777 0.22225521166484133 0.23678700277277315
3 0.23477348570950124 0.2625199628051315 0.19000663692986028 0.14882637914947242 0.13923274157694004 0.1688186005408012 0.183999590356581 0.2825121841964603
3 0.1757670763041624 0.16504703313520105 0.08221266270025678 0.08345661252023119 0.04024071449746943 0.13158310791428512 0.13379512810137506 0.213173528529255
2 0.81882403589069 0.5379626133843955 0.7586445899477827 0.48035493087466274 0.72765562877544 0.5127273234523848 0.7878350747183472 0.5703350059621177
2 0.9109912658041542 0.6202501278068173 0.8451286751352665 0.5480070967566084 0.8094275423353048 0.5805551371950733 0.8752901330041924 0.6527981682452823
2 0.8840513282558237 0.5090051392217175 0.8205188545989238 0.44955955236218365 0.7867241876277075 0.4856776042230538 0.8502566612846073 0.5451231910825877
2 1.0223873764339082 0.6950326252349749 0.9308051251812846 0.6472741775918162 0.9048341496384562 0.6970764748777447 0.9964164008910799 0.7448349225209033
3 0.07994891568271464 0.10357041974022976 0.03299707389171557 0.057352183097765116 0.008138048035418633 0.08260578716994696 0.05508988982641771 0.1288240238124116
1 0.17605530234847513 0.09870752105625179 0.04073156729394053 -0.014215682491854962 -0.002093286199463046 0.03710432035788504 0.13323044885507157 0.15002752390599178
2 0.4185475133482704 0.08151228399369444 0.386299883754593 0.0512801260171311 0.36661794156406863 0.07227419405343312 0.398865571157746 0.10250635202999646