3 0.9647161944269571 0.48173165694473824 0.8964629865744954 0.32714904364917874 0.809121911705214 0.36571294427177037 0.8773751195576757 0.5202955575673299
1 0.11388364637196277 0.06644562666920927 0.013333345633035999 -0.016218335915021528 -0.02605809159014873 0.03169638696429708 0.07449220914877805 0.11436034954852786
2 0.4045913029875896 0.45058082620310846 0.3735871010152695 0.43114783607145185 0.3394258143947182 0.4856501757959254 0.3704300163670383 0.505083165927582
1 0.24201768557429554 0.23889206741166694 0.11556152934717688 0.1137004754060465 0.06996082225522841 0.15976179667934437 0.1964169784823471 0.28495338868496484
2 0.999517941536052 0.7462461348832553 0.9989566330005821 0.6933582341072294 0.9769170562979215 0.6935921439871797 0.9774783648333915 0.7464800447632057
2 0.6232091099651578 0.19619879328963175 0.6020434256542794 0.17040311429557195 0.5625721731312451 0.20278978147536925 0.5837378574421235 0.22858546046942904
2 0.8304296685896495 0.5455109399830999 0.7603733288421056 0.49387049365454266 0.7328253660336326 0.5312425455842303 0.8028817057811766 0.5828829919127876
0 0.18075585041212783 0.30944901109139705 0.1758432846248596 0.27451520237969357 0.16294726715969785 0.2763287044433876 0.1678598329469661 0.3112625131550911
2 0.24442301970185032 0.7233645181650583 0.2043187159157149 0.7011425435148451 0.14745182439831211 0.8037710060473249 0.18755612818444753 0.825992980697538
2 0.6306075142780403 0.31369611421122384 0.6038411899669508 0.287197452337167 0.5613592495817777 0.33010850192594476 0.5881255738928672 0.3566071638000017
2 0.2735007556247314 0.24104014031641768 0.22975720742002934 0.20474918714912735 0.2061576943285746 0.2331950213978128 0.24990124253327664 0.26948597456510315
0 0.4369791658653846 5.268532578925405e-17 0.41874999999999996 5.156911130784558e-17 0.41874999999999996 0.015740740384615436 0.4369791658653846 0.01574074038461544
2 0.30002223513089843 0.21792005884593582 0.2579333467366217 0.18228925248565642 0.23675517418749445 0.20730596784713165 0.27884406258177113 0.24293677420741105
0 0.7173578821451811 0.9470907269971544 0.6985803180316518 0.9003554599738101 0.6771192264447708 0.9089782206615299 0.6958967905583001 0.9557134876848742
2 0.9361240379984955 0.630093028217474 0.866452401788946 0.5722913754657285 0.8338438235950686 0.6115963587850137 0.903515459804618 0.6693980115367592