2 1.0101721025360972 0.5666070856428618 0.9376411009925467 0.5214766861702459 0.9092947145034109 0.5670333802439405 0.9818257160469614 0.6121637797165562
2 0.24135901301667337 0.2961189742142472 0.2114684348697265 0.24760094014780107 0.183278767111283 0.26496779111946794 0.21316934525822986 0.31348582518591406
3 0.477674617747665 0.15119608787357636 0.4232172759587859 0.11290578765298613 0.39229232779200035 0.15688795709067593 0.44674966958087947 0.1951782573112662
2 0.32892552590708896 0.8310371038508412 0.29124896512096676 0.8138000769227569 0.2464888958807754 0.9116362917500054 0.2841654566668975 0.9288733186780895
2 0.27728954841045106 0.9395876509284053 0.2242460357463729 0.9186321720081287 0.19210069471153862 1.0000000000000002 0.2451442073756168 1.0209554789202768
0 0.6359225326942896 0.855805389062102 0.6119791658653847 0.811111110576923 0.5938644209584666 0.8208154395653013 0.6178077877873716 0.8655097180504805
2 0.056474656940774 0.11242281582722705 0.03185590310733158 0.07522114134780244 0.006714276580202328 0.09185898152851987 0.031333030413644755 0.12906065600794447
2 0.40838224984605803 0.359204914185585 0.3617662327596074 0.3172504842850981 0.33840929938094927 0.34320262350017505 0.3850253164673999 0.38515705340066186
2 0.7230309383197481 0.18227292593022731 0.7139602644574083 0.14947271773431264 0.6729317323905045 0.1608188784417859 0.6820024062528441 0.19361908663770058
3 0.6872192213987736 0.7292018492660073 0.5538390554293766 0.5553136344110915 0.4869759166000378 0.606600701575091 0.6203560825694349 0.7804889164300068
2 0.8250740377371787 0.5666663080526851 0.7648945824885668 0.5090586375438843 0.7339056288578707 0.5414310339929801 0.7940850841064826 0.5990387045017811
2 0.9188037658041541 0.650805683095279 0.8529411751352662 0.5785626520450703 0.8172400423353049 0.6111106924835351 0.8831026330041928 0.6833537235337439
2 1.0270611899480977 0.7282243396867071 0.9456188189657839 0.6678966551572892 0.9154298614722395 0.7086517462060701 0.9968722324545533 0.7689794307354879
3 0.38693378330666545 0.4098973187981191 0.32609598954947483 0.3458048278703932 0.293047601177052 0.3771749775822564 0.3538853949342426 0.4412674685099823
1 0.9036622479137596 0.8061808798628434 0.6493464634978842 0.5405116515795539 0.5748951687152569 0.6117812508318674 0.8292109531311324 0.8774504791151568