3 0.7445674625772247 0.7271487407915571 0.6542732322461078 0.660264123158985 0.6157435596656669 0.7122791791420009 0.7060377899967839 0.7791637967745731
2 0.2366970964376433 0.750470019633868 0.19916430605483806 0.7308138378118325 0.15326287413169823 0.818461013557351 0.19079566451450347 0.8381171953793866
1 0.24729717991132 0.2548299440292878 0.12343842182263226 0.12942295628783693 0.07826214980411744 0.1740414982691344 0.20212090789280518 0.29944848601058527
3 0.3080410918228461 0.4800956326868237 0.27068162302808746 0.4446041380861769 0.19711667085208806 0.5220409314963105 0.23447613964684672 0.5575324260969574
2 0.7118343158393207 0.1839468557889717 0.710066693919901 0.14623764800179015 0.6694874547443812 0.14813980285597955 0.671255076663801 0.18584901064316114
2 0.8587571839772927 0.5850989717867334 0.7901400788387214 0.5241060070354682 0.7593354879707092 0.5587611817586681 0.8279525931092805 0.6197541465099333
0 0.02464143032756808 0.16560423574678224 0.013583163236432601 0.13283900433190043 0.002641937704925806 0.13653166844587336 0.013700204796061283 0.1692968998607552
2 0.10341294797935638 0.8177063974472403 0.0687860364993404 0.7996715482729838 0.0023141436587592944 0.9272975864538545 0.03694105513877526 0.9453324356281112
2 0.2798932842752419 0.7803937881153936 0.24226722154655472 0.761950297998741 0.18249649496593445 0.8838869321952735 0.22012255769462163 0.9023304223119261
3 0.4305061383701481 0.4157034094892582 0.40854864861398826 0.3599383662515239 0.33712249165244834 0.38806242065454527 0.35907998140860814 0.44382746389227956
2 0.24215563870150797 0.2380045795126854 0.21139981410327277 0.18879525447750878 0.19358874231584575 0.19992717306019808 0.22434456691408092 0.24913649809537472
0 0.8460736257628584 0.09596149146207336 0.8274990391820695 0.08605504299954979 0.8158112254489814 0.10796968869186421 0.8343858120297705 0.11787613715438779
2 0.13930415861790457 0.09612889678899253 0.10580227547023101 0.06079487961902442 0.08567158238816715 0.07988175910042682 0.11917346553584073 0.11521577627039492
0 0.3375578700509051 0.8388888899886879 0.32257965568438923 0.835144336397059 0.3100183812217195 0.8853894342477376 0.3249965955882355 0.8891339878393667