2 0.9291024575324062 0.6364515344342352 0.8591258918140835 0.5842826229657004 0.8283107590030785 0.6256163810520411 0.898287324721401 0.6777852925205757
3 0.3412275322631718 0.15958605885179628 0.2523884641349675 0.0918991432933792 0.21087722353244326 0.1463826413453944 0.2997162916606476 0.21406955690381146
2 0.8290794371658616 0.5568034483606233 0.75747361031245 0.508130212740422 0.7316318779144935 0.5461473815623007 0.8032377047679051 0.594820617182502
2 0.2209055860138656 0.12087228368608184 0.1932321764387227 0.08625204885352365 0.16978297411019108 0.10499598237640033 0.19745638368533397 0.13961621720895853
2 1.0275176255380862 0.7286662248498063 0.9528601160423248 0.660829271600097 0.9200580903670375 0.6969293236516457 0.9947155998627988 0.764766276901355
3 0.9789306622173517 0.42097044009331613 0.8510747992519629 0.3414810986047087 0.7967269361323933 0.4288977611326441 0.9245827990977821 0.5083871026212515
3 1 0.4648148149038463 0.9630208341346154 0.4648148149038463 0.9630208341346154 0.5629629639423078 1 0.5629629639423078
2 0.2997357635619084 0.24217541969732687 0.2608652774861623 0.20209023461086134 0.23675469632500473 0.2254701942463566 0.2756251824007509 0.26555537933282214
2 0.2758819447397436 0.27617592512651107 0.24217361037930404 0.23123148116469777 0.2147291668895604 0.2518148146302197 0.24843750124999991 0.296759258592033
1 0.245054025320351 0.26384481190406456 0.11760544036941033 0.13933090650883012 0.07312738229347121 0.18485727197902085 0.2005759672444119 0.30937117737425535
2 0.23522688546156656 0.1905998101509196 0.203123279444161 0.13775437160223872 0.18612555984797904 0.14808048693208833 0.2182291658653846 0.2009259254807692
3 0.10329040804822703 0.1722723024878287 0.05914296732511838 0.10948480135275453 0.025945773837369016 0.13282656691404218 0.07009321456047767 0.19561406804911635
2 0.09538997309174514 0.14721165664327474 0.08943085225661568 0.10351142916376375 0.07342482304638556 0.10569406910995381 0.07938394388151501 0.1493942965894648
1 0.2363497736389576 0.18892273979187882 0.10997939367419618 0.08503444229615842 0.07408557303978536 0.12869591198329372 0.20045595300454677 0.23258420947901412
0 0.2005944004657757 0.31614351932058554 0.18616618243517474 0.3141145515014451 0.18171746611400064 0.34574987288637843 0.1961456841446016 0.3477788407055188
2 0.31612500007909533 0.8312222214711689 0.27854296154930924 0.8153672990616975 0.2341410836434456 0.9206161954710647 0.2717231221732317 0.9364711178805363
2 0.8266328271800336 0.47904913084491674 0.7598816615727331 0.4298450188782581 0.7343615047707197 0.46446611343575744 0.8011126703780203 0.513670225402416
2 0.16463607970116395 0.12177449775606732 0.14191982562603736 0.10723609464473392 0.13926291179025801 0.11138752236943589 0.1619791658653846 0.12592592548076928
2 0.2242514925075911 0.7661188279931219 0.1835752650942948 0.744920831132273 0.1315664788912486 0.8447189973916435 0.17224270630454488 0.8659169942524925
2 0.034273823079194625 0.11501864264319474 0.00673069253820937 0.07976343290659277 -0.013985128262323735 0.09594766669319157 0.013558002278661517 0.13120287642979356