0 0.7494518468799924 0.06598361818104746 0.7312447810665039 0.063935320204588 0.7277734111021243 0.09479189582532564 0.7459804769156129 0.0968401938017851
2 0.8885475849960158 0.4510426874559901 0.8181026702069172 0.40522486630512317 0.7920499597160222 0.44528091708311657 0.8624948745051209 0.49109873823398353
2 0.0020833341346153905 0.04537037019230769 5.55626786321401e-18 0.04537037019230769 6.350020478184495e-18 0.05833333413461539 0.0020833341346153914 0.05833333413461539
0 0.19433634456150492 0.3228694406622735 0.1875420408710487 0.28318208930669736 0.17667396878366778 0.28504265645893345 0.183468272474124 0.3247300078145096
2 0.290625 3.302400413106803e-17 0.24869791586538462 3.04567106619161e-17 0.24869791586538462 0.021296295673076955 0.290625 0.021296295673076955
2 0.9889658126066707 0.5388871974466833 0.9285711788105477 0.48753716765826194 0.8986915059994272 0.5226797353414944 0.9590861397955501 0.5740297651299158
2 0.3021273361962716 0.21084592837928068 0.2601268160331021 0.16936393156093585 0.23595172532540054 0.19384120996104987 0.27795224548857 0.2353232067793947
2 0.24801456924611076 0.16742749921136055 0.20975433852417916 0.12855996524197932 0.1926268351100286 0.14541985228375306 0.2308870658319602 0.18428738625313426
3 0.2549806799067451 0.22962464028041307 0.21330047879711594 0.14394866632320225 0.17909560139164718 0.16058887597990448 0.22077580250127637 0.24626484993711534
3 0.23789848570950126 0.2708532969397469 0.19313163692986027 0.15715971328408784 0.14235774157694003 0.1771519346754166 0.187124590356581 0.29084551833107564
3 0.17896290013068705 0.17204451590640896 0.08481683369681156 0.08993808928680527 0.043303545752496245 0.1375386599802687 0.13744961218637172 0.21964508659987242
2 0.8219490365364008 0.5490737155570693 0.7617695812877887 0.4914660450482686 0.7307806288578705 0.5238384402429804 0.7909600841064827 0.581446110751781
2 0.9141162658041543 0.6304353129029714 0.8482536751352664 0.5581922818527625 0.8125525423353049 0.5907403222912273 0.8784151330041927 0.6629833533414362
2 0.886305918379634 0.5146377402913076 0.8200877763261685 0.45887507995936405 0.7885852835317954 0.496284280497472 0.8548034255852609 0.5520469408294155
2 1.0234680233407525 0.7026825831260471 0.9349717910466689 0.6565334372072009 0.9090008155038409 0.7063357344931297 0.9974970477979246 0.7524848804119759
3 0.08411558392678754 0.11190374561470393 0.0371637357711349 0.06568551794381111 0.012304712306603434 0.09093912791162798 0.05925656046225609 0.1371573555825208
1 0.19103381997496158 0.11594703115584126 0.054537818757532344 0.002906866241725609 0.015796164255496063 0.049687414767047425 0.1522921654729253 0.16272757968116308