0 0.4202347273483514 0.024228122572692527 0.410779233823251 -0.0003399927076479002 0.39736107985931307 0.0048242319989310655 0.40681657338441346 0.029392347279271494
2 0.7169683719236264 0.33957533934304823 0.6611778486817315 0.29824902424106015 0.6345687547406654 0.3341712996798737 0.6903592779825604 0.3754976147818618
2 0.011979165865384622 0.05 6.20119189047624e-18 0.05 8.18557320711276e-18 0.08240740625 0.011979165865384623 0.08240740625
3 1.0005120892117922 0.6273269277964287 0.9994791658653848 0.5740740745192309 0.9859425928296967 0.5743366377709337 0.986975516176104 0.6275894910481316
0 0.2631927936066458 0.39011611134553237 0.25624751989061784 0.35924824285510515 0.24167286057824763 0.36252754276120847 0.24861813429427565 0.3933954112516357
3 0.8231422426939712 0.3478418336209614 0.7544974382276686 0.30017183478216036 0.7194137165943756 0.35069239845180616 0.7880585210606783 0.39836239729060713
2 0.8544991063325849 0.03677433782125808 0.843659187608212 -0.004979428132414169 0.8203879305225658 0.00106214751138005 0.8312278492469386 0.0428159134650523
2 0.9183269283287525 0.4960385897810185 0.8594244711059235 0.4484406560338672 0.8316484095861916 0.4828135404572923 0.8905508668090207 0.5304114742044436
2 0.3882610208636039 0.29369011593218763 0.34414904244929156 0.25217295202829704 0.3206628015968642 0.27712707827627364 0.3647747800111766 0.3186442421801642
2 0.2911104401409165 0.217070593851382 0.2543724010864151 0.1783234498060396 0.23091932651104402 0.20056044277485913 0.2676573655655454 0.23930758682020153
3 0.4362026595375077 0.37931774842015115 0.3652316048549395 0.3062715146333057 0.32806380512675476 0.3423834099383691 0.39903485980932296 0.41542964372521457
3 0.3603392809849101 0.3491742044751991 0.2750472949682472 0.260415075483784 0.2277158611220299 0.30589763079536925 0.31300784713869284 0.3946567597867844
3 0.21466550430462897 0.21910707490015607 0.12436463044155399 0.1309702676082282 0.08225646587215965 0.17411233474474366 0.17255733973523463 0.26224914203667155
2 0.8224698700253056 0.5638885388651648 0.7622904228280141 0.5062808551546545 0.7313014616556719 0.5386532477323767 0.7914809088529631 0.5962609314428869
2 0.915157932866342 0.6461760546003302 0.849295341000651 0.5739330222373777 0.8135942082006894 0.6064810626758426 0.8794568000663804 0.6787240950387952
2 0.7161811204025187 0.39493564175959367 0.653744638803883 0.3449864478356331 0.6249054294647761 0.38103545327026506 0.6873419110634118 0.4309846471942257
2 1.0249391059806146 0.7286585976441621 0.9404104859809259 0.6660448026435778 0.9102215273376236 0.7067998952445328 0.9947501473373122 0.769413690245117
3 0.09107763725315543 0.12903124913443612 0.044749108137019905 0.08196734880295434 0.020281243626468163 0.10605290408848811 0.06660977274260368 0.15311680441996986
1 0.2405453163522592 0.17521826729687712 0.10647722627256566 0.05370993068588481 0.06476740868390803 0.09973109876084847 0.19883549876360157 0.22123943537184074