2 0.921149674484666 0.6263206793079734 0.8509895378309393 0.5690679654856672 0.8200956013031492 0.6069268312730357 0.8902557379568758 0.664179545095342
3 0.3307647463255829 0.1541433370269501 0.243114608519672 0.08488891048515311 0.20057605899909187 0.1387267648104958 0.2882261968050028 0.20798119135229284
2 0.8190337633269306 0.5516411263201998 0.7536817542409827 0.4935504459914938 0.7244863498225557 0.5263952728040681 0.7898383589085036 0.5844859531327742
2 0.20892641910733709 0.11531672661782692 0.18125300720099596 0.0806964935993702 0.1578038071096697 0.09944042789511946 0.18547721901601089 0.13406066091357619
2 1.024715128818281 0.7156811472882971 0.9419848933023276 0.6445944287575018 0.9101832358554168 0.6816049795995813 0.9929134713713702 0.7526916981303766
3 0.8437833069393827 0.1434948506038604 0.8097612306662829 0.095651275482549 0.7213041064875859 0.15855407942384891 0.755326182760686 0.20639765454516035
2 0.30872418838513654 0.8252019826425835 0.27080014786866 0.8096876022956826 0.22705752253123931 0.9166140188524843 0.2649815630477158 0.9321283991993852
2 0.2154969814003619 0.7612359220526905 0.1752099987871831 0.7402912692725945 0.12253246177633456 0.8416163683297581 0.16281944438951332 0.8625610211098541
2 0.646765550501964 0.1418363747965224 0.6439881376239937 0.11163199682961311 0.6005502193885739 0.11562628645317202 0.6033276322665441 0.14583066442008133
3 0.24635416586538475 0.9462962956730769 0.1815705120192309 0.9462962956730769 0.1815705120192309 1 0.24635416586538475 1
2 0.48398707032295707 0.44965516761039626 0.42829382003924876 0.40015006440728285 0.4020869226108869 0.4296328288739862 0.45778017289459516 0.4791379320770996
3 0.6759795834925344 0.21929717361036663 0.5692195109231871 0.154959655957969 0.526155829620192 0.22641845494132826 0.6329159021895394 0.2907559725937258
2 0.40001376617258344 0.14602079968476403 0.3604046033083531 0.11893762762740233 0.34042684280378965 0.14815511986988686 0.38003600566802 0.17523829192724855
2 0.803452545735361 0.09689193389990983 0.7903497656083203 0.0801412210383025 0.7588301613290391 0.10479655648431394 0.7719329414560797 0.12154726934592126
2 0.637512180976612 0.33547938979527037 0.5965918555032983 0.30095286351723216 0.5711818427068363 0.3310684327911003 0.61210216818015 0.3655949590691385
2 0.8788150698363011 0.41484915920101706 0.8160194400579404 0.37087107862457347 0.7937121991383022 0.40272324733692577 0.8565078289166631 0.44670132791336936
2 0.9231499107049232 0.505956971035106 0.8672736628959107 0.4640152909080326 0.8431495935235382 0.49615426279300434 0.8990258413325508 0.5380959429200777