2 0.5409331377960273 0.20780438672399776 0.4942298336005362 0.17402788622805557 0.4707773655809173 0.2064559865928897 0.5174806697764084 0.24023248708883188
2 0.03493155877493499 0.0879027937187712 0.011126154579646802 0.05087216446188266 -0.010196048897439417 0.0645792950802962 0.013609355297848773 0.10160992433718473
3 1.0388409311475013 0.5692276818003539 0.9572341260906166 0.495781536062765 0.9087620860442799 0.5496393428005588 0.9903688911011646 0.6230854885381477
2 0.27232899517686426 0.9379472723043093 0.23483869851723532 0.9198715915713639 0.19666847412042576 0.99903945569461 0.2341587707800547 1.0171151364275555
0 0.323575419325191 0.4667185973797255 0.31259132497243003 0.42571131754160957 0.2996785006661086 0.429170110251128 0.3106625950188697 0.470177390089244
3 0.6935263307225679 0.24790233964945502 0.6344755299667011 0.20944161532158315 0.6016938289534928 0.2597731087814329 0.6607446297093595 0.2982338331093048
2 0.8690322842860332 0.10523045310902099 0.866113081180917 0.05592832179096289 0.8475924856848571 0.057024935232112335 0.8505116887899734 0.10632706655017045
2 0.7667052332261568 0.36989025791133723 0.7144682779842311 0.3361209027031485 0.6911730789450138 0.37215565261357225 0.7434100341869396 0.405925007821761
2 0.5244094203134659 0.4129015417292673 0.4736220686226202 0.36290774034840534 0.4473896991030539 0.3895564955875787 0.4981770507938996 0.4395502969684406
2 0.3972861128078598 0.3016081132087727 0.35398364701507123 0.2576183089550722 0.3275319016825093 0.28365674710807814 0.37083436747529785 0.3276465513617786
3 0.6629733359818004 0.5996070182117215 0.5756455074247472 0.5012823455157928 0.5270984802703714 0.5443997681122827 0.6144263088274247 0.6427244408082115
3 0.4940862451258351 0.48405611523775083 0.3983833637049422 0.3787323072820168 0.34632959739395974 0.4260311613726755 0.44203247881485264 0.5313549693284095
3 0.27213985710295446 0.2651537587300872 0.1794587793912479 0.1810177371105843 0.1370548685733474 0.22772829078481605 0.22973594628505395 0.31186431240431894
2 0.824032368864844 0.5611107610625082 0.7638529226651498 0.5035030787634885 0.7328639616574715 0.5358754714257384 0.7930434078571656 0.5934831537247581
2 0.9172412664247049 0.6443242003702884 0.8513786737199068 0.5720811717757909 0.8156775434722408 0.6046292119998696 0.8815401361770389 0.6768722405943671
2 0.5375437562005214 0.2562387061102242 0.4838866290197567 0.21331300931857847 0.45712511316381044 0.24676490799834608 0.5107822403445751 0.28969060478999187
2 1.02642456484302 0.7252064686416588 0.9440563189657826 0.6641929508303671 0.9138673603224805 0.7049480434313227 0.9962356061997178 0.7659615612426145
3 0.11406760056244888 0.14457153797328223 0.06711575248746587 0.09835331014372477 0.04251304524557639 0.12334653526075842 0.08946489332055939 0.1695647630903159
1 0.31232785888902076 0.230245217637847 0.16413409212069008 0.10200060722757541 0.1204893813675883 0.15243449341838552 0.268683148135919 0.28067910382865713