2 0.9215193668168902 0.6259689537739926 0.8517879632274763 0.5699838837975773 0.8204525415947755 0.6090132702649836 0.8901839451841893 0.6649983402413989
3 0.3307647463255829 0.15599518798848855 0.24311460968900095 0.08674076237060571 0.20057606016842078 0.14057861669594843 0.2882261968050027 0.20983304231383126
2 0.8206752867010808 0.5531002583486345 0.7539727029397615 0.4938090670819424 0.7243175286222522 0.5271711349812496 0.7910201123835715 0.5864623262479417
2 0.20944725187925017 0.1171685793591588 0.18177384347650305 0.08254834599330149 0.1583246399755757 0.10129228045332338 0.18599804837832282 0.13591251381918068
2 1.024715128818281 0.7175329982498356 0.9419848944905552 0.6464462807400353 0.9101832370436443 0.6834568315821149 0.9929134713713701 0.7545435490919151
3 0.8142686377826536 0.14328707411364994 0.7757117991935326 0.10894738531372611 0.7006929793440407 0.19317903181861878 0.7392498179331617 0.2275187206185426
2 1.0041199724138474 0.9489892568304051 0.9298567121599445 0.8758863088057501 0.8939566663857895 0.9123561710273657 0.9682199266396925 0.9854591190520208
2 0.3097658563097452 0.8261279089657627 0.27184181373404476 0.8106135277764518 0.22809918755421418 0.9175399463924774 0.26602323012991463 0.9330543275817882
2 0.21653864796698422 0.7621618496033811 0.17625166659388294 0.7412171966441126 0.12357412858170512 0.84254229364164 0.16386110995480638 0.8634869466009086
2 0.9025228585086235 0.948004474590143 0.8261552768187028 0.8691734302252936 0.788121879809688 0.906018287177693 0.8644894614996086 0.9848493315425425
3 0.2526041658653846 2.5267452075617813e-17 0.16004464182692307 1.9599815833402596e-17 0.16004464182692307 0.052777778846153874 0.2526041658653846 0.05277777884615388
2 0.10012970689075494 0.7921790070552892 0.06196190779073853 0.7732520482899995 -0.0016248550391481697 0.9014800863603493 0.036542944060868235 0.920407045125639
2 0.646765550501964 0.1418363747965224 0.6439881376239937 0.11163199682961311 0.6005502193885739 0.11562628645317202 0.6033276322665441 0.14583066442008133
3 0.24687500000000015 0.9481481490384615 0.18249198798076938 0.9481481490384615 0.18249198798076938 1 0.24687500000000015 1
2 0.4140275423817511 0.3863898346376444 0.360600544518188 0.34065807796790276 0.3354424509768346 0.3700495010788051 0.3888694488403977 0.4157812577485468
3 0.7318745879506026 0.25999825867119614 0.6212031846945002 0.19074255618818176 0.5762448854640633 0.2625864316446543 0.6869162887201656 0.33184213412766866
2 0.5098987364900254 0.22018724948481688 0.46855833946120024 0.1907896333958708 0.4471305482554652 0.2209224643443279 0.4884709452842904 0.25032008043327403
2 0.8354166658653847 0.09074074038461549 0.8010416658653846 0.09074074038461549 0.8010416658653846 0.12314814903846164 0.8354166658653847 0.12314814903846164
2 0.761742788616668 0.42846197937528463 0.713373394879559 0.3908413475534823 0.6900120209037717 0.42087740599681384 0.7383814146408807 0.4584980378186161
2 0.9587431258639173 0.4721564187522927 0.8878944572639512 0.43017202596079557 0.8665069791710518 0.46626339817899154 0.9373556477710179 0.5082477909704887