2 1 0.5370370360576925 0.9750000000000001 0.5370370360576925 0.9750000000000001 0.5884259254807694 1 0.5884259254807694
0 0.18912801008186045 0.3126842558089508 0.18233371083117086 0.2729969042197645 0.17146563549262586 0.27485747070183825 0.17825993474331542 0.31454482229102454
2 0.0629407043269232 0.9898148149038462 0.03032852644230781 0.9898148149038462 0.03032852644230781 1 0.0629407043269232 1
2 0.38955964405919974 0.4623381503190069 0.35517894499189506 0.4419536482122824 0.31563855965706666 0.508642845823518 0.35001925872437145 0.5290273479302426
2 0.29739583288646454 0.1932870368897929 0.2524919879372439 0.15836182367176832 0.23120592999768264 0.18572961207527314 0.27610977494690325 0.22065482529329772
2 0.24062499939903845 0.1564814819711539 0.20341435287710335 0.11927083276575862 0.18845486044546272 0.1342303241185897 0.22566550696739782 0.171440973323985
3 0.2529462010497264 0.20584396432124372 0.19794957136824157 0.1335778583524962 0.16785875902470615 0.15647785055614633 0.22285538870619098 0.22874395652489385
3 0.2510021554874005 0.23846104661803713 0.17399066185344822 0.15182311627984088 0.1319719834714854 0.18917305261936349 0.2089834771054377 0.27581098295755974
3 0.174032370640802 0.16666631449177416 0.08380371739196842 0.08029358540901625 0.04139402920023713 0.12459656264360675 0.1316226824490707 0.21096929172636464
2 0.8183615150032507 0.5347420705793787 0.7597030656154858 0.478590405348653 0.7287141131855677 0.5109628005433648 0.7873725625733325 0.5671144657740905
2 0.9116460841829672 0.6078684021714862 0.8411396311218184 0.5455457357084611 0.8109228612485209 0.5797303652765038 0.8814293143096695 0.6420530317395289
2 0.9094935339035105 0.5176979606131096 0.8385488511874981 0.45463601435744994 0.8019971255986083 0.49575670169103864 0.8729418083146206 0.5588186479466982
2 1.0244387645726027 0.694947897483422 0.9343436721358886 0.6377446557040757 0.9060022567750493 0.6823823782753176 0.9960973492117634 0.739585620054664
3 0.07217475510479689 0.11029442259075194 0.037595583756482295 0.05496774843344858 0.007424963618193614 0.07382438601987901 0.0420041349665082 0.12915106017718236
1 0.06822916586538462 4.177831479276856e-18 0 0 4.252245846727546e-18 0.06944444471153846 0.06822916586538462 0.06944444471153846
3 0.47245634333297853 0.18170818388051396 0.438098263720305 0.17873488806758878 0.4291226937518392 0.2824525693709766 0.46348077336451265 0.2854258651839018
2 0.19451931287124857 0.7831105932880231 0.15383614308379528 0.7621878212891183 0.10148651081859562 0.863978777949514 0.1421696806060489 0.8849015499484187