2 0.2954382905879236 0.440537727025452 0.2663340217126521 0.4144323766570649 0.20885666728200955 0.47851258833713695 0.23796093615728103 0.5046179387055241
2 0.532317571563304 0.3585620017281548 0.4787151681563064 0.34522096138944885 0.4674436782885176 0.39050820522891266 0.5210460816955151 0.4038492455676186
2 0.6843937480065667 0.44211754353941846 0.6201706541696274 0.40005329275488477 0.595957818065936 0.4370211030960488 0.6601809119028753 0.4790853538805825
2 0.8157730531461898 0.4655198327421947 0.7621943736810255 0.4337695056967037 0.7391825289890727 0.4726019954813208 0.7927612084542369 0.5043523225268118
2 0.8509611427252349 0.3976340592909177 0.8040281579905871 0.3678353376783701 0.7829292165002626 0.4010661692475225 0.8298622012349105 0.43086489086007007
2 0.8596395513458822 0.5784250957017452 0.7842647274698934 0.5201643650720261 0.7521045309189601 0.5617716213601451 0.8274793547949488 0.6200323519898643
2 0.645737491777479 0.15201396255508043 0.6394143233112507 0.1211885138882291 0.5945559508144256 0.13039023060884486 0.6008791192806539 0.1612156792756962
2 0.7021659822786736 0.14449861879396705 0.6925755103689564 0.11302989632680377 0.6565539079901695 0.12400791318520143 0.6661443798998866 0.15547663565236472
3 0.6260855286541717 0.3093258679144955 0.6095583013713471 0.22607761385482275 0.504360208235852 0.2469625298762905 0.5208874355186767 0.33021078393596326
2 0.42695229626084663 0.2641823003658709 0.3838664582911734 0.24356001234204624 0.36898582170005295 0.27464990383759236 0.41207165966972614 0.29527219186141695
2 0.4793675968028396 0.6579056235287047 0.4533777500421382 0.6140477542523913 0.39233079556702033 0.6502237249093313 0.41832064232772176 0.6940815941856447
2 0.22683430208887675 0.7426461324387148 0.1844539638483274 0.7222127604056212 0.13622224734660715 0.8222489392582661 0.1786025855871565 0.8426823112913598
3 0.35680398979864975 0.739195123478203 0.3076274798968552 0.717246096494404 0.24953374694262803 0.8474043507060569 0.29871025684442265 0.8693533776898561
2 0.9271485473348309 0.5543982385198649 0.8696980046610112 0.507259331187586 0.8428741670376484 0.5399508829283574 0.9003247097114682 0.5870897902606362