2 0.34076912059641107 0.4033605714314717 0.31385181388088507 0.3718783421387023 0.2551438244502395 0.42207367435170706 0.2820611311657655 0.4535559036444764
2 0.5775089350111219 0.375528089153466 0.525020858359325 0.35170371664072886 0.5061509241076975 0.3932765452591646 0.5586390007594944 0.4171009177719017
2 0.7183242244470439 0.47245736264457094 0.659323106651943 0.41725164073864673 0.6288349696129031 0.4498358385842788 0.687836087408004 0.505041560490203
2 0.8157730531461898 0.46366798178065655 0.7621943726267499 0.4319176541104092 0.7391825289890727 0.4707501421159358 0.7927612095085125 0.5025004697861831
2 0.8512658328720762 0.3971982437807172 0.804601822601626 0.36633005888191267 0.7828032881590519 0.39928330956522207 0.8294672984295021 0.4301514944640266
2 0.9062526062449893 0.6100984294798741 0.8281620248457421 0.5492424483505958 0.7930099439691275 0.5943497062093887 0.8711005253683747 0.655205687338667
2 0.6457374913042929 0.15016210928675958 0.6394143233112506 0.11933666292669062 0.5945559508144254 0.12853837964730647 0.6008791188074677 0.15936382600737536
2 0.7021659809249202 0.14172084394271314 0.6925755123638229 0.11025211884693392 0.6565539095702622 0.12123013108163724 0.6661443781313594 0.15269885617741646
3 0.5794382170263647 0.3246283340892536 0.5777449321490342 0.24034031236133913 0.4773204331190514 0.2423577672978173 0.47901371799638187 0.3266457890257317
2 0.3932735725764257 0.2548150615817874 0.3595381698877296 0.22228449112861343 0.3365612600184795 0.24611239504123594 0.3702966627071757 0.2786429654944099
2 0.4387321209753742 0.6650510064720431 0.40570903679548237 0.6309959517301608 0.3477702529218528 0.6871790162309016 0.38079333710174457 0.7212340709727838
2 0.22719653011086652 0.7391170789553995 0.18445396935908345 0.7185090563283142 0.13574964785165514 0.8195254157615373 0.17849220860343823 0.8401334383886224
3 0.32817207996699993 0.7836237064489702 0.2775416577977786 0.7635050802333152 0.22134034270498043 0.9049409953456315 0.27197076487420174 0.9250596215612865
2 0.9568360487591726 0.5775463918820852 0.89754359470513 0.5288961621060291 0.8706499007786198 0.5616728441242074 0.9299423548326623 0.6103230739002635