2 0.9235066274289296 0.6149280713506924 0.8558173844744091 0.5625234948597341 0.8248768792547393 0.6024883131101249 0.8925661222092598 0.654892889601083
3 0.33076474632558284 0.1485877817384885 0.24311460851967187 0.07933335519669156 0.20057606016842072 0.1331712080421023 0.28822619797433163 0.20242563458389923
2 0.8240702094317083 0.5425988217433754 0.7558350950859167 0.48745933713850104 0.7277709845682665 0.5221886749969749 0.796006098914058 0.5773281596018491
2 0.20788475187925018 0.11068709858992803 0.1802113423041073 0.0760668637573698 0.15676213997557567 0.09481079728024647 0.18443554955071856 0.12943103211280468
2 1.0257906945938493 0.7042442276993304 0.9466723953986219 0.6362610952130558 0.9148707369890109 0.6732716452265317 0.9939890361842382 0.7412547777128062
3 1 0.10833333413461553 0.9645833341346154 0.10833333413461552 0.9645833341346154 0.1814814807692309 1 0.1814814807692309
2 0.31080752217512975 0.8196464281965318 0.2728834816586532 0.8041320478496308 0.22914085632123254 0.9110584644064321 0.267064896837709 0.9265728447533333
2 0.2201844815901257 0.7501248121256612 0.17989749930847074 0.7291801586940481 0.12721996180776676 0.8305052547077569 0.1675069440894217 0.8514499081393704
2 0.6457238844863104 0.13720674506282446 0.6428576761791711 0.1060367139103018 0.5994197580134375 0.11003100320960482 0.6022859663205767 0.1412010343621275
3 0.24843750000000012 0.9416666658653846 0.1811431634615386 0.9416666658653846 0.1811431634615386 1 0.24843750000000012 1
3 0.33536458413461534 3.633490917158034e-17 0.2578125 3.1586213591447195e-17 0.2578125 0.06388888942307695 0.33536458413461534 0.06388888942307695
2 0.7156433825791856 0.1276579523755656 0.7086335786199095 0.09611383455882351 0.6713541672794118 0.10439814819004532 0.6783639712386879 0.13594226600678738
2 0.496234142974136 0.14280371695702826 0.45315348679850326 0.12011102918390942 0.43806548541664464 0.14875466128284917 0.48114614159227737 0.171447349055968
2 0.2956169861677855 0.061116454024237196 0.26542468270795366 0.03763354746244911 0.24764423147800982 0.0604941238470075 0.27783653493784166 0.08397703040879559
2 0.4242176878562764 0.18277677321868746 0.39044418840723283 0.1507544868712298 0.3673596307229658 0.1751014772070059 0.4011331301720094 0.20712376355446355
2 0.8650342470081801 0.39475515100660796 0.8097299753540065 0.34756216898890624 0.7853154749876582 0.37617290945991494 0.8406197466418318 0.42336589147761666
2 0.7767161988692174 0.3752677116057403 0.7199617047606023 0.3385779361331841 0.6968583964761301 0.3743158646713779 0.7536128905847452 0.4110056401439341
2 1.001249430012687 0.5422607828569744 0.934328220617404 0.492167710825543 0.9071852056453399 0.528429080210616 0.9741064150406231 0.5785221522420474