3 0.9555996315323099 0.4867299935136663 0.8905196454575979 0.3324663218909873 0.802312391303794 0.36967875701349107 0.8673923773785059 0.52394242863617
1 0.22704762620194197 0.17084807481859804 0.1007186196490493 0.06757180410938 0.06287089088631352 0.11386768545797905 0.1891998974392062 0.2171439561671971
1 0.24136530748871768 0.24853672430068158 0.1145198622919486 0.1229597362232934 0.06891915638984386 0.16902105629472888 0.19576460158661296 0.294598044372117
2 1.0289840890349962 0.7231699515109997 0.9493451551711399 0.6557507473862021 0.9162515438267514 0.6948425752916955 0.9958904776906077 0.7622617794164932
2 0.5409360160240296 0.5549938485742852 0.5210132889516969 0.47235141891953625 0.4939407851671669 0.4788778255888118 0.5138635122394997 0.5615202552435608
2 0.8288671685896496 0.5529183462330999 0.7588108288421055 0.5012778999045426 0.7312628660336326 0.5386499518342304 0.8013192057811765 0.5902903981627877
0 0.1812766853734661 0.3196341950537064 0.17636411517145437 0.2847003871948664 0.1634680961643295 0.28651389114940157 0.1683806663663413 0.32144769900824155
2 0.4450056551220238 0.20724233391304614 0.43140130413544103 0.15887129143915252 0.40799255440589194 0.16545500002161154 0.42159690539247474 0.2138260424955051
3 0.34086791926283616 0.1507691174435862 0.2583985460888873 0.08310194270793468 0.21526386162156713 0.1356723419299041 0.297733234795516 0.20333951666555564
2 0.27297992511052266 0.2484475392229154 0.22923637320157073 0.21215659644202317 0.20563686342364812 0.24060243724668576 0.24938041533260005 0.2768933800275779
2 0.6933085995603672 0.725212966864833 0.6321670924747813 0.6631009626529316 0.5986395039139414 0.6961046842292257 0.6597810109995272 0.7582166884411271
2 0.30054306926551383 0.22717931846132033 0.2584541808712371 0.19154851210104104 0.23727600832210988 0.21656522746251636 0.2793648967163866 0.25219603382279565
3 0.1038357074669926 0.1655002341755777 0.06328154329389711 0.09821036292523816 0.028868790372760893 0.11895019205078264 0.06942295454585638 0.18624006330112217
2 0.9303948699718447 0.6337967327456485 0.8614402716512899 0.5765899558619659 0.8288316944374198 0.6158949379999925 0.8977862927579745 0.673101714883675
2 0.0985072705415537 0.10604097431762048 0.07143091657159609 0.07165830884395717 0.050728182377725965 0.08796171497774138 0.07780453634768357 0.12234438045140468
3 1 0.45370370432692325 0.9614583341346153 0.45370370432692325 0.9614583341346153 0.5578431370192309 1 0.5578431370192309
2 0.1491707839577632 0.05675616771885077 0.12438319603209255 0.02470756451376884 0.10389309206065876 0.040555376992457814 0.12868067998632943 0.07260398019753975
2 0.04427083413461538 2.8808965173679577e-18 0.0027777764423076927 3.401795028819038e-19 0.002777776442307695 0.036111110576923074 0.04427083413461538 0.03611111057692308