2 0.27884638234916975 0.4599474978622084 0.24872658821356966 0.43453392190938345 0.19075186639764993 0.5032447042646733 0.22087166053325002 0.5286582802174983
2 0.5126269051415335 0.35409663588361534 0.459612354928485 0.3446718271743467 0.4512989676140086 0.39143463189741784 0.5043135178270571 0.40085944060668643
2 0.6684417503911022 0.42824284126634216 0.6025318597083954 0.39569474585019243 0.582007413859839 0.4372567470949803 0.6479173045425457 0.46980484251113
2 0.8180116447681977 0.4781393547107617 0.7700386949632002 0.4322165247790358 0.7406863490346471 0.462879239162772 0.7886592988396445 0.5088020690944979
2 0.8522127282698662 0.4011837862818768 0.8047603560883103 0.3697941043261777 0.7829618230715899 0.4027473563910187 0.8304141952531457 0.43413703834671785
2 0.8390504335505687 0.5633892292964467 0.7675995634477661 0.5073493315569629 0.735861088694831 0.547815887141615 0.8073119587976336 0.6038557848810988
2 0.6462583236053121 0.15201396302826659 0.6399351551390837 0.12118851436141523 0.5950767826422585 0.13039023108203096 0.6013999511084869 0.16121567974888235
2 0.70216598159526 0.14542454806534216 0.6925755130341626 0.11395582296956294 0.6565539095702622 0.12493383540856028 0.6661443781313595 0.15640256050433948
3 0.6398440215708978 0.30492849711113795 0.6229939700321498 0.21894810565111808 0.5179164778114012 0.2395407213558894 0.5347665293501491 0.3255211128159093
2 0.44024529290235037 0.2791537292863356 0.4043449325561825 0.24886279551129767 0.38117037264104064 0.27632893630432476 0.4170707329872086 0.30661987007936264
2 0.495200976292521 0.6582190568614965 0.47253265824190765 0.6114656486343466 0.41170836024410656 0.6409562159427374 0.43437667829471993 0.6877096241698873
2 0.22773646111935708 0.7461942739590541 0.18592516610184856 0.7233671509790003 0.13270997668701673 0.8208387415066513 0.17452127170452522 0.8436658644867051
3 0.37068342287868894 0.722123963349691 0.3218919855309015 0.6977625089323045 0.2603221192222327 0.821075436930851 0.30911355657002015 0.8454368913482375
2 0.9183611655199588 0.5493960567652645 0.8618187222587154 0.5030022566515715 0.8347154689246299 0.5360343462860079 0.8912579121858732 0.582428146399701