3 0.6816599910174166 0.6686885907935065 0.5932545013243798 0.6320166811873342 0.5674317392586932 0.694267977892635 0.6558372289517298 0.7309398874988073
2 0.9793214809906204 0.9387837663907643 0.9039304479505886 0.8637277897005926 0.8670048891444033 0.9008181873843161 0.9423959221844351 0.9758741640744878
2 0.23773876230302793 0.7513959451146373 0.2002059719202227 0.7317397632926017 0.1543045399970828 0.8193869390381203 0.19183733037988804 0.8390431208601558
1 0.2483388453300634 0.2566818006944124 0.12448009557199427 0.1312748051089205 0.07930381741656992 0.17589334735953288 0.20316256717463907 0.3013003429450247
3 0.3602116933560692 0.43728601987882043 0.32469637184248373 0.3956665034805567 0.24762284408525176 0.4614359154143901 0.2831381655988372 0.5030554318126539
2 0.7123551459301207 0.18579871292332678 0.7105875325877211 0.1480895059118656 0.6700082926492821 0.14999165161113262 0.6717759059916818 0.18770085862259378
2 0.8798822691042141 0.608532312603645 0.8117690431619006 0.5414833088455483 0.7783674969370453 0.5754150145729652 0.8464807228793588 0.6424640183310619
0 0.0057291658653846325 0.12818930048076924 1.569866165187123e-17 0.12818930048076924 1.7374361469615794e-17 0.15555555528846154 0.005729165865384634 0.15555555528846154
2 0.1748262556390279 0.6866471155766547 0.143049196447578 0.6697300876139388 0.0859553263594979 0.7769755974786985 0.11773238555094781 0.7938926254414145
2 0.2809349501406266 0.7850234179230858 0.24330888741193954 0.7665799278064334 0.1835381608313192 0.8885165620029658 0.22116422356000626 0.9069600521196182
3 0.4718630127725929 0.41242546334476154 0.46232741698765906 0.353092806223953 0.3958161781529689 0.36378210145291 0.4053517739379027 0.42311475857371855
2 0.23662147465282057 0.22276473655007056 0.19602620405597118 0.1847808500168868 0.18177895640896266 0.20000759288811343 0.22237422700581205 0.2379914794212972
0 0.8835736235259718 0.10429481587931815 0.8632298843131518 0.09344482851805327 0.8513882904559805 0.11564783109061454 0.8717320296688004 0.1264978184518794
2 0.11401297636454638 0.07164445595082372 0.07823614484425709 0.041516597371068116 0.0604439594722686 0.06264481717953188 0.09622079099255788 0.0927726757592875
0 0.3173323706445101 0.88919543957493 0.2997783189681194 0.8875497484170657 0.29483250678547385 0.9403051164100258 0.31238655846186447 0.9419508075678901