2 0.37254839503174375 0.3921782813449252 0.35479704484574515 0.3528251024841953 0.2915703010957276 0.38134529073630496 0.3093216512817263 0.4206984695970349
2 0.6076809768887697 0.3896631346228764 0.5552674451636248 0.3613041263533353 0.5338519857953116 0.40088448996623377 0.5862655175204564 0.4292434982357749
2 0.7439039473317914 0.4886918087071868 0.6844354823611172 0.43304878939636077 0.6541418415118805 0.46542511156560923 0.7136103064825546 0.5210681308764353
2 0.8172593392879738 0.47136015161294953 0.7671479885482791 0.4268167308747313 0.7393318980441479 0.458109834196355 0.7894432487838425 0.5026532549345732
2 0.851230490940795 0.3944320552566087 0.8023459459629113 0.3633942530996105 0.7808280202581118 0.3972849906468843 0.8297125652359955 0.4283227928038825
2 0.9424832765320313 0.6363971920091013 0.8563735200569889 0.5710813467051387 0.8211294978190573 0.6175456335559915 0.9072392542940998 0.6828614788599541
2 0.645737491777479 0.1492361837089266 0.6394143237844366 0.11841073734885763 0.5945559508144255 0.1276124541665372 0.6008791188074677 0.15843790052660617
2 0.7021659815952599 0.14079491825764984 0.6928337178316349 0.11017342765706789 0.6568121143677345 0.12115144009606518 0.6661443781313594 0.15177293069664713
3 0.5602539631497373 0.24661656189601558 0.4536866008088411 0.23585218135347277 0.44520155673889594 0.3198541136808034 0.5517689190797921 0.3306184942233462
2 0.37105425256673286 0.24082751689674536 0.3370123388750765 0.2107368850349654 0.31822825653734693 0.231987555763823 0.3522701702290033 0.262078187625603
2 0.4089894776404812 0.6793708405839115 0.374185360735271 0.6526310914505069 0.32052549828326027 0.7224740849872041 0.3553296151884705 0.7492138341206087
2 0.22719653011086638 0.7381911534746297 0.18445396935908323 0.717583130847545 0.13655373945563923 0.8169317449150343 0.17929630020742238 0.8375397675421191
3 0.3132442906875107 0.8209685856000447 0.2625483293980037 0.8004810178295723 0.2030405088404217 0.9477315944333049 0.2537364701299287 0.9682191622037772
2 0.9844648598333102 0.5990481125808885 0.9258233041090318 0.5488528655268377 0.898123985843087 0.5812131229406089 0.9567655415673655 0.6314083699946599