2 0.22179546364402955 0.5342194502093955 0.1880111080759825 0.513315381089724 0.13308144421511534 0.6020905991817123 0.16686579978316238 0.6229946683013838
2 0.4483779650881363 0.39799727379701433 0.4417108251269921 0.3499938667691327 0.3880835233525647 0.3574421032341185 0.3947506633137089 0.40544551026200015
2 0.6136108058868147 0.3951258633606191 0.5457929499872224 0.3806580494278242 0.5359155641178255 0.42695828073208586 0.6037334200174178 0.4414260946648808
2 0.8191857170438458 0.47821372084139063 0.7694589936877291 0.43237509173316313 0.7407647057360947 0.4635032678289785 0.7904914290922114 0.5093418969372061
2 0.8522127282698662 0.4011837862818768 0.8047603560883103 0.3697941043261777 0.7829618230715899 0.4027473563910187 0.8304141952531457 0.43413703834671785
2 0.7870495204017955 0.5189304456167487 0.718301615643552 0.46440219347115647 0.6854483244723917 0.505822830362272 0.7541962292306352 0.5603510825078644
2 0.6462583236053121 0.15201396302826659 0.6399351551390837 0.12118851436141523 0.5950767826422585 0.13039023108203096 0.6013999511084869 0.16121567974888235
2 0.7026868157298757 0.14635047354611147 0.692838142371306 0.11403451395513502 0.6568165389074054 0.1250125263941323 0.6666652122659749 0.15732848598510873
3 0.6917944107201883 0.2642312841765136 0.6571916995726969 0.19656377115663892 0.5580276805948203 0.24727265274222351 0.5926303917423118 0.3149401657620982
2 0.4859132288333069 0.2769705217041615 0.44328391161388436 0.26825088520662693 0.43557004950729394 0.30596308511561426 0.4781993667267165 0.31468272161314886
2 0.5440423287613751 0.6670444658267463 0.5373927895902192 0.6116870520542415 0.47589671657061605 0.6190739677092357 0.4825462557417719 0.6744313814817406
2 0.22618572400509215 0.7470308464423321 0.18458613290707002 0.7259008895309227 0.13427568728120104 0.8249495518055406 0.1758752783792232 0.8460795087169501
3 0.42067669851547973 0.6744666417636801 0.37271318287848376 0.6409598706518108 0.302630191873437 0.7412806871141069 0.35059370751043295 0.7747874582259762
2 0.9057543105085522 0.541689015528802 0.8521336211892627 0.49402618163593026 0.8238577587704743 0.5258365275629184 0.8774784480897637 0.5734993614557902
2 0.2710742842464585 0.9214511626960994 0.22715704946973256 0.9077270323708113 0.19833918475635498 0.9999442366951787 0.24225641953308094 1.0136683670204667
2 0.10585862687540476 0.9564065383506196 0.05842586540731135 0.9403979819708517 0.03831018509615389 1 0.08574294656424729 1.0160085563797678
3 1 0.7039351850961538 0.9911458341346153 0.7039351850961538 0.9911458341346153 0.7592249663461538 1 0.7592249663461538