3 0.42768256218885486 0.7111119107074071 0.3835878345737711 0.6825505539543049 0.3194574107170606 0.7815589307708013 0.36355213833214434 0.8101202875239035
2 0.561637597606285 0.6792273889466258 0.5523029853397163 0.62672020749697 0.49694979520166743 0.6365607769846267 0.5062844074682361 0.6890679584342826
2 0.24073524266649346 0.7670166355868979 0.20355225040536282 0.7464497934298742 0.15643032034765325 0.8316419851765777 0.1936133126087839 0.8522088273336015
1 0.2527177032483108 0.2674877701511259 0.12709303167015557 0.14256413275279697 0.08206794000610454 0.18784189179720664 0.20769261158425972 0.31276552919553563
3 0.6307610942788154 0.3992604854387766 0.5615633710665661 0.3601183346495078 0.5345632920445589 0.40785061193116245 0.6037610152568083 0.44699276272043126
2 0.7178982830296445 0.1904670506547526 0.7104473061157507 0.15693763713272754 0.67018995168236 0.165883711250624 0.6776409285962538 0.19941312477264908
2 0.0986137456660261 0.8167960607794793 0.05728987209494497 0.7932414524577437 -0.011574145178764676 0.9140555158692573 0.029749728392316453 0.9376101241909929
2 0.3193283039762446 0.46005747283059206 0.2916122169314439 0.43251461079015713 0.23328672035927248 0.4912069332348003 0.26100280740407317 0.5187497952752352
2 0.4563524256677706 0.40319157039541587 0.44933865815371316 0.362048306387496 0.39121071907328475 0.3719574825457838 0.3982244865873422 0.41310074655370366
2 0.2828636527441 0.7978538387644526 0.2430095480485721 0.7791722266495312 0.186171020550554 0.9004277484808811 0.22602512524608193 0.9191093605958025
3 0.7683521366011962 0.5043500973245771 0.7020068953610734 0.4470147057079661 0.6661625114181319 0.4884917800375511 0.7325077526582545 0.5458271716541622
2 0.13357054383290065 0.14369270490214026 0.10104424763723777 0.10393833558765112 0.07812757816013385 0.1226883344452287 0.11065387435579674 0.16244270375971787