2 1.0196987945087124 0.5396196435181394 0.9413810044963017 0.4865790235084412 0.9101210490081608 0.5327363012565118 0.9884388390205715 0.5857769212662101
0 0.18912801008186045 0.31361018128972007 0.18233371083117086 0.2739228297005338 0.17146563549262586 0.27578339618260744 0.17825993474331542 0.3154707477717938
2 0.07708333413461552 0.9694444447115385 0.03229166586538473 0.9694444447115385 0.03229166586538473 1 0.07708333413461553 1
2 0.4226910734452565 0.40660394796661375 0.39032131033609896 0.38790384928408395 0.35358502999905694 0.45149413895098217 0.3859547931082145 0.4701942376335119
2 0.2978830326278184 0.1991072925329195 0.2566310711270195 0.15733968311980714 0.23121925882293626 0.1824377703113732 0.27247122032373516 0.22420537972448557
2 0.24062499879807692 0.15833333293269233 0.20341435216346154 0.12112268629807697 0.18845486177884618 0.13608217668269235 0.22566550841346153 0.1732928233173077
3 0.2529462010497264 0.20584396432124372 0.19794957136824157 0.1335778583524962 0.16785875902470615 0.15647785055614633 0.22285538870619098 0.22874395652489385
3 0.25054238559350134 0.23886973096816977 0.17468031609748008 0.15352490278514594 0.13312140760941643 0.1904661547745359 0.2089834771054377 0.27581098295755974
3 0.174032370640802 0.16666631449177416 0.08380371739196842 0.08029358540901625 0.04139402920023713 0.12459656264360675 0.1316226824490707 0.21096929172636464
2 0.8183615150032507 0.5347420705793787 0.7597030656154858 0.478590405348653 0.7287141131855677 0.5109628005433648 0.7873725625733325 0.5671144657740905
2 0.9116460841829672 0.6078684021714862 0.8411396311218184 0.5455457357084611 0.8109228612485209 0.5797303652765038 0.8814293143096695 0.6420530317395289
2 0.8976896359050215 0.5041310502105149 0.8238648474245189 0.4549145316553824 0.7930956187319835 0.5010683813509893 0.8669204072124862 0.5502848999061217
2 1.0244387645726027 0.694947897483422 0.9343436721358886 0.6377446557040757 0.9060022567750493 0.6823823782753176 0.9960973492117634 0.739585620054664
3 0.07217475510479689 0.11029442259075194 0.037595583756482295 0.05496774843344858 0.007424963618193614 0.07382438601987901 0.0420041349665082 0.12915106017718236
1 0.09883583335243737 0.04771407848604747 0.030273277684497522 -0.027570303755983492 -0.015848390345317997 0.014433354076078984 0.05271416532262185 0.08971773631810995
3 0.47041814667333587 0.2433482499801933 0.46067862642573854 0.1452316037797841 0.4266693748271431 0.14860752221337575 0.43640889507474045 0.24672416841378494
2 0.2318823263780735 0.7215642459881089 0.19461779380395597 0.700259318813312 0.14113703667054162 0.7938027231129609 0.17840156924465914 0.8151076502877577