2 0.1361573676545341 0.18513539014473876 0.11073008227024511 0.1418148311281367 0.08315905071976336 0.15799782838135 0.10858633610405236 0.20131838739795205
3 0.689272079156389 0.2948482763152483 0.6193294548598031 0.2509627072355575 0.5867164279630785 0.3029397177938566 0.6566590522596645 0.3468252868735474
2 0.32892552681650256 0.8245556210938211 0.29124896512096676 0.8073185937496802 0.24648889588077544 0.9051548085769283 0.2841654575763112 0.9223918359210692
2 0.2817278680359193 0.9469504171720605 0.23414095287768133 0.9157823775512857 0.1818510537119233 0.995617844443312 0.2294379688701613 1.026785884064087
0 0.5083833295195218 0.6826654209424375 0.4890624999999999 0.6425925937500001 0.4709512450935049 0.651324806896644 0.49027207461302685 0.6913976340890814
3 0.3666401607388776 0.030920622182636956 0.3282584203287985 -0.0049921245794379504 0.2954362581539281 0.03008655421501609 0.33381799856400723 0.065999300977091
2 0.15306344115417408 0.13696042891238921 0.12312637063695196 0.09970541074123548 0.0995715057382401 0.11863342865970157 0.12950857625546222 0.1558884468308553
2 0.7511480895280742 0.17200642481994427 0.7441129756154786 0.1379740613590841 0.7018786979408775 0.14670466141860466 0.7089138118534731 0.18073702487946486
2 0.4081896569011236 0.11679437429228086 0.37968390309582634 0.0847254135955377 0.3543929592456714 0.10720626121993011 0.38289871305096856 0.13927522191667327
2 0.9924589238033472 0.8625915643683855 0.9069166522341158 0.776636063602899 0.8706248081379481 0.8127534354496715 0.9561670797071795 0.8987089362151578
3 0.4835492897354461 0.48845980281444307 0.37667424398770594 0.3675506565266807 0.3238779433139606 0.41421881375929104 0.43075298906170073 0.5351279600470534
2 0.8271573688648439 0.5611107610625081 0.7669779226651497 0.5035030787634885 0.7359889616574714 0.5358754714257384 0.7961684078571655 0.5934831537247579
2 0.9203662664247048 0.6443242003702884 0.8545036737199067 0.5720811717757909 0.8188025434722407 0.6046292119998697 0.8846651361770388 0.6768722405943671
2 1.0270611899480977 0.7226687843982457 0.9456188189657839 0.6623410998688277 0.9154298614722395 0.7030961909176087 0.9968722324545533 0.7634238754470265
3 0.24587083632456047 0.2666514234922954 0.19394779743450735 0.21235281372914655 0.16486470397333347 0.2401635182649455 0.2167877428633866 0.29446212802809435
1 0.5926999189436659 0.4967153638435684 0.4008768230173959 0.30784338345947604 0.34156058915519044 0.36808643060175733 0.5333836850814604 0.5569584109858498