2 0.38184741231750025 0.09272647857366828 0.3419033259968206 0.06313826534626775 0.3199074596133645 0.09283268382184051 0.35985154593404406 0.12242089704924106
2 0.07124552883660863 0.1228884008172367 0.046330510710828526 0.08262169767595412 0.02053086060889365 0.09858522832988234 0.04544587873467376 0.13885193147116492
3 0.9313559033959724 0.4813817511562192 0.8420981677866783 0.41566561639728256 0.8015073247249588 0.4707973850481864 0.8907650603342527 0.536513519807123
2 0.31902969177247353 0.8402963634662258 0.28197332211924336 0.8233430739875046 0.23721325378846558 0.9211792868269634 0.27426962344169575 0.9381325763056848
0 0.38349260174437094 0.5383277384651267 0.37108222459672546 0.4978791021893354 0.3570612165877832 0.5021810024115012 0.36947159373542876 0.5426296386872925
3 0.5644631820380639 0.16070676086330105 0.5110012238487717 0.12698165659052943 0.48179377900687326 0.17328209742309703 0.5352557371961655 0.20700720169586864
2 0.8549284226096323 0.1259707875518844 0.8366540069811715 0.10476961017283894 0.8027369078313863 0.13400455102982617 0.8210113234598471 0.15520572840887162
2 0.6173266572678247 0.26649619805818153 0.5751230156547714 0.23560203802091376 0.5531090925915596 0.26567463809602143 0.5953127342046128 0.29656879813328924
2 0.7424319147774946 0.6236708879371342 0.680760077088219 0.5566693858480425 0.6501810269139793 0.5848160118226406 0.711852864603255 0.6518175139117324
2 0.5316882200948583 0.41983397095056196 0.48085488489149814 0.37464878627549625 0.45556752818169 0.40309706394173656 0.5064008633850501 0.44828224861680227
3 1.0020387713315466 0.9426738564251624 0.8756276088147558 0.8109350373504483 0.8199598506542181 0.8643515327555436 0.946371013171009 0.9960903518302577
3 0.6706690043723506 0.6888205591093387 0.5661538622547281 0.5418461426262563 0.502851002398301 0.5868615102845314 0.6073661445159235 0.7338359267676139
3 0.33189128575120136 0.3227598969496887 0.2382733196372485 0.23197884580359893 0.19309269380759278 0.2785713697337438 0.28671065992154565 0.3693524208798336
2 0.8255948697679307 0.5601848308578654 0.7654154190169735 0.5025771544282974 0.7344264628985642 0.5349495477295867 0.7946059136495214 0.5925572241591547
2 0.9182829328663421 0.6424723502734072 0.852420341000651 0.5702293179104547 0.8167192082006894 0.6027773583489197 0.8825818000663805 0.6750203907118723
2 0.3684996559750629 0.13571720794373532 0.33398941045539166 0.0973724929118512 0.30653775244875175 0.12207898654320161 0.341047997968423 0.16042370157508573
2 1.0266367726435977 0.7231260073526685 0.9445771522487267 0.6623411010185859 0.9143881956068548 0.7030961909176088 0.9964478160017258 0.7638810972516914
3 0.15084554266875544 0.1798198074915913 0.1049497633273515 0.1324897895967317 0.07986760143495285 0.1568118883159026 0.1257633807763568 0.2041419062107622
1 0.38811942576481073 0.302196989279858 0.24007484862147657 0.14982363700102164 0.18610116714807717 0.2022639799553208 0.33414574429141136 0.35463733223415717