2 0.8893246767865309 0.4456167573746966 0.8204841650277097 0.39522370148835884 0.791513007349555 0.4348003710459275 0.8603535191083762 0.48519342693226525
0 0.18912801008186042 0.31546203225125863 0.18233371083117084 0.2757746806620723 0.17146563549262586 0.27763524714414595 0.17825993474331542 0.31732259873333224
2 0.864472170963411 0.9100704311421773 0.7853697854269549 0.8284163637276939 0.7428732859983397 0.8695848515715198 0.8219756715347958 0.9512389189860032
2 0.4715210555024063 0.20503379424475646 0.4481340725625959 0.2033894018095485 0.4438063760877914 0.26493904255095263 0.46719335902760173 0.26658343498616055
2 1.015554090236437 0.5545693414210457 0.9522911108774414 0.5007805249252786 0.923543846893703 0.53459122548557 0.9868068262526986 0.5883800419813372
2 0.29838012065724706 0.20165447857116658 0.2553328202360856 0.160446801148151 0.23156631617910398 0.1852743067024976 0.27461361660026545 0.22648198412551318
2 0.245410398911375 0.1609460272621572 0.2071501800974345 0.12207847976283329 0.19088235798489997 0.1380921074212971 0.22914257679884048 0.17695965492062105
3 0.250636746984043 0.2187245841048871 0.20364119618774623 0.13517694226151783 0.17317630942321072 0.15231344189043924 0.22017186021950746 0.2358610837338085
3 0.23425265054996539 0.26344588898908017 0.18987135990989207 0.150731495726741 0.13909746448618096 0.17072371628089567 0.18347875512625428 0.28343810954323484
3 0.17455320300050628 0.1685181621634722 0.08432454748577167 0.08214544158959401 0.04191486282758577 0.12644842060990816 0.13214351834232035 0.21282114118378637
2 0.81882403589069 0.5388885388651649 0.7586445899477827 0.48128085635543205 0.7276556287754402 0.5136532489331542 0.7878350747183475 0.571260931442887
2 0.9104704316695388 0.6202501278068175 0.8446078410006509 0.5480070967566086 0.8089067082006894 0.5805551371950736 0.8747692988695773 0.6527981682452825
2 0.8846703272724277 0.5058228234691167 0.8184980532279097 0.4499899645597832 0.7853682388259545 0.4892549278891769 0.8515405128704725 0.5450877867985104
2 1.0223873764339082 0.6950326252349749 0.9308051251812846 0.6472741775918162 0.9048341496384562 0.6970764748777447 0.9964164008910799 0.7448349225209033
3 0.07942808388353632 0.10449633125240439 0.032476230645677145 0.058278113577417086 0.007617210718537779 0.08353172814697513 0.05456906395639695 0.12974994582196242
1 0.17088972279893408 0.09510138260419962 0.032089524551747906 -0.017140025008294552 -0.009038604692437505 0.033719926003166 0.12976159355474867 0.1459613336156602
2 0.4605094172547347 0.15487696633555326 0.4447559942982518 0.11286783441225991 0.42177273617225836 0.12148655538078433 0.43752615912874127 0.16349568730407768