0 0.49545283145354796 0.05520060333966939 0.4922191031686716 0.020707397159702448 0.47389060845645875 0.0224256883345168 0.4771243367413351 0.05691889451448374
2 0.821055207580285 0.414932656167574 0.7573518430891775 0.3739804730293611 0.7313646970654806 0.4144049024094513 0.7950680615565882 0.45535708554766424
2 0.008854165865384624 0.05462962980769231 6.6902001282595226e-18 0.05462962980769231 8.334401794821015e-18 0.08148148076923077 0.008854165865384626 0.08148148076923077
3 0.9994791658653847 0.5907407403846154 0.9927083341346153 0.5907407403846154 0.9927083341346153 0.6314814807692308 0.9994791658653847 0.6314814807692308
0 0.22822408476982567 0.36053184270301836 0.22118902548720426 0.3277015592863037 0.206558267311315 0.3308367211065844 0.2135933265939364 0.3636670045232991
3 0.9021416252771899 0.40961635777954963 0.8271024616599314 0.35568750995448073 0.7893375024869674 0.40823547017739154 0.8643766661042259 0.4621643180024604
2 0.9819097455677533 0.5506172977263354 0.9205665309597072 0.5010470352548493 0.892625874284971 0.5356236062317328 0.9539690888930171 0.5851938687032189
2 0.3213465399870928 0.24064385630539192 0.2799638884046787 0.19940899944676194 0.2615220630730425 0.21791692430410545 0.30290471465545654 0.25915178116273546
2 0.2567986799190071 0.19282459489174564 0.2225689972289883 0.1515316495395134 0.1980675456290445 0.17184206592073653 0.23229722831906333 0.21313501127296877
3 0.32427611967997466 0.306408697332707 0.28273784786816675 0.21689861321810214 0.2405797759788831 0.23646259270176212 0.2821180477906911 0.32597267681636694
3 0.27722509444636195 0.3231495056911353 0.23289482546093038 0.2069056933324727 0.18149008696917784 0.2265091959897506 0.22582035595460948 0.3427530083484132
3 0.18812899355428786 0.19454428417289768 0.09598364711834759 0.10948704382543925 0.05422823384055163 0.15472207621469944 0.1463735802764919 0.23977931656215784
2 0.8214282024017857 0.5648144559416846 0.7612487471531734 0.5072067854328839 0.7302597947232552 0.5395791806275958 0.7904392499718675 0.5971868511363965
2 0.9141162670009575 0.6461760546003303 0.8482536751352664 0.5739330222373777 0.8125525423353047 0.6064810626758426 0.8784151342009958 0.6787240950387953
2 0.8280167629674599 0.4865072852297146 0.7633169334576646 0.4320232331634673 0.732270658446284 0.4688906948145972 0.7969704879560793 0.5233747468808445
2 1.0249391059806146 0.7286585976441621 0.9404104859809259 0.6660448026435778 0.9102215273376236 0.7067998952445328 0.9947501473373122 0.769413690245117
3 0.09003597016692103 0.1299571758169794 0.04370744106956318 0.08289327550457333 0.019239576565370002 0.10697883078384787 0.06556810566272785 0.15404273109625394
1 0.21390866359923566 0.15614234793798387 0.08147722507643397 0.036117338255655114 0.03966803337025366 0.0822481522899925 0.17209947189305533 0.20227316197232123