2 0.9241500168310145 0.6140970240542759 0.8563382179058814 0.5615975694273467 0.8252025282172011 0.6018145039377696 0.8930143271423342 0.6543139585646988
3 0.3302439121909674 0.14951370721925772 0.2425937743850565 0.08025928067746078 0.20005522486447638 0.13409713500280354 0.28770536267038727 0.20335156154460046
2 0.8240854909316224 0.5432536483623998 0.7567579406901905 0.4873967032136856 0.7283657218391629 0.5216194580755721 0.7956932720805947 0.5774764032242863
2 0.20840558601386555 0.11161302407069724 0.18073217643872266 0.07699278923813904 0.15728297411019107 0.09573672276101573 0.18495638368533396 0.13035695759357388
2 1.0257906945938493 0.7042442276993304 0.9466723953986219 0.6362610952130558 0.9148707369890109 0.6732716452265317 0.9939890361842382 0.7412547777128062
2 0.31132835630974515 0.8205723536773011 0.27340431373404467 0.8050579724879902 0.22966168839662385 0.9119843890447916 0.2675857309723243 0.9274987702341027
2 0.22174698159012568 0.7482729611641228 0.18145999930847065 0.7273283077325094 0.1287824618077667 0.8286534037462184 0.16906944408942173 0.8495980571778318
2 0.6452030519169495 0.13628081631968053 0.6423368411700916 0.10511078808965589 0.598898922396025 0.10910508121934401 0.6017651331428829 0.14027510944936863
3 0.24843750000000012 0.9425925937499999 0.18155715865384628 0.9425925937499999 0.18155715865384628 1 0.24843750000000012 1
2 0.7073100479355202 0.12950980345022622 0.7003002439762441 0.09796568563348419 0.6630208331447964 0.10624999915158372 0.6700306371040725 0.13779411696832575
2 0.35081078126788384 0.049665904097102656 0.31104488845402717 0.031992172683063085 0.2994469501519362 0.058087531980891075 0.3392128429657929 0.07576126339493064
2 0.22463721143288293 0.04615581389931806 0.20003951708235818 0.018483398632205477 0.1771408050825647 0.038837802588444825 0.20173849943308944 0.06651021785555741
2 0.7607048251865727 0.29363285364886604 0.7321162297759961 0.23942040572968037 0.7063158380111756 0.25302608099264506 0.7349044334217522 0.30723852891183073
2 0.508574519129196 0.19247451947935118 0.4670969433258016 0.1597021083917117 0.4431752607938667 0.18997798275169395 0.4846528365972612 0.22275039383933343
2 0.6325727114513771 0.27535443549341165 0.5885463535695642 0.2454280220192707 0.5661738185514986 0.27834146265858617 0.6102001764333116 0.3082678761327271
2 1 0.49259259375000014 0.9739583341346154 0.49259259375000014 0.9739583341346154 0.536316872596154 1 0.536316872596154