3 0.9591743491290681 0.4749416721488321 0.8926845476856783 0.32111442585185873 0.8046661842396922 0.3591592043275616 0.871155985683082 0.512986450624535
1 0.18633835103330595 0.12130437586239996 0.06179213225096773 0.022897487421069933 0.021905986032964588 0.07337839147092684 0.14645220481530283 0.17178527991225684
2 0.4706115653794845 0.23532859988293428 0.4644452443096411 0.1878250837972388 0.44340553369450186 0.19055619975580276 0.44957185476434525 0.2380597158414982
1 0.24032364293640623 0.2355737624212258 0.11347819680784531 0.10999677012826094 0.06787749059626162 0.1560580893043997 0.19472293672482255 0.2816350815973646
2 1.0300005887888084 0.7049553800411031 0.9487754665920979 0.6464147516134203 0.9168683400471451 0.6906858898326018 0.9980934622438556 0.7492265182602846
2 0.5513515056540368 0.2614611791367992 0.5266429816611699 0.24816691762627024 0.4970873190599123 0.3030986487291884 0.5217958430527792 0.31639291023971733
2 0.8304296685896495 0.5418072356561768 0.7603733288421056 0.4901667893276196 0.7328253660336326 0.5275388412573073 0.8028817057811766 0.5791792875858645
0 0.18023501582321375 0.30667123240469 0.1753224506567686 0.27173742357305264 0.16242643340844543 0.2735509253708473 0.1673389985748906 0.3084847342024846
2 0.38073239868469433 0.49161825630941974 0.3471993746387278 0.4713412558860349 0.3039751435168617 0.5428231886824834 0.33750816756282825 0.5631001891058681
2 0.8683544132635906 0.1715290368902726 0.859802144483672 0.13785448134471773 0.812406310867946 0.1498915194455369 0.8209585796478648 0.1835660749910918
3 0.2131481175125723 0.05012706781145574 0.13472098750589304 -0.011384416320968298 0.09660836604839675 0.03720916843968318 0.175035496055076 0.09872065257210721
2 0.27193825562473145 0.23548458502795608 0.2281947074200293 0.19919363186066588 0.20459519432857468 0.22763946610935137 0.24833874253327676 0.26393041927664157
2 0.33603685655074567 0.7665253945703872 0.2993934168142045 0.7508357125698365 0.259590969333398 0.8437948041294112 0.2962344090699392 0.8594844861299618
2 0.3005430692655138 0.215142282403628 0.2584541796857981 0.1795114750398024 0.23727600832210982 0.20452818900097794 0.27936489790182556 0.24015899636480353
3 0.03125000000000001 0.04166666586538462 5.102694898318555e-18 0.04166666586538462 9.241547577418799e-18 0.10925925961538462 0.031250000000000014 0.10925925961538462
2 0.9329990376187651 0.6236115485498007 0.8640444411783795 0.5664047679217624 0.8314358628200222 0.6057097477949559 0.9003904592604078 0.6629165284229941