0 0.41033889301526644 0.023302198472980446 0.4010593981968402 -0.0008086329635668816 0.38764124176758713 0.00435559015274374 0.39692073658601335 0.028466421589291066
2 0.7034267045060683 0.32939015309713654 0.6478991374895476 0.28825862039180594 0.6212900435484815 0.3241808958306193 0.6768176105650021 0.3653124285359499
2 0.013541665865384623 0.04845679086538461 5.934245383024597e-18 0.04845679086538461 8.18321090465128e-18 0.08518518509615383 0.013541665865384625 0.08518518509615383
3 0.9994791658653847 0.571296295673077 0.9838541658653847 0.571296295673077 0.9838541658653847 0.6203703701923077 0.9994791658653847 0.6203703701923077
0 0.2673594585156704 0.3928938913891767 0.2604141894030016 0.3620260215428498 0.2458395320409331 0.3653053186925542 0.2527848011536019 0.3961731885388811
3 0.8124997892155995 0.34148535480694375 0.7465189251096278 0.2930356317404771 0.7107581039100768 0.34173621730726256 0.7767389680160485 0.3901859403737292
2 0.8559389567806737 0.04374745773880949 0.8461763580865216 -0.0013774114513837117 0.8229448169018194 0.0036486466337265575 0.8327074155959715 0.048773515823919755
2 0.9063477621892413 0.48677934110250176 0.847445313512713 0.4391813942902887 0.8201218941435221 0.47299411973011957 0.8790243428200504 0.5205920665423326
2 0.39865050491981613 0.3029782587685135 0.3529825036828061 0.2599966025228515 0.328544853201128 0.28596160131322573 0.37421285443813795 0.3289432575588877
2 0.2973604401409165 0.2217002236590743 0.2606224010864151 0.18295307961373194 0.23716932651104403 0.20519007258255148 0.2739073655655454 0.24393721662789383
3 0.4501714686104449 0.39039569040563915 0.37719786125898863 0.31832298901489015 0.33815766366536326 0.3578511875581206 0.4111312710168195 0.4299238889488696
3 0.36923397674951886 0.35972630831674335 0.28318314636774544 0.26896955896772456 0.23533680110928118 0.3143349755318469 0.3213876314910546 0.4050917248808657
3 0.21987383948080252 0.22373670086218256 0.1295729599504819 0.13559989621085028 0.08746479597577393 0.1787419667382008 0.17776567550609457 0.2668787713895331
2 0.8224698700253056 0.5638885388651648 0.7622904228280141 0.5062808551546545 0.7313014616556719 0.5386532477323767 0.7914809088529631 0.5962609314428869
2 0.915157932866342 0.6461760546003302 0.849295341000651 0.5739330222373777 0.8135942082006894 0.6064810626758426 0.8794568000663804 0.6787240950387952
2 0.7015977872202885 0.3828985913049222 0.6410173825833418 0.33443428437147393 0.6124040160661602 0.37020100489873664 0.672984420703107 0.41866531183218486
2 1.0249391059806146 0.7286585976441621 0.9404104859809259 0.6660448026435778 0.9102215273376236 0.7067998952445328 0.9947501473373122 0.769413690245117
3 0.09211930430153642 0.12903125033621018 0.04579077400240453 0.08196734880295434 0.021322909491852775 0.1060529040884881 0.06765143979098467 0.15311680562174396
1 0.24523281635225913 0.17799604614303097 0.11116472507643398 0.05648770844796279 0.06945490868390809 0.10250887520315607 0.20352299995973325 0.22401721289822424