2 0.9010963669180884 0.586656164024509 0.8327920344209944 0.5331446695138926 0.8018522373915862 0.5726375336735738 0.8701565698886801 0.6261490281841902
3 0.35680641297543 0.1624766758829113 0.26915628243783085 0.09322224010104908 0.22661772567815353 0.14706009194076167 0.31426785621575265 0.21631452772262388
2 0.7565226426200649 0.47543343947526623 0.6925473336819393 0.4280443199206622 0.6660858622698378 0.46376730495303775 0.7300611712079633 0.5111564245076418
2 0.205801419107337 0.10327969056013463 0.17812800720099586 0.06865945754167792 0.1546788071096697 0.08740339183742721 0.18235221901601084 0.12202362485588392
2 1.0256711869883646 0.6944038808570588 0.9461515592520304 0.6260759110714698 0.9143499039964401 0.6630864617326301 0.9938695317327743 0.7314144315182192
2 0.3056738684137975 0.8137560469141172 0.26748105533061023 0.7983649136369919 0.22459465348932206 0.9047867280571916 0.26278746657250934 0.9201778613343168
2 0.21973507148692797 0.7330188316359345 0.17969908515120506 0.7125153265989581 0.1275851577620618 0.8142751223553364 0.16762114409778472 0.8347786273923129
2 0.6452030505019638 0.12702155989267624 0.6423368419709165 0.09585152878552676 0.5988989237354968 0.09984581840908564 0.601765132266544 0.13101584951623513
3 0.2577795047917932 0.9554878223838928 0.20533935673387926 0.9295914519765631 0.1709464780858848 0.9992370285600758 0.22338662614379873 1.0251333989674054
2 0.7041299032130689 0.12049427932164956 0.6971200989453021 0.08895016375640467 0.6600490199474314 0.09718818226202758 0.6670588242151982 0.12873229782727247
2 0.8094650777735081 0.1458201003857763 0.7926032663006487 0.11836418984800962 0.7533333611910003 0.14248146454575258 0.7701951726638598 0.16993737508351925
2 0.23988592888073124 0.03413681212944934 0.22374530706320386 0.002254109417416217 0.19389549068528555 0.017365582300697728 0.21003611250281295 0.049248285012730854
2 0.8750993970271507 0.39237960679911194 0.8265234516302722 0.3607152871134884 0.805160801391926 0.3934875349246946 0.8537367467888045 0.4251518546103182
2 0.8735730634099224 0.4908718137116762 0.8205989341851686 0.4482682784105974 0.794135128061093 0.4811739299131879 0.8471092572858467 0.5237774652142668