2 0.12264227638109446 0.17177506792409686 0.09634947563314869 0.12892754115383762 0.06996736251786616 0.14511656525245525 0.09626016326581192 0.1879640920227145
3 0.728830614788066 0.32252478225034537 0.6546999879861033 0.2738206050532925 0.6201152631152218 0.3264605936538393 0.6942458899171845 0.3751647708508923
2 0.32892552681650256 0.8245556210938211 0.29124896512096676 0.8073185937496802 0.24648889588077544 0.9051548085769283 0.2841654575763112 0.9223918359210692
2 0.2748611519148766 0.9382167450195715 0.22094766135723531 0.9169175984960377 0.18812500000000013 1.0000000000000002 0.2420384905576414 1.0212991465235342
0 0.4870291606779769 0.6558135688353638 0.4677083341346154 0.6157407403846152 0.44959707943893085 0.6244729518103208 0.4689179059822924 0.6645457802610694
3 0.3980176965803357 0.047991504636816625 0.35448082893936667 0.015741971810546998 0.32569429190111737 0.05460379531749797 0.36923115954208635 0.08685332814376759
2 0.11921970444419826 0.10597591319084682 0.0907432545490347 0.06867342025857838 0.06643947123851114 0.08722675043309734 0.09491592113367468 0.12452924336536578
2 0.7653642977745589 0.16837861143898236 0.7583078387858252 0.13424299483651164 0.7161759548868248 0.14295242915883966 0.7232324138755586 0.17708804576131038
2 0.4426324539297083 0.14106047525177592 0.4115070216707567 0.10944100040240344 0.3874359386821172 0.13313598162937257 0.41856137094106877 0.16475545647874504
2 0.8869532506402227 0.7604869823182161 0.8151325312765066 0.6863494727992546 0.7812935556817021 0.7191309836096293 0.8531142750454183 0.7932684931285908
3 0.45620543607430114 0.4547109025974473 0.3492667038927403 0.34326517136686824 0.2993252280255042 0.39118695404572645 0.40626396020706507 0.5026326852763054
2 0.8271573688648439 0.5611107610625081 0.7669779226651497 0.5035030787634885 0.7359889616574714 0.5358754714257384 0.7961684078571655 0.5934831537247579
2 0.9203662664247048 0.6443242003702884 0.8545036737199067 0.5720811717757909 0.8188025434722407 0.6046292119998697 0.8846651361770388 0.6768722405943671
2 1.0270611899480977 0.7226687843982457 0.9456188189657839 0.6623410998688277 0.9154298614722395 0.7030961909176087 0.9968722324545533 0.7634238754470265
3 0.22425885956382755 0.25196891786202263 0.17925536857988045 0.19482163808554642 0.15064444914427716 0.21735274122639314 0.19564794012822426 0.27450002100286935
1 0.553373280630791 0.4592864269656538 0.37110870753034014 0.278051594074463 0.3131058725992173 0.33638398955653975 0.49537044569966826 0.5176188224477305