2 0.9282509567941416 0.6328525534288512 0.8582834890570695 0.5815183962563062 0.8288072359707581 0.6216939616190367 0.8987747037078301 0.6730281187915819
3 0.34222307805635216 0.15784704135387323 0.2545729402504413 0.08859261481207609 0.21203439282310416 0.14243046648815788 0.299684530629015 0.21168489302995505
2 0.828598593002744 0.5583893236215496 0.7616657166585689 0.501914706491025 0.7329765050075115 0.5359167334797867 0.7999093813516868 0.5923913506103113
2 0.21882225187925022 0.11624265387838956 0.1911488423041073 0.08162241904583137 0.16769963997557574 0.10036635256870804 0.19537304955071866 0.13498658740126623
2 1.0269967931761845 0.724036592628782 0.9523392816120803 0.6561996436469758 0.9195372575227226 0.6922996972244745 0.9941947690868269 0.7601366462062806
3 0.9825764939481209 0.4200445146125468 0.8547206327164534 0.34055517420181236 0.8003727695968836 0.42797183672974776 0.9282286308285511 0.5074611771404822
3 1 0.4611111105769232 0.9661458341346154 0.4611111105769232 0.9661458341346154 0.5564814807692309 1 0.5564814807692309
2 0.298694095842418 0.2347680168867678 0.25982361409484833 0.19468282785425411 0.23571303055518317 0.2180627848912944 0.2745835123027528 0.25814797392380806
2 0.2692569438545788 0.2636388879092033 0.23592361037930407 0.2191944451070054 0.20847916688956036 0.2397777785725274 0.24181250036483512 0.2842222213747253
1 0.23957920981030767 0.2524733537046498 0.11312642710509516 0.12893232083416473 0.06900262968917664 0.1740960760426333 0.19545541239438918 0.2976371089131184
2 0.17332691968435837 0.11740200331788968 0.1401376498383397 0.0894531481069501 0.134375 0.09629629567307693 0.16756426984601872 0.12424515088401653
3 0.10366273318966572 0.17002705667208243 0.06257153054522417 0.10428110588972919 0.028405902343334306 0.12563461489237523 0.06949710498777587 0.19138056567472847
2 0.09369966521364827 0.13685259044280526 0.08988650184006629 0.09482308132130747 0.07212277261795522 0.0964347109373511 0.0759359359915372 0.1384642200588489
1 0.2358289409636508 0.1852190406582541 0.10931513220963537 0.08121282510372038 0.07726510712478266 0.12019867534860706 0.2037789158787981 0.22420489090314077
2 0.9238860695867687 0.9781471373954997 0.8399422267202937 0.9026091917974258 0.804218768764361 0.9423079725566476 0.8881626116308359 1.0178459181547215
2 0.25097292688878653 0.025828564247432653 0.23446981878418935 -0.006661920795960141 0.20538347369961232 0.008112099864467277 0.22188658180420953 0.04060258490786007
2 0.2910590697781055 0.8790767827387442 0.2532567568309888 0.8630561105539617 0.2064402595110672 0.9735241272740449 0.24424257245818387 0.9895447994588273
2 1 0.6120370360576924 0.9697916658653847 0.6120370360576924 0.9697916658653847 0.6646786490384616 1 0.6646786490384616