2 0.18288613363241618 0.2292068836635925 0.15314959152955676 0.18738991837554678 0.1262854269724132 0.2064933457741871 0.1560219690752727 0.24831031106223284
3 0.5916063747871042 0.22935119484573063 0.5307444818545826 0.18560671012343283 0.4964971091509716 0.2332552295639848 0.5573590020834932 0.2769997142862826
2 0.32892552590708884 0.8264074740431491 0.29124896512096676 0.8091704471150649 0.24648889588077535 0.9070066619423132 0.2841654566668975 0.9242436888703972
2 0.27676871427583466 0.9358839466014809 0.22272324724796824 0.9145326335349567 0.1889583341346155 1 0.24300380116248194 1.0213513130665242
0 0.5611347523369185 0.7564377017875663 0.5494944061476212 0.7104511471722469 0.529450537261924 0.7155247512888003 0.5410908834512212 0.7615113059041199
2 0.25715328009034333 0.22538704599314124 0.2188052192898359 0.1845160891446371 0.19377533025498492 0.20800092484584848 0.23212339105549235 0.2488718816943526
2 0.7300193108696155 0.17788926670956282 0.7216663224631195 0.1442162793722241 0.6801658865759529 0.15451096027942254 0.6885188749824489 0.1881839476167613
2 0.31462977464121195 0.05842180215775597 0.29177533412751777 0.025568533206299475 0.2649260605864701 0.04424628262254356 0.2877805011001643 0.07709955157400006
3 0.5611713350368952 0.5721279654271966 0.43430598079313343 0.449613275980148 0.38052071664580567 0.505308528687736 0.5073860708895676 0.6278232181347847
2 0.8271573700253054 0.5638885388651648 0.7669779228280145 0.5062808551546543 0.7359889616556718 0.5386532477323764 0.7961684088529627 0.5962609314428869
2 0.9198454328663421 0.6461760546003302 0.8539828410006509 0.5739330222373776 0.8182817082006894 0.6064810626758425 0.8841443000663805 0.6787240950387952
2 1.0270611899480977 0.7226687843982457 0.9456188189657839 0.6623410998688277 0.9154298614722395 0.7030961909176087 0.9968722324545533 0.7634238754470265
3 0.30462170729139837 0.3228116819230226 0.2479194673920891 0.2663820481296951 0.21682827592381437 0.2976234381384662 0.2735305158231236 0.3540530719317937
1 0.7126556347068433 0.6106487538508145 0.501509372397249 0.3968631714848714 0.4358290394893783 0.4617326385802165 0.6469753017989726 0.6755182209461597