3 1 0.42500000000000016 0.9317708341346154 0.42500000000000016 0.9317708341346154 0.552777778846154 1 0.552777778846154
2 0.23409292816841257 0.7356552047300217 0.19656013967205851 0.7159990238959337 0.1506587082663136 0.803646198653505 0.18819149676266766 0.8233023794875928
1 0.24277499425170143 0.2433329587042073 0.11808414228916675 0.11899634102970755 0.07239928660335838 0.16481135259904017 0.19709013856589305 0.28914797027353994
2 0.7137095152070037 0.16768672213857616 0.7045347812721837 0.13328146690562412 0.6628140855625779 0.14440698479873385 0.6719888194973979 0.1788122400316859
2 0.8322067755792235 0.551784781951595 0.7642461656720787 0.49808750089059767 0.7359204940653298 0.5339371729854924 0.8038811039724746 0.5876344540464896
0 0.13456119991542786 0.265544011803026 0.13097266847017092 0.23364592874801765 0.11790884126850959 0.2351156081211549 0.12149737271376655 0.2670136911761633
2 0.3153697044480991 0.7022125132049855 0.27714029660236555 0.6820524740324909 0.21995023354118903 0.7905017794520904 0.2581796413869225 0.8106618186245848
2 0.27402158833550827 0.24566976894285106 0.23027804155464468 0.20937881695681962 0.20667852748318227 0.23782465238676403 0.25042207426404584 0.2741156043727955
0 0.6069787041600108 0.09899341811798813 0.5986873414971887 0.07583024606099895 0.583032265585362 0.08143405160108681 0.591323628248184 0.10459722365807601
2 0.28042977761753896 0.2090873914964608 0.24236845228451734 0.17042192000119705 0.21975221033565473 0.19268478423993865 0.2578135356686763 0.2313502557352024
0 0.5476294600667078 0.7311976078809568 0.5280916766176302 0.6929903931258834 0.505045989666571 0.704775121323723 0.5245837731156485 0.7429823360787964
2 0.9994791658653847 0.6898148149038461 0.9661458341346154 0.6898148149038461 0.9661458341346154 0.7509259254807692 0.9994791658653847 0.7509259254807692