2 0.9251634671223368 0.6240765904506831 0.8546691389029087 0.5688493930001551 0.822632240113914 0.6097426441992057 0.893126568333342 0.6649698416497334
3 0.33289419823837874 0.15403049945991737 0.24405512436737442 0.08634358928856886 0.20260765165932504 0.14074339983325918 0.29144672553032935 0.20843031000460768
2 0.8234285872565095 0.550936491135652 0.7558872307049739 0.49394846880548565 0.7266017186383871 0.5286572221786766 0.7941430751899226 0.5856452445088429
2 0.2115305873765678 0.1143908011370577 0.18385717547022667 0.07977056811860098 0.1604079739121997 0.09851450358674606 0.18808138581854086 0.13313473660520275
2 1.025158093153785 0.7141270936378566 0.9450437778958709 0.6455518760173706 0.9132954501701653 0.6826424697418434 0.9934097654280793 0.7512176873623294
3 0.4522762733285982 0.13132200864682228 0.4106603779285781 0.02714072188206335 0.3487670901664503 0.05186439990005594 0.39038298556647033 0.15604568666481486
3 0.7947273706030489 0.32807677040006233 0.7160411066437581 0.20992005256602825 0.667517569083102 0.24223421933307912 0.7462038330423929 0.36039093716711323
1 0.9312166749441041 0.999044667703955 0.6958333341346152 0.7185185192307694 0.6230646478132104 0.7795771285114912 0.8584479886226993 1.0601032769846768
2 0.5040757893910194 0.47549162478196066 0.46023330572775595 0.43208756914234103 0.43270923126870414 0.45988966659693725 0.47655171493196763 0.5032937222365569
1 0.7783021264785004 0.665330008627664 0.5645833341346154 0.477777778846154 0.5028874531087975 0.5480812308541116 0.7166062454526825 0.7356334606356215
0 0.7026979359515445 0.9534445679309974 0.6964782322695059 0.9092155894865529 0.67694268083833 0.9119627779914776 0.6831623845203685 0.9561917564359221
2 0.31028668838513657 0.8242760571618144 0.27236264786866016 0.8087616768149134 0.22862002253123934 0.9156880933717146 0.2665440630477157 0.9312024737186158
2 0.21705948159012564 0.7603099972218151 0.1767724993084707 0.7393653437902018 0.1242166129797225 0.840456444114981 0.16450359526137748 0.8614010975465943
2 0.4312942871011455 0.4814385357703551 0.3864922662802473 0.43523645603938044 0.3582829669221809 0.4625909306548541 0.4030849877430791 0.5087930103858288
3 0.6023809689955197 0.202942575554303 0.4531831173998091 0.12292585205160503 0.413520622079088 0.19687988105626664 0.5627184736747988 0.2768966045589646
2 0.18815706470128946 0.03927558205071395 0.17827406854041972 0.0016260862092658706 0.14478319030913206 0.010417444860597045 0.15466618647000183 0.048066940702045126
2 0.23628403631313674 0.3665411057425351 0.21693387200096745 0.2930709152975606 0.1912131596200536 0.2998450914332476 0.2105633239322229 0.37331528187822216
2 0.6829311018506873 0.13423142889499853 0.6798927110695481 0.10232833883991432 0.6358204587635228 0.10652569793207321 0.638858849544662 0.1384287879871574
3 0.24739583413461552 0.9453703701923076 0.18286458413461554 0.9453703701923076 0.18286458413461554 1 0.24739583413461552 1
2 0.16545258679624364 0.17700510697932875 0.12775143477971893 0.13459131503898758 0.10236709638948605 0.1571551735554628 0.14006824840601076 0.19956896549580394
3 1.0047475098037777 0.4378541839736628 0.8657630994343192 0.34919484800137207 0.8128312221717405 0.4321720739236063 0.951815632541199 0.520831409895897
2 0.5513491079010465 0.27150885305472544 0.5071100730699469 0.24092383333729234 0.4844192044450625 0.27374454546101223 0.5286582392761621 0.3043295651784454