3 0.789547671182228 0.7724424684621939 0.6985905028012913 0.6901216409972194 0.6566780412289083 0.7364311709411548 0.747635209609845 0.8187519984061293
2 0.23565542787910126 0.7486181655985831 0.19812263845514372 0.7289619851585384 0.15222120758285473 0.8166091628206931 0.18975399700681228 0.8362653432607379
1 0.24729717991132003 0.2539040185485185 0.12343842182263216 0.12849703080706776 0.07826214980411747 0.17311557278836517 0.20212090789280535 0.29852256052981596
3 0.27240098925581396 0.5154450857345481 0.2318146657470216 0.48223809412113394 0.15657487624127636 0.5741978378149908 0.1971611997500687 0.6074048294284048
2 0.7163136810723884 0.17509413079242245 0.707138946698692 0.14068887391368343 0.6654182509890862 0.15181439180679307 0.6745929853627826 0.18621964868553206
2 0.8490823768863015 0.5720521804810204 0.7772415011962044 0.5173162778248617 0.7484833326340696 0.555061375877332 0.8203242083241667 0.6097972785334906
0 0.034016429273658534 0.1720857172158463 0.02295816387094696 0.13932048513279596 0.012016937660817663 0.14301314883668906 0.023075203063529233 0.1757783809197394
2 0.034375000000000114 0.9120370360576923 1.1257922070436733e-16 0.9120370360576923 1.1796539881614038e-16 1 0.034375000000000114 1
2 0.2793724501406266 0.7794678626346244 0.24174638741193938 0.7610243725179718 0.18197566083131914 0.8829610067145043 0.21960172356000637 0.9014044968311569
3 0.39861554495007595 0.4270324218613987 0.3726671180588887 0.37420884141140126 0.2991374533396742 0.4103286786705612 0.32508588023086143 0.4631522591205587
2 0.24819085566677462 0.24064766251226233 0.21664448116943819 0.1918493590230747 0.19639224664074595 0.2049417111986288 0.2279386211380824 0.25374001468781643
0 0.8226361235259717 0.08948000097547212 0.8040615374782145 0.07957356137011674 0.7923737301783317 0.10148821396477024 0.8109483162260889 0.11139465357012562
2 0.15520865635603237 0.11128955062141918 0.12368015673074537 0.07464103689707095 0.10165436834567904 0.09358969238876282 0.13318286797096604 0.13023820611311104
0 0.35174153527546564 0.8080092665524236 0.3379511779579269 0.8031610933412392 0.32215104640073416 0.8481036831264306 0.33594140371827297 0.8529518563376148