2 0.27862473837343654 0.019160792171383736 0.24424556778341946 -0.009846609305970401 0.22255597681286093 0.015859593594922512 0.25693514740287793 0.04486699507227665
2 0.09567918515669004 0.14615529068732444 0.06984467792192463 0.1039015148905224 0.04393322420850194 0.11974411418015493 0.06976773144326734 0.16199788997695697
3 0.8306018564515013 0.40570773077751265 0.7519397880498316 0.34884821406130145 0.7150034937987519 0.3999475809339404 0.7936655622004216 0.45680709765015154
2 0.3278838577104287 0.8254815465486396 0.29020729637979864 0.8082445206756316 0.24544723010646916 0.9060807364204236 0.2831237914370992 0.9233177622934315
2 0.24791666586538474 0.9490740745192308 0.18764881009615397 0.9490740745192308 0.18764881009615397 1 0.24791666586538474 1
0 0.42888704179582454 0.5915268986809435 0.4169155587313409 0.5525087319970278 0.40168285734071346 0.5571824017827331 0.4136543404051972 0.5962005684666489
3 0.47970925463640124 0.10256894843159317 0.4310321279279741 0.06974452436918957 0.40220111655559015 0.1124996018394773 0.4508782432640173 0.1453240259018809
2 0.04742018422709453 0.04048248163533453 0.0168328945105431 0.007019461644613766 -0.004803347353324366 0.026796337684224274 0.025783942363227067 0.060259357674945044
2 0.8137986336620079 0.1542311930405148 0.8011243068916533 0.12286223329675203 0.7610422523314355 0.13905700230640639 0.7737165791017901 0.17042596205016916
2 0.530075431139707 0.20451149540342303 0.49499640917802373 0.17333013955038645 0.47131824664319044 0.19996806984073442 0.5063972686048738 0.23114942569377103
2 0.9600352732631655 0.826269408625454 0.8768711184145624 0.7441319685788125 0.8431288664700726 0.7782959973586073 0.9262930213186755 0.8604334374052487
2 0.6737341306557377 0.5517312539288339 0.616533515652073 0.49846507322701394 0.588122442693138 0.5289746916143812 0.6453230576968026 0.5822408723162011
3 0.8570835346764434 0.8783759100574594 0.7215323563356922 0.7131728839615683 0.653435593425696 0.7690471416660423 0.788986771766447 0.9342501677619334
3 0.39045902890006506 0.3815730649913446 0.28616993982199374 0.2804442526658714 0.23960108110084224 0.32846838885174606 0.3438901701789136 0.4295972011772192
2 0.826636536536401 0.5611107516147615 0.7664570824885664 0.5035030822554231 0.7354681288578706 0.5358754787045188 0.7956475829057053 0.5934831480638573
2 0.9198454322900894 0.6433982748895192 0.8539828395852914 0.5711552462950217 0.8182817093376256 0.6037032865191003 0.8841443020424236 0.6759463151135978
2 0.26716666816794843 0.06524999639807645 0.23827777603546973 0.026731480962179664 0.20872222239273522 0.048898150457051544 0.23761111452521394 0.08741666589294833
2 1.0266367726435977 0.7231260073526685 0.9445771522487267 0.6623411010185859 0.9143881956068548 0.7030961909176088 0.9964478160017258 0.7638810972516914
3 0.18575734825441087 0.2102325344924611 0.13749244290882162 0.1593281507014264 0.11103075746855989 0.18441775297029672 0.1592956628141492 0.23532213676133146
1 0.46334586560899393 0.37547233593950635 0.3006449450079019 0.2055079741095982 0.24427045841859632 0.25947329229596594 0.40697137901968833 0.4294376541258741