2 0.18086116835610655 0.2237520863198067 0.14914756464009765 0.18510114208259115 0.12321797810944425 0.20637670592667756 0.15493158182545314 0.2450276501638931
3 0.5968147093005911 0.23305490371812312 0.535952820813887 0.18931041341309918 0.5017054450297608 0.23695892757801024 0.5625673335164649 0.2807034178830342
2 0.328925525907089 0.8254815485623797 0.2912489642115533 0.8082445212182388 0.24648889588077544 0.9060807340576977 0.2841654575763112 0.9233177614018386
2 0.2769444997634706 0.935438989949573 0.2228990327356055 0.9140876768830478 0.1889583341346155 1.0000000000000002 0.24300380116248055 1.0213513130665253
0 0.5580097517650835 0.7536599230861581 0.5463694061476213 0.707673370729939 0.526325537261924 0.7127469748464925 0.5379658828793862 0.7587335272027117
2 0.25090327801737505 0.21890556648344056 0.21304291358491356 0.17855438574258578 0.1880130227996162 0.20203921987723103 0.2258733872320777 0.24239040061808584
2 0.7305401453581873 0.17696334025850266 0.7221871560521312 0.14329035290908632 0.6806867206857455 0.15358503479207355 0.6890397099918016 0.18725802214148993
2 0.32168269119630466 0.054190705753869 0.2896193923563028 0.029252582378527545 0.270380610184378 0.05398815741806992 0.3024439090243798 0.07892628079341138
3 0.5554421680942409 0.5656464847075161 0.4285768150347003 0.44313179278968007 0.3747915492864582 0.49882704551192564 0.5016569023459988 0.6213417374297617
2 0.8271573700253054 0.5629626133843957 0.7669779228280145 0.505354929673885 0.7359889616556716 0.5377273222516071 0.7961684088529627 0.5953350059621179
2 0.9198454328663421 0.6461760546003302 0.8539828410006509 0.5739330222373776 0.8182817082006894 0.6064810626758425 0.8841443000663805 0.6787240950387952
2 1.0270611899480977 0.7226687843982457 0.9456188189657839 0.6623410998688277 0.9154298614722395 0.7030961909176087 0.9968722324545533 0.7634238754470265
3 0.29973292154836895 0.317981737287042 0.24425852742427356 0.26277404064268944 0.21388945510183147 0.29328981995605524 0.2693638492259268 0.3484975166004078
1 0.7038787838971718 0.6012102509576989 0.4947385406813173 0.38945576284604794 0.4290582065716161 0.4543252311283862 0.6381984497874706 0.666079719240037