3 0.9970383249724132 0.9516648659410587 0.8815952902779126 0.8368492414516718 0.8320265945250492 0.8866888054396541 0.9474696292195498 1.001504429929041
2 0.6633836214123907 0.742915068910895 0.5948239938618936 0.6819731806847963 0.5621803166586252 0.7186973193040568 0.6307399442091223 0.7796392075301555
2 0.4630946797902273 0.6571209907471357 0.42993962064162056 0.6192886995086796 0.3650450936278 0.6761602716797306 0.39820015277640675 0.7139925629181868
2 0.22361368564145664 0.7515386313816159 0.18325760329159857 0.7288383349506847 0.12826409470399472 0.8266045719697281 0.1686201770538528 0.8493048684006593
2 0.13739129242869805 0.9007362694918968 0.09450971034007748 0.8794347032133845 0.04147701365226751 0.9861933286902927 0.08435859574088808 1.0074948949688052
2 0.2051297458364487 0.5809106583391197 0.1697711868335975 0.5547817233325955 0.10365341873558466 0.6442545244186966 0.13901197773843588 0.6703834594252209
2 0.37263119813122497 0.41787127976147925 0.3471591208952954 0.3727379446449639 0.27833189645952744 0.4115822350621597 0.30380397369545703 0.456715570178675
3 1.065141117301693 0.6637554002929781 0.7898586542019035 0.45857592273002507 0.7166282730757333 0.5568266831354525 0.9919107361755228 0.7620061606984057
2 0.8076475754501019 0.45743352616352084 0.7561527934644338 0.44334948002398317 0.7456224209880946 0.48185114563374654 0.7971172029737629 0.4959351917732842
2 0.8520490426160237 0.4043080292742394 0.8063048840545759 0.37214416623938185 0.7830005488405601 0.40528810806141186 0.828744707402008 0.43745197109626943
2 0.6437203550493732 0.15484124580560385 0.6374223743786399 0.12295771988630635 0.5932029598281403 0.13169241939272544 0.5995009404988736 0.16357594531202294
2 0.7020271528632502 0.1485196385543048 0.6933817377119914 0.11690983788781262 0.6564645211461759 0.12700685389901242 0.6651099362974348 0.1586166545655046
2 0.7543550141616934 0.2092848389479191 0.7397364211596223 0.18162579511466145 0.7055746183066454 0.19968128159985143 0.7201932113087165 0.2273403254331091
3 0.9304361767410095 0.18590242480955763 0.9264044419628923 0.11106350630385417 0.8317539959968854 0.11616253101432447 0.8357857307750026 0.19100144952002795