3 0.4583113404250358 0.6927692420737844 0.41591914617371956 0.6567916539655515 0.34541119639076673 0.7398707835189023 0.38780339064208297 0.7758483716271354
2 0.5980336518502543 0.6320457469234196 0.542096495221956 0.6307347177349489 0.5408014155094483 0.6859913644684793 0.5967385721377464 0.6873023936569501
2 0.23921734778891007 0.7645877263543966 0.2020932882082807 0.7451456005496454 0.1567966051780188 0.8316380333477802 0.19392066475864816 0.8510801591525313
1 0.2527177032483108 0.26656184467035665 0.1270930316701556 0.14163820727202775 0.0820679400061045 0.1869159663164375 0.2076926115842597 0.31183960371476643
3 0.5901849244293891 0.3756864389729509 0.5232266940992062 0.3495563943754958 0.5024538279664998 0.4027868567248512 0.5694120582966827 0.42891690132230625
2 0.7168566152447761 0.19046705030186156 0.7092095593093226 0.15605528469526073 0.6689522071966001 0.16500135932969281 0.6765992631320533 0.19941312493629362
2 0.2840082443921646 0.4904588069057731 0.25451737606578206 0.4688936115475837 0.20154274770166739 0.5413375548449432 0.2310336160280499 0.5629027502031326
2 0.4236753874141781 0.40445907210822646 0.40682324319489527 0.3699272192213261 0.3488981804174317 0.39819565633745696 0.3657503246367145 0.4327275092243574
2 0.28234281835933817 0.7960019872426999 0.24248871269262803 0.7773203753772425 0.1856501868847215 0.8985758981770089 0.22550429255143162 0.9172575100424663
3 0.7296422043042047 0.4689006683746673 0.6629206188050822 0.419047504694946 0.6299893803632133 0.46312142657093935 0.6967109658623358 0.5129745902506607
2 0.15379278993167475 0.13897437001563306 0.1097164588497018 0.12722068647378912 0.10251268125972383 0.15423486334577868 0.1465890123416968 0.16598854688762266