3 0.632352941346431 0.639828430919991 0.5496262259174263 0.6214447172640447 0.5344056383603386 0.6899373645638559 0.6171323537893432 0.7083210782198022
2 0.9019866268110156 0.8636120191340182 0.8308129474139927 0.7961288154614964 0.795585116561038 0.8332831620622888 0.8667587959580609 0.9007663657348106
2 0.2382595961483321 0.752321869925506 0.20113553656770267 0.7328797441207547 0.15523410517801872 0.8205269227708573 0.19235816475864814 0.8399690485756085
1 0.24944829908823077 0.25798910479242815 0.12376516662796688 0.13342813968945458 0.07892595705924142 0.17867130484140087 0.20460908951950532 0.30323226994437447
3 0.3951982156539915 0.4185293557782269 0.367101213035955 0.37228637140216353 0.2913806820212522 0.41829378175564574 0.31947768463928866 0.46453676613170913
2 0.7158149510746605 0.18120778945135743 0.7081678920248867 0.14679602372737557 0.6666176477658371 0.15602941134049772 0.6742647068156108 0.19044117706447958
2 0.9020143929788783 0.6285920594775516 0.8316979285182986 0.56267036073465 0.8000960126022635 0.5963790642385232 0.8704124770628432 0.6623007629814246
2 0.06856930913264553 0.8468757756663812 0.027198787680219036 0.8253949276713957 -0.035065541151900255 0.945311411055639 0.006304980300526244 0.9667922590506245
2 0.22340813544702456 0.6028299821436561 0.19333889723257044 0.585916035391235 0.1406141814828143 0.6796488619677324 0.17068341969726838 0.6965628087201535
2 0.2794925008306155 0.787829503003364 0.24186643622363574 0.7693860133614847 0.18301732808151686 0.8894424879231444 0.22064339268849661 0.9078859775650236
3 0.5052083341346154 0.3546296298076923 0.44218749999999996 0.3546296298076923 0.44218749999999996 0.4138888894230769 0.5052083341346154 0.4138888894230769
2 0.22642137152256608 0.21788689284967053 0.18858111903133434 0.17687405587595942 0.1765625 0.18796296394230774 0.21440275249123175 0.22897580091601885
0 0.9114869276478562 0.12893675624388581 0.8995973118543648 0.10203499350209878 0.8792739657664563 0.11101718470431504 0.8911635815599477 0.13791894744610206
2 0.08947115399394551 0.0583849715063743 0.06004890528803329 0.02133473323346629 0.03964439663673494 0.037538313999623596 0.06906664534264714 0.0745885522725316
0 0.3034887668872256 0.9333054110136405 0.2841177089731398 0.9298616606294355 0.2746873409034257 0.9829073769703834 0.29405839881751156 0.9863511273545884