3 0.9901122939968501 0.407650964689516 0.8618846541023734 0.3312800892009874 0.8066674863205499 0.42399039350258083 0.9348951262150267 0.5003612689911093
1 0.1201105958618173 0.0722443812151558 0.013382374473096573 -0.016156769594032894 -0.026118634081355698 0.03153347366057328 0.08060958730736503 0.11993462446976197
2 0.41510917589668417 0.43003761060866935 0.38541069301063824 0.4129038715466268 0.35341884806162266 0.4683564062368631 0.38311733094766864 0.4854901452989057
1 0.24201768557429554 0.23889206741166694 0.11556152934717688 0.1137004754060465 0.06996082225522841 0.15976179667934437 0.1964169784823471 0.28495338868496484
2 1.0000000000000002 0.7453703701923077 0.9994123341878096 0.6868650647913944 0.9690024572548097 0.6871705216196935 0.9695901230670002 0.7456758270206069
2 0.616822915556005 0.20161458486686398 0.5962940696336179 0.1752203527637119 0.5561538462302642 0.20644052459205728 0.5766826921526512 0.2328347566952094
2 0.8304296685896495 0.5455109399830999 0.7603733288421056 0.49387049365454266 0.7328253660336326 0.5312425455842303 0.8028817057811766 0.5828829919127876
0 0.18075585041212783 0.30944901109139705 0.1758432846248596 0.27451520237969357 0.16294726715969785 0.2763287044433876 0.1678598329469661 0.3112625131550911
2 0.25223551868276106 0.7085497051003765 0.21266649417173938 0.6866243310979588 0.15670702778404733 0.787615150997958 0.19627605229506903 0.8095405250003757
2 0.6472712948845346 0.29956068082925286 0.6216840681146661 0.272145794326553 0.5798462642896957 0.31119441026437095 0.6054334910595641 0.33860929676707074
2 0.2735007556247314 0.2401142148356484 0.22975720742002934 0.2038232616683581 0.2061576943285746 0.23226909591704356 0.24990124253327664 0.2685600490843339
0 0.4286458341346154 5.154785014411288e-17 0.4104166658653846 5.043163551551128e-17 0.4104166658653846 0.013888889423076974 0.4286458341346154 0.013888889423076974
2 0.30002223513089843 0.21792005884593582 0.2579333467366217 0.18228925248565642 0.23675517418749445 0.20730596784713165 0.27884406258177113 0.24293677420741105
0 0.7272537162797964 0.9628314673817696 0.7084761518321476 0.916096199526839 0.6870150581755402 0.9247189610461454 0.705792622623189 0.9714542289010761
2 0.9345615376187655 0.6282411783574927 0.8648899030482791 0.5704395216062059 0.8322813246899214 0.6097445014793995 0.9019529592604079 0.6675461582306862