2 0.9242380732026338 0.6278698252420918 0.8545545341589726 0.5741876904676652 0.8243386320696128 0.6134102549545456 0.8940221711132739 0.6670923897289722
3 0.33497753226317184 0.1549564290441041 0.2461384641349675 0.08726951348568697 0.20469098901249466 0.14166931935318197 0.29353005714069896 0.2093562349115991
2 0.8236642845742428 0.5517352400639504 0.75637158244344 0.49770813299299516 0.7283461415529661 0.5326148260989256 0.7956388436837687 0.5866419331698809
2 0.21413475187925018 0.11716857935915878 0.18646134347650298 0.08254834599330153 0.1630121399755757 0.1012922804533234 0.1906855483783229 0.13591251381918065
2 1.0259744179164794 0.7171006011299994 0.946215492039259 0.6503741826890841 0.9144779180902545 0.6883105033738652 0.9942368439674749 0.7550369218147804
3 0.6133824238020202 0.17237048253957574 0.5189588487005925 0.1107591054240708 0.4736081470746483 0.18026210278203988 0.5680317221760761 0.24187347989754482
3 0.8749616054884061 0.39169413795080704 0.7739376885473335 0.27656716264982945 0.7232081124451102 0.3210823639674072 0.8242320293861828 0.43620933926838484
1 0.7380672404115257 0.7619431436021015 0.5197916658653846 0.5277777788461538 0.45513654280066346 0.5880455906509098 0.6734121173468045 0.8222109554068573
2 0.9085142016409263 0.7574104525134729 0.8250000000000001 0.6805555552884616 0.7890729143306588 0.7195956423264513 0.872587115971585 0.7964505395514627
3 0.22208257697875095 0.5383968532972333 0.17621038272446432 0.5190445214625062 0.12110707979775831 0.6496597588144605 0.16697927405204493 0.6690120906491875
2 0.33967038059797855 0.3243743425455449 0.3024295106039383 0.28819145735599233 0.27741819785663113 0.31393409898125696 0.3146590678506713 0.3501169841708096
1 0.5618612177269052 0.476271964331704 0.3911458341346154 0.321296295673077 0.33738846159436975 0.38051340087129215 0.5081038451866596 0.5354890695299191
0 0.5456903448205188 0.7419969829696232 0.538369659244051 0.6925417187909665 0.5194583820752934 0.6953410873981541 0.5267790676517612 0.744796351576811
2 0.31289085630974517 0.8252019834849933 0.27606194685473995 0.8101356113035193 0.23231932151731913 0.917062027860321 0.2691482309723243 0.9321284000417948
2 0.6512278501175144 0.532260021343394 0.5938990197316036 0.482607697742558 0.5659711047753873 0.5148534132186029 0.6232999351612979 0.5645057368194389
2 0.2196636479669842 0.7621618496033811 0.17937666659388293 0.7412171966441126 0.12682078124895335 0.8423082950765195 0.16710776262205462 0.863252948035788
2 0.26763109536416857 0.3206379314762795 0.2286382460244973 0.2840821605281877 0.20405838605453083 0.3103006959807726 0.24305123539420206 0.3468564669288644
3 0.8050702279738667 0.3443845803309883 0.6337505518474682 0.23921973843431993 0.5853206170022938 0.3181149338519125 0.7566402931286924 0.42327977574858083
2 0.4552322006089667 0.19744895356291273 0.4091052561685768 0.172217119446906 0.3894332474163472 0.20818000865159172 0.43556019185673706 0.23341184276759847
2 0.15694503255024475 0.22809620300536287 0.1207427535005871 0.1845588249087024 0.09521174286865579 0.2057884168530058 0.13141402191831347 0.24932579494966628
2 0.7835314179275874 0.09542206754866625 0.7415427230157061 0.09360524643872845 0.7401371739751449 0.1260890003564879 0.7821258688870262 0.1279058214664257
3 0.2500000000000001 0.9472222211538461 0.18732638942307706 0.9472222211538461 0.18732638942307706 1 0.2500000000000001 1
2 0.05329603307532739 0.08792018095570572 0.020312008440393374 0.05008904201190521 -0.0015845996928873956 0.06918014744128549 0.03139942494204662 0.107011286385086
3 1 0.4583333341346155 0.9619791658653847 0.4583333341346155 0.9619791658653847 0.5583333341346155 1 0.5583333341346155
2 0.9634784795807281 0.5773642702477909 0.8957566714537595 0.5273892705236923 0.8655162942783574 0.5683684207401194 0.933238102405326 0.6183434204642181