2 0.9293478753093289 0.6320012051785663 0.8596836789046323 0.5832128108347411 0.8306262549603054 0.6247034586803453 0.9002904513650022 0.6734918530241705
3 0.34222307805635216 0.15784704135387323 0.2545729402504413 0.08859261481207609 0.21203439282310416 0.14243046648815788 0.299684530629015 0.21168489302995505
2 0.8296634341237611 0.5602136980117269 0.7630347896144524 0.503995800829264 0.7353501161792355 0.5368072782611659 0.8019787606885443 0.5930251754436289
2 0.22246808737656787 0.11902043094474998 0.19479467547022675 0.08440019792629326 0.17134547391219973 0.10314413339443834 0.19901888581854085 0.13776436641289505
2 1.028559292988934 0.724962519591877 0.953901782274182 0.6571255688574825 0.9210997563371437 0.6932256231250805 0.9957572670518957 0.7610625738594751
3 0.984138993948121 0.42097044009331613 0.8562831327164535 0.34148109968258156 0.8019352695968838 0.428897762210517 0.9297911308285514 0.5083871026212516
3 1 0.4629629639423078 0.9666666658653846 0.4629629639423078 0.9666666658653846 0.5578703701923078 1 0.5578703701923078
2 0.298694095842418 0.23569394236753693 0.25982361409484833 0.1956087533350234 0.2357130305551832 0.21898871037206374 0.27458351230275285 0.25907389940457726
2 0.27029861084010975 0.2654907418493134 0.23696528059285718 0.22104629602513762 0.2095208341390111 0.24162962832087914 0.24285416438626367 0.2860740741450549
1 0.23957920981030767 0.25339927918541905 0.11266358995808012 0.12940606663197385 0.06853979254216162 0.17456982184044245 0.1954554123943892 0.29856303439388765
2 0.21991738528251625 0.15890804593057067 0.17999640809354495 0.1234227323862716 0.17309985694564414 0.13118135232108558 0.21302083413461542 0.16666666586538464
3 0.10366273318966572 0.17002705667208243 0.06257153054522417 0.10428110588972919 0.028405902343334306 0.12563461489237523 0.06949710498777587 0.19138056567472847
2 0.09520260999564112 0.13874032703586045 0.09100898645120405 0.0977360082931274 0.07465541876267505 0.09940853227589239 0.07884904230711214 0.14041285101862544
1 0.23687060682903535 0.18614496613902326 0.11035679807501995 0.08213875058448962 0.07900516809643351 0.12027506866980467 0.20551897685044893 0.22428128422433835
2 0.3146821117523473 0.8321190543216352 0.27705040816993687 0.8159911809146716 0.23191451230911203 0.9213082683632694 0.26954621589152244 0.937436141770233
2 0.9107165715276491 0.5368433236263767 0.8367049304279021 0.4867190372893414 0.8113612338404587 0.5241405890568489 0.8853728749402058 0.5742648753938842
2 0.08909313669118454 0.05637254959451707 0.0540488502899288 0.02967213925740853 0.03683220707148757 0.052268982084829656 0.07187649347274332 0.07896939242193819
2 0.18589775091869262 0.8303234670388882 0.14471656831145452 0.8089409295995894 0.08785713361912866 0.9184479873871049 0.12903831622636674 0.9398305248264036