3 0.960028694426957 0.4761761016562766 0.8928823585439404 0.3241003765642768 0.8050444961534041 0.36288362489502196 0.8721908320364208 0.5149593499870216
1 0.14193232336420472 0.08785996253540669 0.023271147496841733 -0.005022418617135344 -0.015365056686992201 0.04433696862742594 0.10329611918037077 0.13721934977996797
2 0.4541093870797669 0.35598922597315574 0.4260736403572126 0.34071193363570873 0.39799284918871297 0.39224370586207935 0.42602859591126724 0.40752099819952636
1 0.24188614173454395 0.23835154007753592 0.11504069680784539 0.11277454897441475 0.06943999059626169 0.1588358681505535 0.19628543552296027 0.28441285925367465
2 1.027252620117993 0.7032985849769934 0.9566930101520797 0.6556708500818378 0.9286988345498298 0.6971437044210211 0.9992584445157431 0.7447714393161768
2 0.595902098621859 0.21327247818154713 0.5699915380429161 0.19286789743121455 0.535919561992552 0.23613386845504303 0.5618301225714949 0.2565384492053756
2 0.8304296685896495 0.5445850145023305 0.7603733288421056 0.4929445681737734 0.7328253660336326 0.5303166201034611 0.8028817057811766 0.5819570664320183
0 0.18075585041212783 0.30944901109139705 0.1758432846248596 0.27451520237969357 0.16294726715969785 0.2763287044433876 0.1678598329469661 0.3112625131550911
2 0.2846399070752892 0.65329579964557 0.24710070163307102 0.6314390922261229 0.19307585861843674 0.7242275274643362 0.2306150640606549 0.7460842348837833
2 0.7090447547185553 0.24345548990488222 0.6863783283867713 0.21653910843156404 0.6460322686992241 0.25051473738421803 0.6686986950310081 0.2774311188575362
3 0.08281250000000001 8.100528257795722e-18 0.04947916586538462 6.059450210152425e-18 0.04947916586538462 0.009259259615384622 0.08281250000000001 0.009259259615384626
2 0.2735007582651308 0.23826235530802037 0.22975720493233995 0.20197141134586932 0.20615769613442458 0.23041725096927307 0.24990124946721542 0.26670819493142406
0 0.3901041658653846 4.666414564438185e-17 0.37197916586538465 4.555430948265457e-17 0.37197916586538465 0.010185185096153893 0.3901041658653846 0.010185185096153893
2 0.30002223513089843 0.21699413336516646 0.2579333467366217 0.1813633270048872 0.23675517418749445 0.2063800423663625 0.27884406258177113 0.24201084872664178
0 0.7537660264423077 0.9805555552884615 0.7281249999999999 0.9805555552884615 0.7281249999999999 1 0.7537660264423077 1
2 0.9329990379984954 0.6254633984097817 0.8640444384966817 0.5682566205460917 0.8314358603028045 0.6075616038653769 0.9003904598046181 0.6647683817290668