2 0.9214875281828129 0.6202261934753311 0.8518039879770016 0.5665440578056186 0.8210956785452649 0.6064058048885727 0.8907792187510762 0.6600879405582852
3 0.3302439129754299 0.15229149078675744 0.2425937824378306 0.08303705500489536 0.20005522567815348 0.13687490684460796 0.2877053562157527 0.20612934262647004
2 0.8198169665044942 0.5485505767639536 0.7520786854146437 0.4918806459835889 0.7236649786728125 0.5258439070565957 0.791403259762663 0.5825138378369604
2 0.20788475324195246 0.1143908011370577 0.18021134133561137 0.079770568118601 0.15676213977758435 0.09851450358674604 0.18443555168392545 0.13313473660520272
2 1.024715128818281 0.711977442961374 0.9419848944905549 0.640890725451574 0.9101832370436441 0.6779012762936537 0.9929134713713702 0.7489879938034536
3 0.9321246100423921 0.1636657244117945 0.927738198069942 0.09272923212922582 0.8309690734001314 0.09871302458014555 0.8353554853725815 0.16964951686271423
2 0.308724187216437 0.8233501307943546 0.2708001468338392 0.8078357511124905 0.22705752289993766 0.9147621684444889 0.2649815632825355 0.930276548126353
2 0.21653864679340168 0.756606293153552 0.17625166607259532 0.7356616413572745 0.12357412953409153 0.8369867395058843 0.16386111025489788 0.8579313913021618
2 0.6457238859012959 0.13998452072059803 0.6428576753783463 0.10881449244520015 0.5994197566739656 0.11280878525063215 0.6022859671969154 0.14397881352603
3 0.24687500000000015 0.9435185192307693 0.18040865384615398 0.9435185192307693 0.18040865384615398 1 0.24687500000000015 1
2 0.749710410745325 0.6938913082656242 0.6771799586754584 0.6211158216412126 0.6447988356296128 0.653387917672204 0.7173292876994795 0.7261634042966156
3 0.5234984256107167 0.11534183946711772 0.42739616447746864 0.06392142755227036 0.3905854546234557 0.13271886263989405 0.48668771575670366 0.1841392745547414
2 0.7384758438024499 0.12677096269293292 0.7327155145769491 0.09436909397544459 0.695192578498735 0.10103983470347161 0.7009529077242357 0.13344170342095993
2 0.3516074903246957 0.13920353395324264 0.32786358471053667 0.11115604652526673 0.3034142476071843 0.1318538988374034 0.3271581532213433 0.1599013862653793
2 0.6744869828830613 0.26763463555010253 0.6266076294453045 0.23699184263209583 0.6071348057276242 0.26741812302059337 0.6550141591653811 0.2980609159386
2 0.5723298398424433 0.25290815628358704 0.5375947714024619 0.22271233221071668 0.5129569569439641 0.25105387272844615 0.5476920253839456 0.2812496968013165
2 0.7220619659775163 0.39074963971022303 0.6685363238376671 0.3550658834303523 0.6467414526354596 0.3877581949488999 0.7002670947753088 0.4234419512287707