2 0.5470797418917498 0.21592273432227474 0.5038362087690936 0.17748403613423094 0.47716953999919964 0.2074840368777654 0.5204130731218558 0.24592273506580917
2 0.03388989120863395 0.08697686933144823 0.009265944308678283 0.04867295140536449 -0.012056256374045256 0.06238008022740204 0.012567690525910408 0.10068399815348578
3 1.03856029501002 0.569819984472251 0.9585537416937958 0.49981424455085005 0.9111351824429939 0.5540068792281964 0.9911417357592178 0.6240126191495973
2 0.26920399208245105 0.9453546750077412 0.23171369232712355 0.9272789994861182 0.1968903658688292 0.9995051769165186 0.2343806656241567 1.0175808524381416
0 0.320971249536063 0.4630148945071876 0.30972088062341696 0.42101350373286206 0.2968080580424379 0.4244722943838699 0.3080584269550839 0.4664736851581954
3 0.6982138286089282 0.25160604136813625 0.6391630265179586 0.21314532142595174 0.6063813295384411 0.2634768155699398 0.665432131629411 0.3019375355121243
2 0.869553118313915 0.10337860219822412 0.8666302764021971 0.05401500869183632 0.8481096810078957 0.055111621977119704 0.8510325229196136 0.1044752154835075
2 0.7729552332261568 0.3754458131997994 0.7202412948403636 0.3413681051571275 0.696946095801146 0.3774028550675507 0.7496600341869392 0.41148056311022263
2 0.5176385873335678 0.4082719133533276 0.46685123463164147 0.35827811046213864 0.4405614539884948 0.3849851878350241 0.49134880669042114 0.4349789907262131
2 0.3903879304575699 0.29330779385326355 0.34703304741509255 0.2547701149847106 0.3235847697457344 0.2811494239039124 0.3669396527882118 0.31968710277246537
3 0.6514341310421774 0.5841981434769811 0.5603447516765859 0.49606916460132555 0.5149235825314524 0.5430161071425226 0.6060129618970439 0.6311450860181782
3 0.4883570768566044 0.47850055994928936 0.3926541954357114 0.37317675199355516 0.3406004304414347 0.4204756048877841 0.4363033118623277 0.5257994128435184
3 0.27057735679052064 0.2642278276205321 0.17789627694867338 0.18009181316853612 0.13550217193445446 0.22679157018980864 0.22818325177630175 0.3109275846418046
2 0.824032368864844 0.5611107610625082 0.7638529226651498 0.5035030787634885 0.7328639616574715 0.5358754714257384 0.7930434078571656 0.5934831537247581
2 0.9172412664247049 0.6443242003702884 0.8513786737199068 0.5720811717757909 0.8156775434722408 0.6046292119998696 0.8815401361770389 0.6768722405943671
2 0.5427520894914311 0.2617942686665113 0.4890949661502427 0.21886856256411236 0.46233344736849674 0.2523204552515438 0.515990570709685 0.2952461613539427
2 1.02600014657469 0.726589600152911 0.9430146404422683 0.6651188844228789 0.9128256870268517 0.7058739911274928 0.9958111931592734 0.7673447068575249
3 0.11295263725315544 0.14477198951905154 0.06662410813701994 0.09770808918756975 0.04215624362646818 0.12179364447310351 0.08848477274260368 0.1688575448045853
1 0.30920285821837273 0.22746744517597653 0.16100910343699837 0.09922281952805291 0.1173643889382409 0.14965669997532044 0.2655581437196152 0.2779013256232441