0 0.7171601810146078 0.07153917346950898 0.6989531130943696 0.06949087525603986 0.6954817430999467 0.10034745114383072 0.7136888110201849 0.10239574935729985
2 0.8885951112979111 0.4521672316685402 0.8182727729111501 0.4060182047092098 0.7919141053688067 0.44618379996586227 0.8622364437555677 0.49233282692519265
2 0.0020833341346153905 0.04537037019230769 5.55626786321401e-18 0.04537037019230769 6.350020478184495e-18 0.05833333413461539 0.0020833341346153914 0.05833333413461539
0 0.19381551008186043 0.3228694409051048 0.1870212108311709 0.2831820893159184 0.17615313549262585 0.2850426557979921 0.18294743474331537 0.3247300073871785
2 0.9889658126066707 0.5398131229274525 0.9285711788105478 0.48846309313903125 0.8986915059994273 0.5236056608222637 0.9590861397955501 0.574955690610685
2 0.30212733619627163 0.21177185386004993 0.2601268160331021 0.1702898570417051 0.23595172532540054 0.19476713544181917 0.27795224548857 0.23624913226016397
2 0.24853539891137502 0.16835343591600324 0.21027517889566041 0.1294858871958289 0.1931476646907662 0.14634577374332786 0.23140788470648083 0.18521332246350222
3 0.2549806799067451 0.23055056576118227 0.21330047879711594 0.1448745918039715 0.1790956013916472 0.16151480146067373 0.22077580250127637 0.2471907754178845
3 0.23841931984411663 0.27270514790128536 0.19442358452258574 0.16096994762188738 0.1436496870884838 0.18096216983268146 0.1876454224100147 0.2926973701120794
3 0.179483734249971 0.17297043929284658 0.08533766488638507 0.0908640172682429 0.04382437845255008 0.13846459037492498 0.137970447816136 0.22057101239952864
2 0.8224698697679307 0.5509255712424804 0.7622904190169731 0.4933178948129128 0.7313014616977864 0.5256902893685862 0.791480912448744 0.5832979657981537
2 0.9146370998228294 0.6313612408932875 0.8487745068660355 0.5591182073335319 0.8130733753788176 0.5916662465751935 0.8789359683356115 0.6639092801349491
2 0.886305918379634 0.5146377402913076 0.8200877763261685 0.45887507995936405 0.7885852835317954 0.496284280497472 0.8548034255852609 0.5520469408294155
2 1.0233329422846678 0.7038096716919363 0.9344509578976022 0.6574593632019153 0.9084799828687191 0.7072616595022955 0.9973619672557847 0.7536119679923166
3 0.08378597016692103 0.11421643543236405 0.03745743986778915 0.06715253389910819 0.012989575363595959 0.09123808917838275 0.05931810566272785 0.1383019907116386
1 0.1936832062409784 0.11980744550435195 0.05598961197558973 0.006099187252292373 0.018212916032768235 0.051844405091328274 0.15590651029815691 0.16555266334338786