2 0.755802188043175 0.8301268875944441 0.6824527455198288 0.7599120271725052 0.6471587752942345 0.7967816161017747 0.7205082178175807 0.8669964765237137
2 0.5451383920640137 0.6612674256146247 0.5351517493275216 0.6043903655174062 0.466124272578889 0.6165104144107882 0.4761109153153811 0.6733874745080066
2 0.22361368564145673 0.7524645568623851 0.1832576032915987 0.7297642604314538 0.1282640947039949 0.8275304974504973 0.16862017705385293 0.8502307938814285
2 0.13495126739933355 0.8987976056713364 0.09239812574812192 0.8791033107810164 0.04223598628909587 0.9874878270998486 0.08478912794030749 1.0071821219901684
2 0.1144589725107348 0.7138888617220295 0.07585820587906422 0.6905555621211025 0.0031540615832356548 0.8108315520204085 0.04175482821490623 0.8341648516213355
2 0.2977815775745383 0.46363311049032874 0.2629888674227445 0.43030968509302514 0.19768986496832702 0.49848782820137605 0.23248257512012083 0.5318112535986798
3 1.0593233519546794 0.6592891833945254 0.7838221207960795 0.45454509587530134 0.7102323027598475 0.5535666877335553 0.9857335339184475 0.7583107752527793
2 0.804829141807897 0.4761545029695276 0.7952354531248045 0.4383793544025177 0.745740138538989 0.4509495932346883 0.7553338272220815 0.4887247418016983
2 0.8520490426160237 0.4043080292742394 0.8063048840545759 0.37214416623938185 0.7830005488405601 0.40528810806141186 0.828744707402008 0.43745197109626943
2 0.6437203550493732 0.15854495013252692 0.6374223743786399 0.1266614242132294 0.5932029598281403 0.1353961237196484 0.5995009404988735 0.16727964963894595
2 0.7002609877569245 0.1539387037295899 0.6948002433062203 0.11996079426609087 0.6584620384066622 0.12580087253715055 0.6639227828573664 0.1597787820006496
2 0.7971443383808499 0.19207672197183123 0.7834709466330344 0.1628498494182603 0.7485838370147098 0.17917130549899493 0.7622572287625253 0.20839817805256589
3 0.9955521421421996 0.12749947201505515 0.8972134092281208 0.11643636403034098 0.8887602542105171 0.1915755161299135 0.9870989871245958 0.20263862411462769
3 0.24010416586538474 0.9546296298076923 0.17708333413461552 0.9546296298076923 0.17708333413461552 1 0.24010416586538474 1