2 0.9224765355369164 0.6143472033577974 0.8552282594084537 0.5631104215456353 0.8245571298421807 0.6033662791013688 0.8918054059706434 0.6546030609135307
3 0.3302439121909674 0.14951370721925772 0.2425937743850565 0.08025928067746078 0.20005522486447638 0.13409713500280354 0.28770536267038727 0.20335156154460046
2 0.823415949662417 0.5462771375122334 0.7571910912291498 0.48741060131377156 0.727306035138748 0.521031292060458 0.7935308935720152 0.5798978282589198
2 0.20788475187925018 0.11068709858992803 0.1802113423041073 0.0760668637573698 0.15676213997557567 0.09481079728024647 0.18443554955071856 0.12943103211280468
2 1.0256711869883646 0.7045890659532125 0.9461515592520306 0.6362610961676237 0.9143499039964401 0.6732716468287842 0.993869531732774 0.7415996166143729
3 1.005994253343503 0.10452478613180044 0.9268661290946635 0.09813059712386601 0.9208516020742386 0.17256040218274457 0.9999797263230781 0.17895459119067897
2 0.31080752217512975 0.8196464281965318 0.2728834816586532 0.8041320478496308 0.22914085632123254 0.9110584644064321 0.267064896837709 0.9265728447533333
2 0.21966364777722028 0.7510507359727181 0.17937666705641384 0.7301060841764406 0.1266991295340914 0.831431184217423 0.16698611025489785 0.8523758360137005
2 0.6457238844863104 0.1381326705435937 0.6428576761791711 0.10696263939107105 0.5994197580134375 0.11095692869037406 0.6022859663205767 0.14212695984289672
3 0.24791666586538474 0.9425925937499999 0.1810363245192309 0.9425925937499999 0.1810363245192309 1 0.24791666586538474 1
2 1.0360829968733325 0.9561478489394954 0.9606968380018066 0.8891379311506952 0.9243749999486076 0.92999999969724 0.9997611588201335 0.9970099174860404
3 0.38090094783600914 0.0015928506356570422 0.299974504608438 -0.0013921423084524496 0.2966231299172943 0.08946731322639988 0.37754957314486537 0.09245230617050937
2 0.719289217069936 0.1267320260539659 0.7122794122931193 0.09518790819799709 0.674999999168552 0.10347222318156116 0.6820098039453687 0.13501634103752996
2 0.175 1.9709159423777714e-17 0.1427083341346154 1.773186516171876e-17 0.1427083341346154 0.03055555528846156 0.175 0.030555555288461562
2 0.5406565441903898 0.17352368734446139 0.49749369346259886 0.14696192892471963 0.4798812297897861 0.17558217794758713 0.523044080517577 0.2021439363673289
2 0.3584797275512223 0.10362262049865634 0.3268120683509271 0.08110339726110141 0.3101945983371261 0.10447171559148585 0.34186225753742144 0.12699093882904078
2 0.4939859569051822 0.2309878254757136 0.45657803929258645 0.19732069768204333 0.4326973977627964 0.2238547422954443 0.4701053153753922 0.2575218700891146
2 0.9164244344154936 0.4338244216494693 0.8551633977686794 0.3823954043934742 0.8313897428247456 0.4107140234232644 0.8926507794715598 0.4621430406792596
2 0.87839800022378 0.45100166331289065 0.8168774105911492 0.4041287944851317 0.7890119433511269 0.44070219009474065 0.8505325329837577 0.4875750589224995