3 0.9615911933043618 0.47802795344251486 0.8944448590304848 0.3259522277496688 0.8066069963938087 0.3647354751064334 0.8737533306676858 0.5168112007992794
1 0.1316381900321172 0.08070089369687262 0.012550665921274547 -0.015531449069431387 -0.026582721057117936 0.032896117290930234 0.09250480305372474 0.12912846005723425
2 0.43745054515985526 0.3899027373327536 0.4077769547785716 0.37321134123864863 0.37750834510642733 0.42702219802727803 0.407181935487711 0.443713594121383
1 0.24201768557429554 0.23889206741166694 0.11556152934717688 0.1137004754060465 0.06996082225522841 0.15976179667934437 0.1964169784823471 0.28495338868496484
2 0.9994791658653847 0.6740740745192307 0.9557291658653846 0.6740740745192307 0.9557291658653846 0.7435185192307692 0.9994791658653847 0.7435185192307692
2 0.6064583339258968 0.21135416681397942 0.585677084666813 0.18463541611501488 0.5449639428935676 0.21630119109239873 0.5657451921526513 0.24301994179136327
2 0.8304296685896495 0.5445850145023305 0.7603733288421056 0.4929445681737734 0.7328253660336326 0.5303166201034611 0.8028817057811766 0.5819570664320183
0 0.18075585041212783 0.30944901109139705 0.1758432846248596 0.27451520237969357 0.16294726715969785 0.2763287044433876 0.1678598329469661 0.3112625131550911
2 0.266367906334802 0.678853351237347 0.22682640325943296 0.6582962638480101 0.1751857383059696 0.7576269459333834 0.2147272413813386 0.7781840333227206
2 0.6784367310967216 0.27060557736830987 0.655868562748351 0.24340287145909079 0.6141915691046093 0.27797933646021283 0.6367597374529796 0.3051820423694319
2 0.27350075826513087 0.2391882807887895 0.2297572049323399 0.20289733682663857 0.20615769613442458 0.23134317645004238 0.24990124946721554 0.2676341204121933
0 0.4125 4.9517402678335937e-17 0.3942708341346154 4.840118819692746e-17 0.3942708341346154 0.012962963942307741 0.4125 0.012962963942307743
2 0.30002223513089843 0.21699413336516646 0.2579333467366217 0.1813633270048872 0.23675517418749445 0.2063800423663625 0.27884406258177113 0.24201084872664178
0 0.7470486145357689 0.9958333312478043 0.7271760848683844 0.9428399289924865 0.7075413823396473 0.9502029438567272 0.7274139120070319 1.003196346112045
2 0.9329990379984956 0.6263893238905509 0.8640444384966818 0.5691825460268611 0.8314358603028045 0.6084875293461465 0.9003904598046183 0.6656943072098362