2 0.9293478753093289 0.6320012051785663 0.8596836789046323 0.5832128108347411 0.8306262549603054 0.6247034586803453 0.9002904513650022 0.6734918530241705
3 0.34222307805635216 0.15784704135387323 0.2545729402504413 0.08859261481207609 0.21203439282310416 0.14243046648815788 0.299684530629015 0.21168489302995505
2 0.8296634341237611 0.5602136980117269 0.7625784281537974 0.5036107459949344 0.7348937547185805 0.5364222234268363 0.8019787606885443 0.5930251754436289
2 0.22246808737656787 0.11902043094474998 0.19479467547022675 0.08440019792629326 0.17134547391219973 0.10314413339443834 0.19901888581854085 0.13776436641289505
2 1.028559292988934 0.724962519591877 0.953901782274182 0.6571255688574825 0.9210997563371437 0.6932256231250805 0.9957572670518957 0.7610625738594751
3 0.984138993948121 0.42097044009331613 0.8562831327164535 0.34148109968258156 0.8019352695968838 0.428897762210517 0.9297911308285514 0.5083871026212516
3 1 0.4629629639423078 0.9666666658653846 0.4629629639423078 0.9666666658653846 0.5578703701923078 1 0.5578703701923078
2 0.298694095842418 0.23569394236753693 0.25982361409484833 0.1956087533350234 0.2357130305551832 0.21898871037206374 0.27458351230275285 0.25907389940457726
2 0.2697777791430403 0.2654907404092033 0.2364444445139195 0.22104629606854392 0.20899999948571432 0.24162963068791207 0.2423333341148352 0.2860740750285714
1 0.23957920981030767 0.2524733537046498 0.11312642710509516 0.12893232083416473 0.06900262968917664 0.1740960760426333 0.19545541239438918 0.2976371089131184
2 0.2106788796032055 0.15115900419668996 0.1784339080935449 0.12249680690550235 0.17291666586538462 0.12870370432692307 0.20516163737504522 0.15736590161811068
3 0.10366273427004583 0.1709529838814605 0.06257153054522419 0.10520703137049842 0.02840590234333431 0.12656054037314446 0.06949710606815597 0.19230649288410656
2 0.09520260999564112 0.13874032703586045 0.09100898645120405 0.0977360082931274 0.07465541876267505 0.09940853227589239 0.07884904230711214 0.14041285101862544
1 0.23687060682903535 0.18614496613902326 0.11035679807501995 0.08213875058448962 0.07855094907542697 0.1208275835175921 0.2050647578294424 0.22483379907212575
2 0.31364044588696266 0.8330449798024044 0.2760087402737167 0.8169171055250827 0.2308728435425338 0.9222341950045162 0.26850454915577976 0.938362069281838
2 0.9191295194354718 0.540452605526906 0.8418684907063371 0.49139798222486586 0.8160409920391362 0.5320762910611567 0.8933020207682709 0.5811309143631969
2 0.08228943794807313 0.056697247261127556 0.04936385018937816 0.025708461411494597 0.029955084516325357 0.046330276688701266 0.06288067227502034 0.07731906253833422
2 0.18016959034560953 0.8409834924534498 0.138080112325079 0.819405975503021 0.08044103632679916 0.9318377547446579 0.1225305143473297 0.9534152716950868