0 0.4501403316769443 0.03297838216487992 0.4469905897515194 -0.0006189668008621615 0.42866209481591 0.0010993243948953257 0.43181183674133494 0.03469667336063741
2 0.7660046690523584 0.37721024817222665 0.7073604050458487 0.33377005094107237 0.6808620267878726 0.36954286021346294 0.7395062907943822 0.4129830574446172
2 0.008333334134615393 0.05441176442307692 6.663519313668098e-18 0.05441176442307692 8.241019090944156e-18 0.08017429086538462 0.008333334134615395 0.08017429086538462
3 0.9994791658653847 0.5907407403846154 0.9927083341346153 0.5907407403846154 0.9927083341346153 0.6314814807692308 0.9994791658653847 0.6314814807692308
0 0.24679582480248524 0.3723365970885594 0.23883748965539003 0.34246827555913156 0.2245041941167535 0.34628734418494794 0.2324625292638487 0.37615566571437575
3 0.8590107101730802 0.37503581311112444 0.7874132494007042 0.3260802848123922 0.7521700811047489 0.3776234189027103 0.8237675418771248 0.4265789472014425
2 0.8374999999999999 1.0122471199202342e-16 0.815625 9.9885254555456e-17 0.815625 0.013888889423077023 0.8374999999999999 0.013888889423077025
2 0.9547852633643825 0.5275200824367262 0.8945248720717469 0.4788248080622847 0.8665842055452188 0.5134013767231106 0.9268445968378543 0.562096651097552
2 0.3543661024318163 0.2630666950920916 0.3094195354075222 0.22577768852143937 0.2875793705797651 0.25210288520889956 0.3325259376040593 0.28939189177955177
2 0.2734021060063011 0.20225577894753574 0.23666406808978752 0.16350863610241478 0.21321099351441652 0.18574562907123432 0.24994903143093014 0.22449277191635528
3 0.38897667434035466 0.3336496690836643 0.320747605223205 0.26509099199523967 0.2832077848521804 0.3024503330373158 0.35143685396933005 0.3710090101257404
3 0.312997786457351 0.3554961508914252 0.26572260160508 0.2336312191504638 0.21195992453244078 0.25448742823745973 0.2592351093847118 0.3763523599784211
3 0.2000821712410746 0.20614410954482454 0.1097812929123235 0.11800730606626605 0.06767313131195886 0.16114937416097463 0.15797400964070998 0.2492861776395331
2 0.8214282024017857 0.5648144559416846 0.7612487471531734 0.5072067854328839 0.7302597947232552 0.5395791806275958 0.7904392499718675 0.5971868511363965
2 0.915157932866342 0.6471019800810994 0.849295341000651 0.5748589477181469 0.8135942082006895 0.6074069881566118 0.8794568000663805 0.6796500205195642
2 0.767917866784521 0.43735968484604715 0.7065701171639127 0.38569842122330944 0.6761961443986076 0.4217675133345017 0.7375438940192158 0.4734287769572394
2 1.0249391059806146 0.7286585976441621 0.9404104859809259 0.6660448026435778 0.9102215273376236 0.7067998952445328 0.9947501473373122 0.769413690245117
3 0.09055680430153644 0.12903125033621018 0.044228274002404526 0.08196734880295432 0.019760409491852777 0.1060529040884881 0.0660889397909847 0.15311680562174396
1 0.22680578350346492 0.16298374566410814 0.0939772262725657 0.042598820108961696 0.052168034566385385 0.08872963414329907 0.18499659179728462 0.20911455969844553