2 0.9238862721012902 0.6272975936687943 0.8552591922814644 0.5735332542260644 0.8245174837478999 0.6127732729298752 0.8931445635677255 0.6665376123726051
3 0.33445669812855644 0.15495642904410412 0.2456176300003521 0.08726951348568697 0.20417015487787926 0.14166931935318197 0.29300922300608356 0.20935623491159913
2 0.823059873239555 0.5529166958564841 0.7564312377011527 0.4966987819181727 0.7272696213587563 0.5312606959216043 0.7938982568971588 0.5874786098599157
2 0.2130930860138656 0.11624265387838956 0.1854196764387227 0.08162241904583133 0.16197047411019108 0.10036635256870802 0.189643883685334 0.13498658740126623
2 1.0258808115490952 0.7147540575599821 0.9453677558524466 0.648692061126644 0.9136541562575312 0.687343009453693 0.9941672119541797 0.753405005887031
3 0.5855416667236263 0.1590925949019232 0.49498611217600735 0.09117592619244505 0.4465763890410256 0.15572222104587902 0.5371319435886446 0.22363888975535715
3 0.8588577597926798 0.3666698595633785 0.7470366386964922 0.26727330858065135 0.6996803162575811 0.3205491719155049 0.8115014373537688 0.41994572289823207
1 0.7864585059084871 0.8169746627154297 0.5578125 0.5675925937500002 0.490739319978624 0.6290886539081767 0.7193853258871111 0.8784707228736062
2 1.0274535185298668 0.8633911527780201 0.9333333341346155 0.7759259254807692 0.8943179115636755 0.8179099102037009 0.9884380959589267 0.9053751375009517
3 0.1803119900901713 0.631330725653801 0.130771806437926 0.6070471904610855 0.061700452210909626 0.7479577929067353 0.11124063586315493 0.7722413280994508
2 0.3704200610802613 0.3513667452122178 0.3315196198510683 0.314897590501806 0.3069397532553299 0.34111612129917457 0.3458401944845229 0.3775852760095863
1 0.6052233525470159 0.5158549770281532 0.4291666658653846 0.3537037043269232 0.37389868369753476 0.4137112371569588 0.5499553703791661 0.5758625098581888
0 0.5795106071886051 0.7786862356481209 0.5710272571118342 0.7334416497000722 0.5522431899405642 0.7369636582308262 0.5607265400173351 0.782208244178875
2 0.3123700221751297 0.8252019834849933 0.2755411127201246 0.8101356113035193 0.2317984873827038 0.917062027860321 0.26862739683770887 0.9321284000417948
2 0.7264278118436659 0.6014334479088711 0.6645147335453827 0.5476794586331869 0.6361165837063639 0.5803880426508737 0.6980296620046471 0.6341420319265579
2 0.21914281346735864 0.7621618483533124 0.17885583145657233 0.7412171966472351 0.12629994907512007 0.8423082970281608 0.1665869310859064 0.8632529487342381
2 0.3020784350578929 0.3531539155266629 0.26352597993064614 0.31283762832957573 0.23596641796293782 0.3391914632175119 0.2745188730901846 0.3795077504145991
3 0.7592409231446394 0.31146042854618616 0.5908354656330428 0.21260607323456743 0.5440435630233674 0.2923194226563536 0.7124490205349641 0.3911737779679723
2 0.3922437809106359 0.15760341932524652 0.3507413462961693 0.12686087398397677 0.328856197597234 0.15640582359119518 0.37035863221170057 0.18714836893246495
2 0.18192346047044447 0.25045627790479363 0.1437193228635068 0.2070639204515066 0.11824455756606579 0.2294927880228432 0.15644869517300347 0.27288514547613024
2 0.7557291658653846 0.09629629567307701 0.7114583341346153 0.09629629567307701 0.7114583341346153 0.12685185096153856 0.7557291658653846 0.12685185096153856
3 0.2500000000000001 0.9472222211538461 0.1863381418269232 0.9472222211538461 0.1863381418269232 1 0.2500000000000001 1
2 0.07802801778507727 0.10656768628432264 0.043775142785900514 0.06803320635653526 0.021102730261021718 0.08818646425958113 0.05535560526019848 0.1267209441873685
3 1 0.435185185096154 0.9317708341346154 0.435185185096154 0.9317708341346154 0.5453703701923078 1 0.5453703701923078
2 0.8561859479927574 0.4962129380261928 0.7947244151593016 0.44853368678131234 0.7661635408185882 0.48535043767843206 0.827625073652044 0.5330296889233126