0 0.4041493904760036 0.019527236956971946 0.39523872858780373 -0.0023078998025835617 0.3821245145229127 0.0030438563484550627 0.3910351764111126 0.024878993108010568
2 0.6875262717962707 0.31199032197208354 0.629761678847085 0.2794977496855997 0.6079608670527654 0.3182547618469459 0.6657254600019509 0.3507473341334298
2 0.01510416586538462 0.04845679086538461 5.934245383024597e-18 0.04845679086538461 8.262586121990392e-18 0.08648148076923076 0.015104165865384624 0.08648148076923076
3 1.0000000000000002 0.5694444447115385 0.980971157908824 0.5692303699057857 0.9803866452124411 0.6211869733960719 0.9994154873036172 0.6214010482018247
0 0.2751719580008671 0.405856853043469 0.26822668888819823 0.3749889831971422 0.25365203152612975 0.37826828034684656 0.2605973006387986 0.4091361501931734
3 0.8012857528211564 0.33197334024347025 0.7354520503615376 0.286175985744172 0.7008589869812477 0.3359035184072136 0.7666926894408665 0.38170087290651183
2 0.8592486332754568 0.04960110153848204 0.8496308335631013 0.0051454750394787 0.8265906549965472 0.010130126932642165 0.8362084547089026 0.054585753431645505
2 0.8948894295038937 0.4784459969806277 0.8359869722810651 0.43084806323347596 0.8086635601000324 0.4646607939651183 0.867566017322861 0.51225872771227
2 0.4089224131443795 0.30978288678957927 0.3610165233396599 0.2671998720943832 0.33733836189174987 0.2938378027627795 0.3852442516964694 0.33642081745797553
2 0.3058621376929916 0.2279550896666381 0.26692481249866434 0.18853104942369098 0.24387971687555898 0.21129163856883187 0.2828170420698863 0.25071567881177903
3 0.46567824544012837 0.40482307143920665 0.3902593347906857 0.3326271552292756 0.3516209693686912 0.37299042759122497 0.42703988001813387 0.445186343801156
3 0.37868322412636685 0.36868878195620286 0.2893352207392382 0.2779225488123545 0.24225111186947498 0.3242709646611029 0.3315991152566036 0.4150371978049513
3 0.22351967124107458 0.2274404052179014 0.1332187929123235 0.13930360173934303 0.09051167857375725 0.18305932901162972 0.18081255690250833 0.27119613249018815
2 0.8224698700253055 0.5629626133843953 0.7622904228280144 0.5053549296738853 0.731301461655672 0.5377273222516076 0.7914809088529631 0.5953350059621176
2 0.915157932866342 0.6461760546003302 0.849295341000651 0.5739330222373777 0.8135942082006894 0.6064810626758426 0.8794568000663804 0.6787240950387952
2 0.6869989283550874 0.37135839378436786 0.6250987965596836 0.3218383054896175 0.5962596003223252 0.35788731326481654 0.6581597321177289 0.4074074015595669
2 1.0249391059806146 0.7286585976441621 0.9404104859809259 0.6660448026435778 0.9102215273376236 0.7067998952445328 0.9947501473373122 0.769413690245117
3 0.09316097016692107 0.13088310129774863 0.046832441069563184 0.08381920098534255 0.022364576565369994 0.10790475626461712 0.06869310566272788 0.1549686565770232
1 0.24887864940279872 0.182625677146855 0.11481055680720322 0.061117338255655095 0.07310074041467732 0.1071385050108484 0.2071688330102728 0.22864684390204829