2 0.6696254683261299 0.41210908249438505 0.6066713490915702 0.3736371192266116 0.583934925441566 0.41084217464495093 0.6468890446761257 0.4493141379127244
2 0.8403416895467642 0.5427279218993158 0.7785825950321345 0.49149074331994186 0.7481883646083157 0.5281266432951154 0.8099474591229454 0.5793638218744894
2 0.8341325277578877 0.4628068110447509 0.7813807396797782 0.42392202796667494 0.7562381000954578 0.4580309798518703 0.8089898881735673 0.49691576292994627
2 0.8539504075186551 0.3800314004287792 0.8077603992086513 0.3471851738763665 0.7853705450658298 0.37867090777844636 0.8315605533758337 0.4115171343308591
2 0.9988960993502876 0.6754948966222941 0.915964112327578 0.6030270206510611 0.8836626399945786 0.639992714048755 0.966594627017288 0.7124605900199881
2 0.8823492086801981 0.14543969199025278 0.8788733324388196 0.11350509331043854 0.8308037471701817 0.11873715935402378 0.83427962341156 0.150671758033838
2 0.646946857919365 0.12833576180948703 0.6396051464726166 0.09364617655781567 0.5945964288140086 0.10317183145510934 0.6019381402607571 0.1378614167067807
2 0.6989583341346154 0.09074074038461546 0.6645833341346153 0.09074074038461545 0.6645833341346153 0.12870370432692313 0.6989583341346154 0.12870370432692316
3 0.39600047762285884 0.1964283644937025 0.30796855621828134 0.12687226674149207 0.2659304539909462 0.18007673092028875 0.3539623753955237 0.24963282867249917
2 0.2227453200382041 0.11623682423022037 0.1932429645968727 0.08686558453472576 0.17320612245285366 0.1069918728692755 0.20270847789418506 0.13636311256477013
2 0.2217230447798417 0.7284833287327028 0.17974397399913103 0.7078217606864624 0.1292040610981702 0.8105060572593182 0.1711831318788809 0.8311676253055585
2 0.3055433299026345 0.8118407512174053 0.26708053903076795 0.7957687988639506 0.2229870756138762 0.9012916143205096 0.26144986648574275 0.9173635666739643
3 0.2428067971212991 0.9368881128965237 0.17636271720231317 0.9330217550157209 0.17246527644230783 0.9999999999999999 0.2389093563612938 1.0038663578808027