2 0.7096100854888892 0.4393754797065487 0.6475784004233703 0.3972101566345442 0.6231927182143179 0.43308525134961606 0.6852244032798367 0.47525057442162055
2 0.871719950539017 0.5610673984096095 0.8048100996087613 0.5126059430154248 0.7749472834438205 0.5538369906944756 0.8418571343740762 0.6022984460886602
2 0.8490373470407663 0.4698099429615715 0.7960286900089414 0.4316661482884255 0.7715714173232592 0.4656545647749966 0.8245800743550842 0.5037983594481427
2 0.8596554490711765 0.3802795596818812 0.8126469023992631 0.3489405255539041 0.7905849354991659 0.38203347272203597 0.8375934821710793 0.41337250685001314
2 1.0232140721434322 0.6906969077734924 0.9374182986058965 0.6183067113221217 0.9051316793212968 0.6565723275550461 0.9909274528588324 0.7289625240064168
2 0.8465104178054885 0.14288773068509614 0.8357638884882477 0.1106481458333334 0.7918229150811299 0.12529513837740386 0.8025694443983707 0.1575347232291666
2 0.6468490552491525 0.12573749246995092 0.6396517270175817 0.09092040290212475 0.5946852466356304 0.1002157955597138 0.6018825748672011 0.13503288512753994
2 0.7002408631082049 0.1252306735327619 0.6992028997385513 0.08832536942696637 0.6649331328377651 0.08928920819192027 0.6659710962074186 0.12619451229771578
3 0.37771401585787256 0.1727982863141308 0.28366242876291153 0.11199726130986806 0.24501619927873064 0.17177814852301068 0.3390677863736916 0.23257917352727342
2 0.21099223363113068 0.10468639181655771 0.18218874061616452 0.07481610050731627 0.16275714694018478 0.09355370727925226 0.1915606399551509 0.12342399858849372
2 0.2217230447798417 0.7284833287327028 0.17974397399913103 0.7078217606864624 0.1292040610981702 0.8105060572593182 0.1711831318788809 0.8311676253055585
2 0.3071405225087452 0.8116880410255429 0.2690326015943917 0.7952229345069625 0.22369905042107913 0.9001458744788279 0.2618069713354326 0.9166109809974083
3 0.25249457763638894 0.944769148183872 0.1966454905844344 0.9259200820288016 0.17164351923076931 1 0.22749260628272386 1.0188490661550704