3 0.9110532421274039 0.8950231452457267 0.8091435178185098 0.7931134268162394 0.7615451368840146 0.840711810496795 0.8634548611929087 0.9426215289262821
2 0.2351345964376434 0.7458403898261756 0.1976018060548381 0.7261842080041401 0.15170037413169812 0.8138313837496588 0.18923316451450342 0.8334875655716942
1 0.24625551480112448 0.251126244218958 0.12239676385606257 0.12571924743163587 0.07722048328195455 0.1703377920710714 0.20107923422701648 0.29574478885839356
3 0.18168783080975245 0.6306369737416246 0.1364771996300802 0.6006142891521757 0.05770974009835307 0.7192288171514534 0.10292037127802534 0.7492515017409024
2 0.7163136810723884 0.1732422774270378 0.7071389472971599 0.13883702279255355 0.665418251587554 0.14996254068566317 0.6745929853627823 0.18436779532014744
2 0.8375178672881604 0.5635799034855213 0.7687773255308716 0.5055323333041571 0.7397259654600895 0.5399352587636064 0.8084665072173783 0.5979828289449707
0 0.05745392927365855 0.19338201288892318 0.04622163881640281 0.16010115099479905 0.03284902860838319 0.1646144067664189 0.04408131906563894 0.19789526866054305
2 0.27833078427524194 0.7785419371538551 0.2407047215465548 0.7600984470372025 0.18093399496593457 0.8820350812337348 0.21856005769462167 0.9004785713503873
3 0.33182580972728243 0.45794195165000917 0.2942939803788724 0.41849649359960167 0.22204247405710612 0.48724284208841273 0.2595743034055161 0.5266883001388203
2 0.255566534915114 0.2502393995113358 0.23024574040274523 0.19860872837784033 0.20449439405309416 0.2112377439420664 0.22981518856546296 0.2628684150755619
0 0.7689476415209854 0.10095904681878258 0.7672760696599025 0.07718561292422178 0.7487478790806572 0.07848837810936124 0.7504194509417401 0.10226181200392204
2 0.19006006233336314 0.1358913584949599 0.1549453588468168 0.10132534326064963 0.13425249172193782 0.12234668137125082 0.16936719520848417 0.15691269660556112
0 0.38239854145277646 0.7568220445822532 0.36994217423117653 0.7508533690211459 0.35202346178143296 0.7882489453306825 0.3644798290030328 0.7942176208917899