2 0.9234924531823163 0.6245085006845799 0.8539477869479319 0.5681136046057049 0.8222075920457101 0.607254757691652 0.8917522582800945 0.663649653770527
3 0.33185253237299395 0.15310457397914823 0.2430134585019898 0.08541766380779964 0.20156598579394042 0.1398174743524899 0.29040505966494456 0.2075043845238385
2 0.8226364949058582 0.5520657765328822 0.7553520141995562 0.492257342337419 0.7254669537422255 0.5258780314726058 0.7927514344485274 0.585686465668069
2 0.20996808737656786 0.11439080113705773 0.1822946754702267 0.07977056811860095 0.15884547391219972 0.098514503586746 0.18651888581854084 0.13313473660520278
2 1.0248457983642203 0.7153210403336754 0.9435268840924761 0.6455300994694452 0.9117469868566451 0.6825593572338998 0.9930659011283893 0.7523502980981299
3 0.3629558420570164 0.06486493368216419 0.32674434649080186 -0.018328662579353592 0.26930981144063215 0.006670742480370285 0.30552130700684665 0.08986433874188805
3 0.7503430576457464 0.30394452615625145 0.7250569374241373 0.16776307464703913 0.6844856456449941 0.17529633670368566 0.7097717658666033 0.3114777882128979
1 0.9257043653846153 1.0000000000000002 0.815625 0.8648148149038462 0.7434175713719616 0.9236122927027319 0.8534969367565769 1.058797477798886
2 0.6340968939476181 0.5980176105170681 0.5843936836187635 0.5480925115353149 0.5556552592985532 0.5767032099142874 0.6053584696274078 0.6266283088960406
1 0.9594730028890256 0.8344902861034236 0.7109375 0.606481480769231 0.6406538796190281 0.683092447221353 0.8891893825080537 0.9111012525555455
2 0.30924502217512967 0.8242760580042243 0.2713209816586533 0.8087616776573233 0.22757835632123255 0.9156880942141246 0.265502396837709 0.9312024745610257
2 0.2160178134673586 0.7603099949879275 0.17573083244039095 0.7393653437933243 0.12305329777429463 0.8406904420211371 0.1633402788012623 0.8616350932157404
2 0.5539466112051268 0.6078789158154886 0.504506447931946 0.553790528538086 0.4731516319779535 0.5824507881279216 0.5225917952511344 0.6365391754053242
3 0.4829171144658106 0.1289436035274671 0.34987900866978927 0.05474370495145535 0.31073683783925776 0.1249243974318317 0.44377494363527903 0.19912429600784343
2 0.2336080272314448 0.4177827794497959 0.20610581720800691 0.4144677809657208 0.19537341748819453 0.5035069502346372 0.22287562751163242 0.5068219487187122
2 0.6545780519169496 0.13998452064660355 0.6516361464578309 0.10799131278102132 0.6081982276837643 0.11198560591070945 0.611140133142883 0.14397881377629168
3 0.24635416586538475 0.9462962956730769 0.18155715865384628 0.9462962956730769 0.18155715865384628 1 0.24635416586538475 1
2 0.23859195371013603 0.2347669208571812 0.19441091917592768 0.1954948920481856 0.17165230001817897 0.22109833983158791 0.21583333455238732 0.2603703686405835
3 0.9206057746406262 0.3815894062319219 0.791295216770496 0.3006234678236456 0.7409853096405807 0.3809733320413469 0.870295867510711 0.4619392704496232
2 0.3601083634026373 0.14063430539428456 0.3255644124039004 0.11391671785580143 0.3043033732260183 0.14140573775646134 0.3388473242247552 0.16812332529494448
2 0.9231513913020499 0.5019506030717704 0.8613003523171388 0.45324293315449854 0.8339972240684193 0.4879135887738251 0.8958482630533305 0.5366212586910971
2 1 0.1194444447115386 0.9703124999999999 0.11944444471153859 0.9703124999999999 0.1500000000000001 1 0.15000000000000013