2 0.9288326460759022 0.6304333405770615 0.8590648914130615 0.5772769560720398 0.8275010474664773 0.6187045012519317 0.897268802129318 0.6718608857569532
3 0.34193966223227734 0.1510016473669122 0.253100588361273 0.08331473719556372 0.21095169817698126 0.13863515822208225 0.29979077204798554 0.20632206839343079
2 0.8281269372855368 0.5568643657115939 0.7611663126033759 0.5008450217704268 0.7332619081355869 0.5341995065446358 0.8002225328177478 0.5902188504858028
2 0.1634621626542842 0.0671148013786592 0.13856445174778204 0.03347523198514984 0.11515111985742443 0.05080418057973523 0.14004883076392657 0.0844437499732446
2 1.0248857066785027 0.7198344181654244 0.9507767810382591 0.6524959395542798 0.9179747563168916 0.6885959949915722 0.9920836819571353 0.7559344736027167
3 0.9820556622173519 0.41726673817023924 0.8541997981740901 0.3377773960115069 0.7998519361323932 0.4251940568057212 0.9277078001756549 0.5046833989644535
3 1 0.4583333341346155 0.9635416658653846 0.4583333341346155 0.9635416658653846 0.5560185192307694 1 0.5560185192307694
2 0.298694095842418 0.23013838707907552 0.25982361409484833 0.1900531980465618 0.23571303055518317 0.2134331550836021 0.27458351230275285 0.25351834411611585
2 0.26821527798919403 0.25715740713997254 0.2348819433600733 0.21271296279931326 0.20743749948571433 0.23329629655329673 0.2407708341148351 0.277740740893956
1 0.23957920981030773 0.2469177984161883 0.11312642710509514 0.12337676554570318 0.06900262968917663 0.16854052075417178 0.19545541239438918 0.2920815536246569
2 0.07462831372752075 0.03774851700813665 0.038947224320874836 -0.004399768232375916 0.014786124632380835 0.016054073560442774 0.050467214039026737 0.05820235880095534
3 0.10366273318966576 0.16447150138362082 0.06257153054522413 0.09872555060126761 0.028405902343334274 0.1200790596039137 0.06949710498777592 0.18582501038626692
2 0.08703497554989376 0.12009927853887564 0.08334847411941536 0.0768443154901456 0.059735271797753405 0.07885680372274248 0.06342177322823181 0.12211176677147254
1 0.227293725549635 0.17441335536766214 0.1016733414036341 0.06976958293316765 0.06586003622624141 0.11276192781196367 0.19148042037224233 0.21740570024645817
2 0.7559977522210524 0.7863673647939851 0.6902651632030719 0.7216618441463651 0.6557117952642106 0.7567636764348559 0.7214443842821912 0.8214691970824758
2 0.5683336252918458 0.6024083849246861 0.5432929061702576 0.5183210337274603 0.5076374742340816 0.5289390118604443 0.5326781933556698 0.6130263630576701
2 0.4303034602818817 0.16969812334315473 0.4147093824391871 0.12811390076832677 0.3867032929058047 0.13861618055646457 0.40229737074849936 0.1802004031312926