2 0.6453162039690621 0.39876763330610976 0.5855493924186376 0.36335024987638553 0.5633497255045012 0.4008121733855585 0.6231165370549258 0.43622955681528275
2 0.8208382521519924 0.5289602082386865 0.7599876525061539 0.4797879977362046 0.729907203579043 0.5170125466455588 0.7907578032248815 0.5661847571480408
2 0.826298360086744 0.4593778330909019 0.7745108088553697 0.42211271770402053 0.749949017579785 0.45624638429308084 0.8017365688111593 0.4935114996799622
2 0.8523905257651072 0.38133286312744386 0.8060541257375604 0.3490988436956126 0.7837658501263379 0.3811382378775857 0.8301022501538847 0.41337225730941696
2 0.9798120154969397 0.6632860064516684 0.8968647753244017 0.5920128182860256 0.8655970855045381 0.6284019380080319 0.9485443256770762 0.6996751261736747
2 0.9064067926102779 0.1487660428386418 0.9052133886349564 0.11587283202030425 0.8563025103512955 0.1176473756154114 0.857495914326617 0.15054058643374899
2 0.6442323634947067 0.1339843062152753 0.6431567890470752 0.09949868390846513 0.5990165453697042 0.10087537700651111 0.6000921198173356 0.1353609993133213
2 0.7008964972104013 0.12682132541049798 0.6973730040829639 0.09236936640853385 0.6607297680599855 0.0961169672426888 0.664253261187423 0.13056892624465294
3 0.40850979100650436 0.20876973339649266 0.32209130395930813 0.13675432475400584 0.2778773910564348 0.1898110181968119 0.364295878103631 0.2618264268392987
2 0.23264115305712646 0.12457015613687569 0.20313879570841237 0.09519891996485806 0.18310195779813626 0.11532520776238729 0.21260431514685035 0.1446964439344049
2 0.2222438802238046 0.7294092603075529 0.18026481209982742 0.708747686650985 0.13052076144569408 0.8098149589644195 0.17249982956967125 0.8304765326209874
2 0.30554332990263444 0.8127666766981743 0.26752395133637846 0.796880007349077 0.22343048791948672 0.9024028228056361 0.2614498664857427 0.9182894921547333
3 0.2428085549654812 0.9387097591391627 0.177076066741294 0.9348848081889505 0.1732870360576924 1 0.2390195242818796 1.0038249509502122