2 0.9270071146224204 0.6399390243902441 0.8579437662406193 0.5846883456848031 0.8266203696646343 0.6238425914047843 0.8956837180464353 0.6790932701102252
3 0.3391441982383786 0.16421568455607127 0.25030512436737445 0.09652877438472271 0.20879388593339776 0.15101227744871618 0.2976329598044019 0.21869918762006477
2 0.8255616734103174 0.5652956339311502 0.7573677019236054 0.5105449170530553 0.730771233860588 0.5436717670406999 0.7989652053472999 0.5984224839187948
2 0.21830141910733702 0.12365006075244231 0.1906280072009959 0.08902982773398563 0.16717880710966973 0.10777376202973493 0.19485221901601082 0.1423939950481916
2 1.0261381484988106 0.7283153018323572 0.9479440265102704 0.6602279085052205 0.9159006995062569 0.69702766978602 0.9940948214947969 0.7651150631131566
3 0.8749675491579147 0.3468603477628075 0.7579173837144477 0.2775543386410669 0.7074454250515682 0.36279588099230126 0.8244955904950351 0.43210189011404193
3 1.017342652873608 0.4666132007948096 0.9244791658653845 0.41944444471153847 0.886773044092778 0.4936783707277214 0.9796365311010017 0.5408471268109926
2 0.47539152237323573 0.38923691859698156 0.42639727549223494 0.3456864607730297 0.4011099136499763 0.37413473229469985 0.45010416053097707 0.4176851901186517
2 0.4378847616055853 0.41644143923722926 0.3919619121647054 0.3733887720260839 0.3653571835837486 0.4017671519077946 0.41128003302462857 0.44481981911894
1 0.3546148560594399 0.3640630558496992 0.20854169978890325 0.2285749072921743 0.16008787060828533 0.2808141904852813 0.3061610268788219 0.41630233904280617
2 0.3367997557051771 0.26355485921831895 0.2862847277832361 0.22164609473703875 0.2607438691336872 0.2524319507220945 0.31125889705562826 0.29434071520337474
3 0.15704968298481173 0.23417902054596867 0.11854108966891667 0.16001432093656 0.08171469903514848 0.1791357157197482 0.12022329235104351 0.25330041532915687
2 0.14002155274242353 0.1551660267983399 0.11059626390495904 0.12206258003921608 0.08971623575905513 0.14062260684241512 0.11914152459651964 0.17372605360153898
1 0.2990578616414923 0.2474939640774837 0.16450483413110975 0.13484491879731592 0.1211582528088407 0.186620002506464 0.25571128031922324 0.2992690477866318
0 0.28489583413461544 0.4120370360576923 0.26979166586538467 0.4120370360576923 0.26979166586538467 0.44537037019230774 0.28489583413461544 0.44537037019230774
2 0.31644372923438924 0.8330568664005652 0.2795397473707251 0.8175703740928187 0.23521519331678892 0.923194843883389 0.27211917518045303 0.9386813361911355
2 0.50815876841203 0.2272091460353784 0.4628428586489223 0.19038998160775572 0.440730117453355 0.21760567213769916 0.4860460272164628 0.25442483656532183
2 0.23540229846188054 0.1837835263801688 0.21531968673225677 0.16593231080444493 0.21302083413461537 0.16851851923076927 0.23310344586423914 0.18636973480649313
2 0.2233094815901256 0.7686433313564305 0.18302249930847056 0.7476986779248173 0.1311028661228617 0.8475659471087286 0.17138984840451674 0.8685106005403417
2 0.07078946726838138 0.15407106657232442 0.043418163800847884 0.11664022542788142 0.018474796875648382 0.13488006307879227 0.04584610034318188 0.17231090422323525
3 1 0.49166666586538477 0.9432291658653846 0.49166666586538477 0.9432291658653846 0.6130952379807694 1 0.6130952379807694