2 0.9278548507912581 0.640513403745169 0.858720724799097 0.586351831574276 0.8277275976958813 0.6259127724436452 0.8968617236880424 0.6800743446145382
3 0.34070669823837874 0.16421568455607122 0.2518676243673745 0.09652877438472267 0.2103563859333978 0.1510122774487162 0.2991954598044021 0.21869918762006477
2 0.8259387258756854 0.5645141625260446 0.7579997287136233 0.5093137261070078 0.7301251368636633 0.5436209153149353 0.7980641340257253 0.5988213517339722
2 0.22090558737656782 0.12365006075244231 0.19323217547022672 0.0890298277339856 0.16978297391219974 0.10777376320213064 0.19745638581854083 0.14239399622058735
2 1.0251340996173264 0.7306747571374907 0.9498670984951025 0.6637707527835701 0.9174533044975125 0.7002362692014852 0.9927203056197365 0.7671402735554058
3 0.9596598280827366 0.41078525499716256 0.8318039668510688 0.3312959145864276 0.7774561037314991 0.41871257711436294 0.9053119649631669 0.49820191752509785
3 1 0.4657407403846155 0.9614583341346153 0.4657407403846155 0.9614583341346153 0.5652777788461539 1 0.5652777788461539
2 0.3179649287381367 0.26161986904966034 0.27909444582561743 0.22153467881579259 0.2549838622859524 0.244914635852833 0.2938543451984716 0.2849998260867007
2 0.29838516698577205 0.2948196878529777 0.25932095643323805 0.2548676570573428 0.234702674187155 0.2789388680058429 0.2737668847396891 0.3188908988014777
1 0.2647129828292964 0.28404607651612274 0.12891833102300418 0.16272699968514248 0.08563278919817051 0.211177294839787 0.22142744100446274 0.3324963716707673
2 0.24715032879222257 0.20512140635206885 0.21774278886543538 0.1482952476588751 0.19460570932292218 0.16026868746340656 0.2240132492497094 0.2170948461566003
3 0.10546087412060327 0.17869252104632716 0.06070546732511834 0.11504035664121609 0.027508273837369004 0.13838212220250382 0.07226368063285395 0.20203428660761485
2 0.09767622204674715 0.15065840939644187 0.09119652224358941 0.10602049361837637 0.0741333580381204 0.10849740545030727 0.08061305784127813 0.15313532122837278
1 0.2369372219426442 0.1959567406021953 0.11102106100120525 0.09244184759839902 0.07206060307710763 0.13983359141388 0.1979767640185466 0.2433484844176763
0 0.22038606633116048 0.3365138895128933 0.20595784830055947 0.3344849216937529 0.2015091316478997 0.36612024543591715 0.2159373496785007 0.3681492132550576
2 0.3160764776260402 0.8339320191740008 0.278399268096033 0.8181210474008354 0.2341895729764314 0.9234718107932534 0.2718667825064386 0.939282782566419
2 0.7444092511902008 0.4158655257563509 0.6830938056012583 0.3716742137579867 0.6590447573386805 0.4050422683263716 0.720360202927623 0.44923358032473576
2 0.17915229965551466 0.1402650082104078 0.15906968673225672 0.12241379157367575 0.1567708341346154 0.12500000000000006 0.17685344705787331 0.14285121663673211
2 0.22425149250759122 0.7698225323200453 0.18357526509429492 0.7486245354591963 0.1315664788912486 0.8484227017185666 0.17224270630454488 0.8696206985794157
2 0.04493893824990754 0.12579501424212916 0.015053874900416615 0.09217433044316291 -0.006698994308759762 0.11151022135592938 0.023186069040731165 0.14513090515489563