2 0.7449830764364661 0.8185752849629012 0.6719404118976778 0.7508255658552673 0.637938428180478 0.78748395386073 0.7109810927192662 0.855233672968364
2 0.5355364423748132 0.6586543602657738 0.5228310645876136 0.6034292791970812 0.4534907812970061 0.6193820759703947 0.4661961590842057 0.6746071570390874
2 0.22361368564145673 0.7524645568623851 0.1832576032915987 0.7297642604314538 0.1282640947039949 0.8275304974504973 0.16862017705385293 0.8502307938814285
2 0.13495126739933355 0.8987976056713364 0.09239812574812192 0.8791033107810164 0.04223598628909587 0.9874878270998486 0.08478912794030749 1.0071821219901684
2 0.12494091797553769 0.6984399273153076 0.0861249895180775 0.6745905240500084 0.01663715082134778 0.7876849669386601 0.05545307927880797 0.8115343702039592
2 0.3073557549746994 0.45911139594966893 0.27560220293890075 0.4250124107949761 0.2085424715351191 0.4874595675351704 0.24029602357091778 0.5215585526898633
3 1.0594819747735047 0.6586105190606405 0.7836033939956413 0.4547605922511041 0.7099489307879667 0.5544402394097412 0.9858275115658302 0.7582901662192776
2 0.804829141807897 0.4761545029695276 0.7952354531248045 0.4383793544025177 0.745740138538989 0.4509495932346883 0.7553338272220815 0.4887247418016983
2 0.8520490426160237 0.4043080292742394 0.8063048840545759 0.37214416623938185 0.7830005488405601 0.40528810806141186 0.828744707402008 0.43745197109626943
2 0.6437203550493732 0.15854495013252692 0.6374223743786399 0.1266614242132294 0.5932029598281403 0.1353961237196484 0.5995009404988735 0.16727964963894595
2 0.7020271534749541 0.15037149175238573 0.6933817377119914 0.11876168884935111 0.6564645211461759 0.12885870486055095 0.6651099369091387 0.16046850776358557
2 0.7919360034148359 0.19392857484697265 0.7782626131402607 0.16470170189263061 0.7433755054993354 0.18102315506590336 0.7570488957739105 0.2102500280202454
3 0.9882604761112316 0.1256476183346137 0.889921743126862 0.1145845112993766 0.8814685885481206 0.18972366600038165 0.9798073215324903 0.20078677303561873
3 0.23333333413461552 0.9694444447115385 0.177686403846154 0.9694444447115385 0.177686403846154 1 0.23333333413461552 1