3 1.0615220700783945 0.4792841053137366 0.941741948654089 0.3849573047823972 0.8780926552068492 0.46578184303384174 0.9978727766311546 0.5601086435651812
2 0.24204366991112788 0.7225531912694306 0.20246165226805918 0.7010560600660724 0.15674781712901903 0.7852275623883519 0.19632983477208774 0.8067246935917102
1 0.2417333283863168 0.24148110774266884 0.11704247521843966 0.11714448886625087 0.0713576207345495 0.16295949923024103 0.19604847390242666 0.287296118106659
2 0.7028596347579709 0.17400366280426355 0.7002239892064932 0.13651898959785974 0.6599284135603326 0.13935227706207837 0.6625640591118103 0.1768369502684822
2 0.8316859411991937 0.5499329288968131 0.7637253324613774 0.49623564875973014 0.7353996599307142 0.5320853220239538 0.8033602686685304 0.5857826021610368
0 0.1481028697154057 0.28128475129100966 0.14451432998561084 0.24938666820662256 0.13145050187585422 0.25085635107349114 0.13503904160564908 0.2827544341578782
2 0.3561554450332957 0.6349729425721333 0.31990853993363366 0.6141993627152478 0.26462308669930235 0.7106645165588397 0.30086999179896434 0.7314380964157252
2 0.27454242247012367 0.24566976894285106 0.23079887568926008 0.2093788169568196 0.20719936161779764 0.237824652386764 0.25094290839866124 0.2741156043727955
0 0.5814731889371161 0.0676455334246764 0.5656152117037466 0.05649539848950074 0.5541970428581813 0.07273457968797394 0.5700550200915507 0.0838847146231496
2 0.2886892952588307 0.21562616124016123 0.249660118149902 0.17597747528965854 0.22704387620103936 0.19824033952840014 0.26607305330996806 0.23788902547890284
0 0.5769154282081498 0.7595282924353239 0.5563543006486374 0.7168829955167066 0.5351037615852847 0.7271287922624492 0.5556648891447972 0.7697740891810665
2 1.0273375272238743 0.7108956396938495 0.9496944242197056 0.6481537534133671 0.9160339539990277 0.689808595361048 0.9936770570031962 0.7525504816415304