2 0.20045358170179786 0.24621526066266866 0.169272327331451 0.2052898668313176 0.1428169329982655 0.22544635899777696 0.17399818736861233 0.266371752829128
3 0.5568010497356917 0.20716034422383597 0.5007083269971447 0.1608838465082815 0.46410827502596474 0.2052475444712273 0.5202009977645117 0.2515240421867818
2 0.32840469177247356 0.827333399523918 0.2907281329741409 0.8100963735052477 0.24596806373394947 0.9079325883324961 0.2836446225322821 0.9251696143511665
2 0.2767686976451044 0.9368098501819795 0.2227672060384399 0.9154759378286322 0.18937500000000002 1.0000000000000002 0.2433764916066645 1.0213339123533474
0 0.5781876894942203 0.7770747447720884 0.5676824087643892 0.7397226408977897 0.5491002057810509 0.7449488862406388 0.5596054865108819 0.7823009901149375
2 0.01458333413461539 0.04641203605769231 5.683835139996443e-18 0.04641203605769231 8.171398950764505e-18 0.08703703605769232 0.014583334134615393 0.08703703605769232
2 0.29694731723435575 0.2641296780472638 0.2578933890056869 0.22250640948611297 0.23369445900340888 0.24521157676847352 0.2727483872320777 0.28683484532962433
2 0.7261872994437103 0.17991649925789294 0.7178343074108627 0.14624351187186652 0.6750204217509593 0.1568640143450397 0.6833734137838069 0.1905370017310661
2 0.2844769704929373 0.029431940316986687 0.2527580537661092 0.006212870774317066 0.23456022363595308 0.031072413808401072 0.26627914036278116 0.054291483351070695
3 0.593137834083357 0.6215384435917886 0.4739682256395017 0.4740660794400415 0.4156428982649889 0.5211976655209989 0.5348125067088442 0.668670029672746
2 0.8271573697679308 0.5648144606655575 0.7669779178161955 0.5072067830865274 0.7359889616977863 0.5395791763878169 0.7961684136495214 0.597186853966847
2 0.9188037664247047 0.6489538301779807 0.8529411737199067 0.5767108015834831 0.8172400434722408 0.6092588418075617 0.8831026361770385 0.6815018704020593
2 1.0272807792881848 0.7239116897620677 0.9466604848311679 0.6641929508303667 0.9164715261878656 0.7049480434313218 0.9970918206448824 0.7646667823630227
3 0.32701754022781215 0.3459598321768026 0.2703153003389739 0.2895301983666755 0.2392241100653825 0.32077158715992177 0.2959263499542208 0.3772012209700488
1 0.7615260110537334 0.6595047597770608 0.5355709410720948 0.439670088858624 0.46961322366027497 0.5074641296773555 0.6955682936419136 0.7272988005957923