3 0.2972669662916848 0.9376742050838961 0.24969394203335432 0.9165306411865022 0.21292418633157079 0.9992626010615092 0.2604972105899013 1.0204061649589031
2 0.3961819538131516 0.7539504120536831 0.3606263993486304 0.7346911528155999 0.3152693894292844 0.8184271686508419 0.3508249438938057 0.8376864278889248
2 0.240171978064038 0.7827883111428057 0.20259042367298669 0.7620131633207399 0.15585370771274315 0.8465583346938869 0.1934352621037945 0.8673334825159527
1 0.25713221490987176 0.27699349248743377 0.1312596975355402 0.15182339236818163 0.08623460706668633 0.19710115021068708 0.21210712444101787 0.32227125032993925
3 0.8810761460262998 0.612973028353679 0.7997095212803698 0.5382362751124988 0.7604763132044465 0.5809498474935598 0.8418429379503766 0.6556866007347399
2 0.7200325383650543 0.20195038368844484 0.7137605945249835 0.16755267515319644 0.672346371928795 0.17510398276536818 0.6786183157688657 0.20950169130061658
2 0.3652795482726138 0.4559451392178895 0.3386746328685622 0.4214099131300716 0.28121250031133377 0.4656770382890039 0.3078174157153853 0.5002122643768219
2 0.5315592327891412 0.36946407868476394 0.4732176656237852 0.365759853571895 0.4705137771185176 0.40834611332421394 0.5288553442838737 0.4120503384370829
2 0.6862505358019774 0.4607313414399246 0.628453277093755 0.4228758341895333 0.6078813033474 0.45428483581490575 0.6656785620556224 0.4921403430652971
2 0.23650892729564532 0.9018121721874892 0.1979829839744884 0.88380870249347 0.1440707940824847 0.9991763514744206 0.1825967374036416 1.0171798211684395
3 1 0.6851851850961539 0.9302083341346153 0.6851851850961539 0.9302083341346153 0.7861111105769231 1 0.7861111105769231
2 0.0036458341346153884 0.025925925480769232 3.175010165495684e-18 0.025925925480769232 4.349439969380501e-18 0.04510581971153846 0.0036458341346153893 0.04510581971153846