2 0.9244346655630259 0.6256031044724067 0.8554698418612114 0.5706426323853141 0.8238019037633594 0.6103798050292742 0.8927667274651737 0.6653402771163669
3 0.33341503237299414 0.15403049945991737 0.24457595850198985 0.08634358928856882 0.20312848579394047 0.14074339983325912 0.29196755966494475 0.20843031000460768
2 0.8232119927428847 0.5521191212128201 0.7558227560896066 0.49525945005297856 0.726753838536644 0.5297114988297709 0.7941430751899221 0.5865711699896123
2 0.21205141910733707 0.11439080113705771 0.18437800720099595 0.07977056811860096 0.16092880710966975 0.09851450241435024 0.18860221901601085 0.133134735432807
2 1.025302094844252 0.7156563922160383 0.9455646132698949 0.6474037261183299 0.9138162845232737 0.6844943179323739 0.9935537660976307 0.7527469840300822
3 0.5167929169543881 0.17322771554530056 0.47426437974582786 0.06367573638990942 0.40732731495629343 0.08966098533274823 0.4498558521648537 0.19921296448813935
3 0.8307870372596154 0.3451388882211537 0.728298610576923 0.2426504615384615 0.6793692115384615 0.29157986057692314 0.781857638221154 0.39406828725961535
1 0.8637764452497081 0.9100059983901657 0.6151041658653844 0.6277777788461539 0.5440202009050146 0.6904101110166583 0.792692480289338 0.9726383305606701
3 0.08882846742045722 0.8108922770327791 0.03281836309021587 0.7819215338747616 -0.048719174588474114 0.9395607758957427 0.007290929741767234 0.9685315190537603
2 0.42426594260971545 0.39744767631741484 0.38114177105665636 0.36064838729257287 0.35674556180654043 0.38923769814138065 0.3998697333595995 0.4260369871662226
1 0.6742879708147669 0.5743076044307258 0.4854166658653846 0.40462962980769235 0.4272004533400657 0.46943103996888447 0.6160717582894478 0.639109014591918
0 0.625 0.8037037043269231 0.6088541658653848 0.8037037043269231 0.6088541658653848 0.8453703701923078 0.625 0.8453703701923078
2 0.3113283563097452 0.8242760580042242 0.27449944685473987 0.8092096858227501 0.23075682151731908 0.9161361023795517 0.2675857309723244 0.9312024745610257
2 0.8619536283366265 0.7228424594560169 0.7894933488334784 0.6597477993248096 0.7571879819065244 0.6968484971035276 0.8296482614096725 0.7599431572347348
2 0.2181011479669842 0.7603099962379964 0.17781416757770147 0.7393653437902018 0.12525828124895327 0.8404564441149811 0.16554526163823605 0.8614010965627757
2 0.3555742143455633 0.40497174451924955 0.31434200784160243 0.36215368471073656 0.2867953001295948 0.3886801444794702 0.3280275066335557 0.43149820428798324
3 0.6865853974039455 0.2607274393653064 0.5285089535116358 0.17085656577446334 0.4844349301436879 0.24837962306386802 0.6425113740359977 0.338250496654711
2 0.3020964811632626 0.09764412478204373 0.2651841149210028 0.06847881239019785 0.24646715938455588 0.09216747062979147 0.2833795256268157 0.12133278302163736
2 0.2167385080718933 0.2869731746975864 0.17604884694777065 0.2411973191375325 0.14942528630350851 0.264862713203436 0.19011494742763116 0.3106385687634899
2 0.7180433547492773 0.13007098937793607 0.7169129418493991 0.098913967867467 0.6731367135557405 0.10050222023473943 0.6742671264556186 0.13165924174520846
3 0.24895833413461552 0.9453703701923076 0.1844270841346155 0.9453703701923076 0.1844270841346155 1 0.24895833413461552 1
2 0.11570092273658193 0.13424226660988473 0.07870465638379744 0.09493374094705037 0.05601416443220072 0.11628950206405114 0.0930104307849852 0.15559802772688547
3 1.0536530360827667 0.4745785897490133 0.9181349208022093 0.3856020546542463 0.8633107712590191 0.4691034565692499 0.9988288865395767 0.5580799916640169
2 0.7132300633152437 0.38719645320820006 0.6616583482201395 0.3479037141194971 0.6353870248111809 0.38238482277826435 0.6869587399062851 0.4216775618669673