2 0.13938568493830159 0.18221146183943226 0.1096790984102321 0.14348287529693013 0.08416200243843816 0.16305564794638544 0.11386858896650764 0.20178423448888758
3 0.6871887446924977 0.2929964218269019 0.6172461181307062 0.2491108551236954 0.5846330921816654 0.30108786866963455 0.654575718743457 0.34497343537284103
2 0.32892552681650256 0.8245556210938211 0.29124896512096676 0.8073185937496802 0.24648889588077544 0.9051548085769283 0.2841654575763112 0.9223918359210692
2 0.28224870025435583 0.9469504110347773 0.2346617828978951 0.9157823775454141 0.1823718933655138 0.9956178491225699 0.2299588107219745 1.026785882611933
0 0.5099458269967649 0.6854431995834482 0.49062500000000003 0.6453703701923075 0.47251374530431545 0.654102581618013 0.4918345723010803 0.6941754110091538
3 0.36455682658053357 0.029068764657787335 0.3261750817300338 -0.006843977535323458 0.2930854834906799 0.028520532086335537 0.33146722834117964 0.06443327427944633
2 0.155862832217412 0.13752048394652844 0.12440900396141695 0.10157325535731745 0.10162958800635964 0.12150524637142565 0.1330834162623547 0.15745247496063663
2 0.7506059114609296 0.17190317079810935 0.7435707969078069 0.13787080789154704 0.7008370293934879 0.14670466261315906 0.7078721439466106 0.18073702551972134
2 0.4041950285105615 0.11745364548630235 0.37671720068109377 0.08386963721752874 0.3501134484684171 0.10563634585657611 0.3775912762978848 0.13922035412534972
2 1.0002714238033472 0.8690730451376164 0.9147291534360249 0.7831175455798453 0.8784373081379482 0.8192349186227484 0.9639795785052704 0.9051904181805195
3 0.4851117909158071 0.49031166765824585 0.37823676189563177 0.3694024954519234 0.32544045614328154 0.41607063986541576 0.4323154851634569 0.5369798120717382
2 0.8271573688648439 0.5611107610625081 0.7669779226651497 0.5035030787634885 0.7359889616574714 0.5358754714257384 0.7961684078571655 0.5934831537247579
2 0.9203662664247048 0.6443242003702884 0.8545036737199067 0.5720811717757909 0.8188025434722407 0.6046292119998697 0.8846651361770388 0.6768722405943671
2 1.0270611899480977 0.7226687843982457 0.9456188189657839 0.6623410998688277 0.9154298614722395 0.7030961909176087 0.9968722324545533 0.7634238754470265
3 0.2474333363245604 0.26850327685768 0.195510296233786 0.2142046658388747 0.16642720397333347 0.24201536922648398 0.2183502440641079 0.2963139802452893
1 0.5954185809052716 0.4976543048385012 0.40452264965152973 0.30969523844480995 0.3452064179299278 0.3699382876906536 0.5361023491836696 0.5578973540843448