3 0.4953732526979525 0.678462182792499 0.4584378510304455 0.6314424452076713 0.38220472205492345 0.6913258342632145 0.4191401237224305 0.7383455718480421
2 0.6618668274368678 0.6543942825773175 0.6004336665657207 0.6382143527117159 0.5865143783586034 0.6910641412301219 0.6479475392297503 0.7072440710957237
2 0.23921734778890996 0.7608840220274735 0.2020932891962281 0.7414418967401173 0.1567966061659663 0.827934329538252 0.19392066475864816 0.8473764548256082
1 0.25219687057801 0.2647099940869562 0.12657220152889873 0.13978635341211212 0.08154711059216162 0.18506410962605457 0.20717177964127292 0.3099877503008987
3 0.5342090113462671 0.3506177674834679 0.4670405929346716 0.3463531082816576 0.4632597501012493 0.40590141480893815 0.5304281685128448 0.4101660740107485
2 0.7168566174244078 0.1876892698676969 0.7092095574848283 0.15327750411017774 0.668952205506854 0.1622235833597452 0.6765992654464335 0.1966353491172644
2 1 0.7083333341346154 0.9578125 0.7083333341346154 0.9578125 0.7791975312499999 1 0.7791975312499999
2 0.24558864948124567 0.5400592388434352 0.21273999442113387 0.5199021094258043 0.160307419018613 0.605347787112639 0.19315607407872484 0.62550491653027
2 0.38100193520888764 0.42790002607023314 0.3599862944590376 0.3942093282889258 0.301669041199577 0.4305865636900528 0.32268468194942707 0.46427726147136017
2 0.28209666925127225 0.7943109859257835 0.24447060747262755 0.7758674962748214 0.18562149496593455 0.8959239706568121 0.22324755674457922 0.914367460307774
3 0.6812806794812227 0.4293044159414296 0.6145328285873373 0.38862000735375946 0.5860808573860138 0.4352990177488768 0.6528287082798994 0.475983426336547
2 0.17608973182573523 0.17177986514083768 0.13872534150250804 0.13681903357605402 0.128125 0.14814814903846155 0.16548939032322713 0.1831089806032452