2 0.8902522977062026 0.44474780761285027 0.8199299578536068 0.39859879015117244 0.7930437078012307 0.43956833007940815 0.8633660476538266 0.485717347541086
0 0.18912801008186042 0.31546203225125863 0.18233371083117084 0.2757746806620723 0.17146563549262586 0.27763524714414595 0.17825993474331542 0.31732259873333224
2 0.7348986486250493 0.766163662912517 0.6573708073017692 0.7097797790530671 0.6222356723014882 0.7580905903118994 0.6997635136247683 0.8144744741713493
2 0.4734018261013455 0.2871321651209208 0.44326483942376854 0.27583079538849703 0.41807220244558685 0.3430111622785611 0.44820918912316376 0.3543125320109849
2 0.2546875 2.892590231017503e-17 0.21770833413461538 2.6661581454565916e-17 0.21770833413461538 0.021296295673076948 0.2546875 0.02129629567307695
2 1.023097205667432 0.5567216478281377 0.9714953511903671 0.5233628769345713 0.9483981455229353 0.5590913709333568 1.0000000000000002 0.5924501418269232
2 0.29770348692156207 0.2036989179173606 0.2550469116562074 0.16156896541761517 0.23138618537833222 0.18552544985256056 0.2740427606436869 0.22765540235230597
2 0.24436873513057117 0.1618719415002752 0.2061085056104137 0.12300440875174365 0.1898406824378605 0.13901804801210385 0.22810091195801793 0.1778855807606354
3 0.250636746984043 0.2196505095856563 0.20409248184566173 0.13690515331778774 0.17362759508112624 0.15404165294670916 0.2201718602195075 0.23678700921457768
3 0.23425265054996539 0.26344588898908017 0.18987135990989207 0.150731495726741 0.13909746448618096 0.17072371628089567 0.18347875512625428 0.28343810954323484
3 0.17455320300050628 0.1685181621634722 0.08432454748577167 0.08214544158959401 0.04191486282758577 0.12644842060990816 0.13214351834232035 0.21282114118378637
2 0.818824036536401 0.5407403814224538 0.7586445824885664 0.48313271206311537 0.7276556300586481 0.5155051072578272 0.7878350841064827 0.5731127766171656
2 0.9104704328663421 0.6221019800810995 0.844607841000651 0.5498589477181471 0.8089067082006896 0.5824069881566121 0.8747693000663808 0.6546500205195643
2 0.8846703272724277 0.5058228234691167 0.8184980532279097 0.4499899645597832 0.7853682388259545 0.4892549278891769 0.8515405128704725 0.5450877867985104
2 1.0223873754483594 0.6959585526056448 0.9308051251812842 0.6482001054764317 0.9048341506240044 0.6980024008724596 0.9964164008910795 0.7457608480016726
3 0.07942808508531038 0.1054222579161696 0.032476230645677145 0.05920403905818632 0.007617210718537783 0.08445765362774436 0.05456906515817101 0.13067587248572765
1 0.16397922754978736 0.09151965478920845 0.025661238007726055 -0.01696504012963399 -0.013271290840485605 0.032673935415271374 0.1250466987015757 0.1411586303341138
2 0.4708333341346154 0.17037037019230775 0.44999999999999996 0.17037037019230775 0.44999999999999996 0.22407407451923084 0.4708333341346154 0.22407407451923084