2 0.9271688514257419 0.643429649943825 0.8588181446938988 0.5868635493213474 0.82764116720591 0.6245357314519292 0.895991873937753 0.6811018320744069
3 0.34070669823837874 0.16421568455607122 0.2518676243673745 0.09652877438472267 0.2103563859333978 0.1510122774487162 0.2991954598044021 0.21869918762006477
2 0.8259387258756854 0.5645141625260446 0.7579997287136233 0.5093137261070078 0.7301251368636633 0.5436209153149353 0.7980641340257253 0.5988213517339722
2 0.22090558737656782 0.12365006075244231 0.19323217547022672 0.0890298277339856 0.16978297391219974 0.10777376320213064 0.19745638581854083 0.14239399622058735
2 1.0251340996173264 0.7306747571374907 0.9498670984951025 0.6637707527835701 0.9174533044975125 0.7002362692014852 0.9927203056197365 0.7671402735554058
3 0.9500747826208796 0.40472980685248594 0.8245122992519632 0.3266662837008625 0.7700804433762072 0.41421804567891163 0.8956429267451237 0.49228156883053514
3 1 0.4648148149038463 0.9598958341346153 0.4648148149038463 0.9598958341346153 0.5657407403846155 1 0.5657407403846155
2 0.32681909584241803 0.2699532019829215 0.2879486140948483 0.22986801295040798 0.2638380305551832 0.25324796998744836 0.3027085123027529 0.2933331590199619
2 0.30834410979740245 0.3050830134963812 0.27087284457765454 0.2629278416441837 0.24466235580650325 0.2862260547252872 0.28213362102625117 0.3283812265774847
1 0.2719565816054649 0.29155308662828827 0.13825982037316864 0.16730963103746055 0.09448027846515075 0.2144202247786063 0.22817703969744693 0.33866368036943406
2 0.25287949442535884 0.211602889000849 0.22347195938584924 0.15477672834842765 0.19966114367027465 0.16709882418309016 0.22906867870978426 0.22392498483551154
3 0.10806504912025741 0.18147027941200466 0.06330962342620455 0.11781813816319442 0.030112434533566098 0.14115991884152607 0.07486786022761895 0.2048120600903363
2 0.0989583341346154 0.1518518509615385 0.0935402598870849 0.1058316646573844 0.07473598109582205 0.10804554049849825 0.08015405534335254 0.15406572680265235
1 0.2395413866288058 0.19966044395968646 0.1136252283010041 0.09614555310454512 0.0747724175320511 0.14340635424966483 0.2006885758598528 0.24692124510480618
0 0.22421733952396206 0.37475222552690596 0.22140272897343943 0.3422278145705269 0.20804125390368738 0.34338409527157665 0.21085586445421 0.3759085062279557
2 0.31607647724882554 0.834857944128397 0.2783992678392835 0.8190469730573346 0.2341895742112543 0.9243977372367448 0.27186678362079636 0.940208708307807
2 0.7213612978316928 0.399991546818096 0.665837433613127 0.35314328818553725 0.6394986578867198 0.3843596161730182 0.6950225221052857 0.431207874805577
2 0.18227729133298606 0.1430428000582904 0.1621947029492216 0.1251915588899774 0.1598958341346154 0.12777777884615382 0.17997842251837987 0.14562902001446681
2 0.2243144671924452 0.7700548189696099 0.18375982307258293 0.7486253766825194 0.13123842954827547 0.848020703659399 0.17179307366813773 0.8694501459464894
2 0.046501436422413785 0.12764687168435015 0.016616379658488088 0.09402618282493366 -0.005136492921087532 0.11336206956233418 0.024748563842838172 0.14698275842175065