2 0.9253795503445738 0.609650769693136 0.856960138128875 0.5560491227558845 0.8249080027641512 0.5969618257644249 0.8933274149798501 0.6505634727016764
3 0.33232724711004524 0.1467359354982959 0.24467711657244598 0.07748149971643382 0.2021385598127688 0.13131935155614644 0.2897886903503681 0.20057378733800849
2 0.8209376315346177 0.5343958225455073 0.754414749387158 0.47837655251820477 0.7254574290248073 0.5127633699264297 0.791980311172267 0.5687826399537322
2 0.2068430860138656 0.1069833942630049 0.1791696776111184 0.07236316089714769 0.15572047528258684 0.09110709442002436 0.18339388368533405 0.12572732778588158
2 1.0259102018027357 0.700195680110057 0.947193228390385 0.6325573895840397 0.9153915685381088 0.6695679407613693 0.9941085419504596 0.7372062312873866
2 0.3087241880588466 0.8177945734466692 0.270800146833839 0.8022801934201829 0.2270575220575279 0.9092066128114049 0.2649815632825355 0.924720992837891
2 0.22077673766721514 0.7404262362901424 0.1807407529114416 0.7199227328567818 0.12862682550029853 0.8216825325991638 0.16866281025607208 0.8421860360325244
2 0.6452030505019638 0.1325771151811378 0.6423368419709165 0.10140708407398831 0.5988989237354968 0.10540137369754721 0.601765132266544 0.1365714048046967
3 0.24635416586538475 0.938888889423077 0.1773200745192309 0.938888889423077 0.1773200745192309 1 0.24635416586538475 1
2 0.7051715686651583 0.12512390995475114 0.6981617647058823 0.0935797921380091 0.6614828429864251 0.10173066363122173 0.6684926469457012 0.13327478144796376
2 0.7476846007583082 0.1755684436957647 0.728053427135764 0.17115142980057735 0.7172451288448898 0.21918831294092364 0.736876302467434 0.22360532683611098
2 0.33192087592791913 0.09347131151866664 0.32340772701297865 0.054121636516875946 0.288082004113797 0.06176421906819233 0.29659515302873746 0.10111389406998303
2 0.4277818609193611 0.1351657322384987 0.3898387468272802 0.11107486654539081 0.3715529988557353 0.1398749200753003 0.4094961129478162 0.16396578576840823
2 0.9441260283507292 0.445402825970741 0.8947492368418154 0.41136530865791365 0.8724090474005854 0.4437732797261661 0.9217858389094992 0.4778107970389935
2 0.9637088054223656 0.5631821986055796 0.9054365208500226 0.5160934852814586 0.8776604582268047 0.5504663638593545 0.9359327427991477 0.5975550771834757