2 0.02395833413461549 0.8425925937500001 1.0321784806134258e-16 0.8425925937500001 1.07956653882607e-16 0.9199831658653845 0.023958334134615494 0.9199831658653845
2 0.2906318031687398 0.48241592874068395 0.2585052324043087 0.45195305271420305 0.20093127482349318 0.5126713453928244 0.23305784558792425 0.5431342214193053
2 0.45066350909816344 0.41856594834696603 0.43981151607786406 0.37176673294684953 0.3747351352711582 0.38685690965735386 0.3855871282914576 0.4336561250574704
2 0.6197594506827376 0.39466160894783137 0.5517182123212467 0.3644210574018484 0.5294673523669885 0.4144854903733742 0.5975085907284794 0.44472604191935716
2 0.8170442038091481 0.4705940946395865 0.7648630484661739 0.4396719319084567 0.7423926608064235 0.47759071525118457 0.7945738161493977 0.5085128779823144
2 0.8947342182756345 0.5335225748267454 0.8451530138991785 0.5011430106881855 0.8249789115971404 0.5320346028377447 0.8745601159735964 0.5644141669763045
2 0.8553557611385881 0.4039930443461379 0.8080850554791768 0.36914851674847426 0.7839347474402459 0.40191125401597433 0.8312054530996575 0.43675578161363793
3 0.7856440994812366 0.18702288781250032 0.746265592568589 0.13386190552507876 0.6612428947810015 0.19684168408633113 0.7006214016936491 0.2500026663737527
2 0.6182291658653847 0.2601851850961539 0.5765625 0.2601851850961539 0.5765625 0.30000000000000004 0.6182291658653847 0.30000000000000004
2 0.7022785547101908 0.14814238557137088 0.6935302844393042 0.11533636921656393 0.6561102478219658 0.12531504478431482 0.6648585180928526 0.15812106113912178
2 0.6462683826684562 0.15175517522275617 0.6392340695683474 0.12010076284811069 0.5947303924537737 0.1299904678037715 0.6017647055538826 0.16164488017841697
2 0.7412445333732933 0.7099838404930734 0.6701974050572446 0.6760968661410062 0.6461006075112561 0.7266179970472023 0.7171477358273048 0.7605049713992694
3 0.5796875000000001 0.6018518509615386 0.49791666586538474 0.6018518509615385 0.49791666586538474 0.6740740745192307 0.5796875000000001 0.6740740745192307
2 0.22548583521511775 0.7504427200355502 0.18383304850348978 0.7273909247306606 0.12938755192146909 0.8257696681883788 0.17104033863309706 0.8488214634932685
2 0.40104628661435954 0.6928742648805204 0.36437045381034294 0.6677054736451793 0.31219020502578015 0.7437422631039993 0.3488660378297968 0.7689110543393404
2 0.1390751542571929 0.8998952200080849 0.09601692588911306 0.8791851489246703 0.04399573356207535 0.9873422078828706 0.0870539619301552 1.0080522789662854
3 1.0587972884240386 0.6559483303964052 0.883735794687299 0.5278740757508567 0.8134989916255996 0.6238790042456851 0.9885604853623391 0.7519532588912335
2 0.24895833413461552 0.9472222211538461 0.19605654807692321 0.9472222211538461 0.19605654807692321 1 0.24895833413461552 1