3 0.9570910173088821 0.4823490794013527 0.8906012128926414 0.32852183174841154 0.8025828488638443 0.3665666118417015 0.8690726532800852 0.5203938594946427
1 0.21298512737987496 0.15232955655081054 0.08832947494889239 0.05042128340606651 0.04934578439888197 0.0981066894061947 0.17400143682986452 0.20001496255093873
2 0.39933189690466947 0.08551724118740284 0.37172413661495024 0.06097701099858228 0.35264367687501913 0.08244252923800074 0.3802514371647383 0.10698275942682131
1 0.24032364184464264 0.2429811707495063 0.11347819838717635 0.11740417784075327 0.06787749307107091 0.16346549491654588 0.19472293652853717 0.2890424878252989
2 1.028984089671117 0.7194662533891866 0.9493451586989662 0.652047042747411 0.9162515460210883 0.6911388670299031 0.9958904769932393 0.7585580776716788
2 0.5186432151229904 0.32649545980274625 0.4958339918456129 0.32221872858773004 0.4826369215785458 0.392603072890657 0.5054461448559233 0.39687980410567314
2 0.8293880027242649 0.549214644310023 0.7593316618286126 0.49757419713516354 0.7317836990201394 0.5349462490648513 0.8018400399157918 0.5865866962397107
0 0.1812766849191671 0.3159304908862304 0.17636411533797894 0.2809966829074563 0.1634680965476928 0.2828101865960917 0.16838066612888092 0.31774399457486585
2 0.45222723851867513 0.3259411777686703 0.42471278621834974 0.3170972482210399 0.40429552042374345 0.3806176418179428 0.43180997272406885 0.38946157136557313
3 0.29675416328532045 0.11048527464790066 0.21103269053257126 0.05101454841477383 0.1724903878836425 0.10656966192384679 0.25821186063639173 0.16604038815697358
2 0.2724590897946484 0.2428919829544466 0.2287155390669553 0.20660104115356165 0.20511603047029153 0.23504688053438524 0.24885958119798463 0.2713378223352702
2 0.48451718551213124 0.6391416745983857 0.45916017810886933 0.5940625347216021 0.40297817939700664 0.6256648980577413 0.42833518680026855 0.6707440379345248
2 0.30054306926551383 0.22254968865362804 0.2584541808712371 0.18691888229334871 0.23727600832210985 0.21193559765482403 0.2793648967163866 0.24756640401510335
3 0.08416017672266353 0.14498846030225584 0.0458286956367661 0.07684360842760501 0.011011683001929725 0.09642817900873404 0.04934316408782714 0.1645730308833849
2 0.9303948711531036 0.631018954879502 0.8614402716512898 0.573812177015812 0.8288316944374196 0.6131171591538386 0.8977862939392334 0.6703239370175285
2 0.06112499909999979 0.06992592702115395 0.035916668176923225 0.03631481427596162 0.014916666188461613 0.05206481349567287 0.04012499711153818 0.0856759262408652
3 1 0.4611111105769232 0.9744791658653846 0.4611111105769232 0.9744791658653846 0.5574074062500002 1 0.5574074062500002