2 0.9251634671223368 0.6240765904506831 0.8546691389029087 0.5688493930001551 0.822632240113914 0.6097426441992057 0.893126568333342 0.6649698416497334
3 0.33289419823837874 0.15403049945991737 0.24405512436737442 0.08634358928856886 0.20260765165932504 0.14074339983325918 0.29144672553032935 0.20843031000460768
2 0.8234285872565095 0.550936491135652 0.7558872307049739 0.49394846880548565 0.7266017186383871 0.5286572221786766 0.7941430751899226 0.5856452445088429
2 0.2115305873765678 0.1143908011370577 0.18385717547022667 0.07977056811860098 0.1604079739121997 0.09851450358674606 0.18808138581854086 0.13313473660520275
2 1.025158093153785 0.7141270936378566 0.9450437778958709 0.6455518760173706 0.9132954501701653 0.6826424697418434 0.9934097654280793 0.7512176873623294
3 0.4538387733285981 0.13224793412759153 0.4122228779285781 0.028066647362832632 0.3503295901664503 0.05279032538082522 0.39194548556647035 0.1569716121455841
3 0.7977591905672555 0.3249483010497727 0.7156598056494194 0.21110381881155582 0.666187957054009 0.2467806321324922 0.7482873419718451 0.36062511437070904
1 0.9301283452378404 0.9977777232597541 0.6932291658653846 0.7148148149038461 0.6201744948922008 0.7759768650941979 0.8570736742646565 1.058939773450106
2 0.5009507881891571 0.4727138471498093 0.4571083057277559 0.4293097927000333 0.4295842324705665 0.4571118889406271 0.47342671493196764 0.5005159433904031
1 0.7746874642695306 0.661791682311618 0.5625000000000001 0.475 0.5007081752265622 0.5451929039291459 0.7128956394960926 0.7319845862407639
0 0.7011354359515445 0.9497408636040745 0.6949157322695061 0.90551188515963 0.6753801805068443 0.9082590737111699 0.6815998841888825 0.9524880521556144
2 0.31028668838513657 0.8242760571618144 0.27236264786866016 0.8087616768149134 0.22862002253123934 0.9156880933717146 0.2665440630477157 0.9312024737186158
2 0.21705948159012564 0.7603099972218151 0.1767724993084707 0.7393653437902018 0.1242166129797225 0.840456444114981 0.16450359526137748 0.8614010975465943
2 0.4281692858997913 0.47866075808915104 0.3833672650788931 0.43245867835817625 0.35515796572082675 0.4598131529736499 0.39995998654172493 0.5060152327046247
3 0.60447238388722 0.20522133008166096 0.4551590027064949 0.12573749945543916 0.41552885651906407 0.20018422751712867 0.5648422376997893 0.27966805814335044
2 0.19180289398009823 0.04112743641702972 0.1819199067647291 0.0034779433135772287 0.14842902420448537 0.012269295783179666 0.15831201141985446 0.049918788886632155
2 0.2379869639295389 0.36175552622085533 0.21349543964797357 0.29209072418819787 0.18829037673958424 0.30095187633716713 0.2127819010211496 0.3706166783698246
2 0.6839727699474902 0.13423142899002655 0.6809343794249989 0.10232833902136974 0.6368621248154857 0.10652569798697233 0.639900515337977 0.13842878795562913
3 0.24739583413461552 0.9453703701923076 0.18286458413461554 0.9453703701923076 0.18286458413461554 1 0.24739583413461552 1
2 0.16389008383456774 0.17607918622370355 0.12618893786761823 0.1336653888543859 0.10080459672699658 0.15622924330684596 0.13850574269394608 0.19864304067616362
3 1.006830843205828 0.43970603704129013 0.8678464325185739 0.3510466994999834 0.8147737920363066 0.4342445877946909 0.9537582027235606 0.5229039253359976
2 0.5565574406636837 0.27521254914275084 0.5123184026096326 0.24462753854044672 0.4896275362422115 0.2774482595714249 0.5338665742962627 0.308033270173729