2 0.9243357788963158 0.6267238241587152 0.8546137017688247 0.5721016337467648 0.8234224864402344 0.6119154219606547 0.8931445635677255 0.6665376123726051
3 0.3339358663977872 0.15495642904410392 0.2450967982695829 0.08726951348568689 0.20364932314711004 0.14166931935318197 0.29248839127531434 0.209356234911599
2 0.8229908319550099 0.5534480641923429 0.7559636536467764 0.4959228354638438 0.7267715974950596 0.5299368010944701 0.793798775803293 0.5874620298229692
2 0.2130930860138656 0.11624265387838956 0.1854196764387227 0.08162241904583133 0.16197047411019108 0.10036635256870802 0.189643883685334 0.13498658740126623
2 1.0258808115490952 0.7147540575599821 0.9453677558524466 0.648692061126644 0.9136541562575312 0.687343009453693 0.9941672119541797 0.753405005887031
3 0.5477088807006928 0.19500518689847135 0.5040168971982655 0.08245622673630958 0.4370798333883132 0.10844147869662568 0.4807718168907404 0.22099043885878744
3 0.8508095454942921 0.3611714796057273 0.7403673204292386 0.25936466604196473 0.6917972460100456 0.31205452934930883 0.8022394710750991 0.4138613429130714
1 0.8080863169107639 0.8440135015205287 0.5765624999999999 0.5870370360576923 0.5080325051061636 0.6487793670611155 0.7395563220169277 0.9057558325239518
2 1 0.8268518509615385 0.9697916658653847 0.8268518509615385 0.9697916658653847 0.91218434375 1 0.91218434375
3 0.15473140308494931 0.6807158415627844 0.10230513285752174 0.655762952960412 0.03058188218447513 0.8064542248726015 0.0830081524119027 0.8314071134749739
2 0.3860835747913925 0.3649919305922715 0.3457114382283801 0.3290354996047472 0.32177820795500944 0.35590790085407586 0.36215034451802186 0.3918643318416001
1 0.6260590293251275 0.5335456427052837 0.4468750000000001 0.3694444447115385 0.39096054345405257 0.4304980978470232 0.57014457277918 0.5945992958407683
0 0.5940339721504175 0.8003780551056038 0.5867291935258228 0.7549260868572987 0.5683062312448535 0.7578869192757443 0.5756110098694484 0.8033388875240492
2 0.3123700221751298 0.8242760580042242 0.2755411127201245 0.8092096858227502 0.23179848738270373 0.9161361023795517 0.26862739683770903 0.9312024745610257
2 0.7669683909588986 0.6368422751410214 0.7023599142069984 0.579412515769184 0.6722449716850675 0.6132918247736914 0.7368534484369675 0.6707215841455288
2 0.21862198140036188 0.7612359220526905 0.17833499878718317 0.7402912692725945 0.12577911399910655 0.8413823706103821 0.16606609661228525 0.8623270233904782
2 0.3177034338571714 0.3679687291748529 0.2791509799306461 0.3276524432334219 0.2515914179629378 0.35400627812135804 0.29014387188946317 0.3943225640627891
3 0.7365576460634669 0.295255055429399 0.5729147487332253 0.19779128366917428 0.5267483872999247 0.27530518455458586 0.6903912846301663 0.37276895631481055
2 0.3630065561854192 0.13239894043944458 0.32126638547282566 0.10766403635339773 0.3020447323027662 0.14010059167237068 0.34378490301535974 0.16483549575841752
2 0.19436806517309202 0.2605250957230324 0.1538082911459007 0.2177472023696831 0.129532405281071 0.24076433500064967 0.17009217930826234 0.2835422283539989
2 0.7421184378971302 0.12733978524667425 0.7408013130239302 0.09622269515718432 0.6995725787486202 0.09796782592771566 0.7008897036218202 0.12908491601720556
3 0.24947916586538474 0.9462962956730769 0.18528645913461553 0.9462962956730769 0.18528645913461553 1 0.24947916586538474 1
2 0.08879776649365276 0.1168354817757189 0.05314514449114132 0.07722145390034708 0.030873043610737585 0.0972663429580565 0.066525665613249 0.13688037083342833
3 1 0.42592592548076935 0.9171875 0.42592592548076935 0.9171875 0.5564814807692309 1 0.5564814807692309
2 0.8087938483119206 0.4578438282556864 0.7487723963943272 0.4143715013208894 0.7219398491489885 0.4514187117618728 0.7819613010665818 0.49489103869666984