3 0.9555996315323101 0.48580406803289694 0.890519645457598 0.331540396410218 0.802312391303794 0.36875283153272176 0.8673923773785059 0.5230165031554007
1 0.22392262620194195 0.16621844501090566 0.09759361964904929 0.06294217430168766 0.059573674875737274 0.10944871272939305 0.18590268142862992 0.21272498343861107
2 0.2970652278595802 0.01136416428498582 0.26762294336206793 -0.007329346292205992 0.2522102441775306 0.016945659324951547 0.28165252867504276 0.03563916990214336
1 0.24136530759881641 0.24668487420342117 0.11451986266941713 0.12110788313055736 0.06891915766279061 0.16716920110164668 0.19576460259218986 0.2927461921745105
2 1.0289840890349962 0.7222440260302304 0.9493451551711399 0.6548248219054329 0.9162515438267516 0.6939166498109264 0.9958904776906077 0.7613358539357239
2 0.51730043740601 0.48824172823159134 0.5098366775169734 0.4086282320016209 0.4853126380770725 0.4109273590410861 0.492776397966109 0.49054085527105656
2 0.8288671685896495 0.5510664952715613 0.7588108288421055 0.499426048943004 0.7312628660336326 0.5367981008726919 0.8013192057811764 0.5884385472012492
0 0.1812766852506529 0.31778234420499984 0.17636411566946475 0.28284853622622574 0.16346809687917857 0.2846620399148612 0.16838066646036673 0.31959584789363527
2 0.4536458341346154 0.2148148149038462 0.43281250000000004 0.2148148149038462 0.43281250000000004 0.2694444447115385 0.4536458341346154 0.2694444447115385
3 0.3330726428994954 0.1458218035702366 0.252486689599595 0.07593696857694959 0.20753941735202786 0.1277667937836384 0.2881253706519282 0.1976516287769254
2 0.27297992392926385 0.24659568728136974 0.22923637202031186 0.21030474450047754 0.2056368634236481 0.23875058388130113 0.24938041533260005 0.27504152666219334
2 0.6127769504226813 0.6378390882806327 0.5513352033595399 0.6066305782991841 0.5271947374563889 0.6541571151601069 0.5886364845195303 0.6853656251415555
2 0.3010639034001292 0.22532746749978186 0.2589750124201136 0.18969665895051724 0.23779684005287904 0.2147133740971318 0.2798857310328946 0.2503441826463964
3 0.09991036394781282 0.16187767643050013 0.061453693974327615 0.09351027679755819 0.026636683155969246 0.11309484929400455 0.06509335312945444 0.1814622489269465
2 0.9309157041064603 0.6337967327456485 0.8619611043620665 0.5765899546807071 0.829352526168189 0.6158949379999925 0.8983071259125828 0.6731017160649339
2 0.09052901771079773 0.09651750361418904 0.06335591276393394 0.06340027644882663 0.04292635236874262 0.0801629898808692 0.07009945731560642 0.11328021704623162
3 1 0.45462962980769245 0.9630208341346154 0.45462962980769245 0.9630208341346154 0.5572984759615386 1 0.5572984759615386
2 0.12633573082720428 0.03624756892313135 0.10257366881528666 0.0052688809413499954 0.08215402834922216 0.020931673481209726 0.10591609036113979 0.05191036146299108