3 0.4699476230227281 0.6860479083867165 0.42752124769298017 0.6473238357217338 0.35569073097937726 0.7260218716588693 0.39811710630912517 0.7647459443238519
2 0.618385038946048 0.6387102675183253 0.5597877383111837 0.6312693444397911 0.5529111408299365 0.685422578615271 0.6115084414648009 0.6928635016938052
2 0.23921734877685746 0.7627358735064068 0.2020932891962281 0.7432937477016558 0.15679660517801877 0.8297861823862417 0.19392066475864814 0.8492283081909929
1 0.2527177032483108 0.26656184467035665 0.1270930316701556 0.14163820727202775 0.0820679400061045 0.1869159663164375 0.2076926115842597 0.31183960371476643
3 0.5725973657078868 0.36696185784125784 0.5046402177697776 0.34729466636803336 0.4892986615001815 0.400305204778317 0.5572558094382906 0.4199723962515415
2 0.7168566152447761 0.19046705030186156 0.7092095593093226 0.15605528469526073 0.6689522071966001 0.16500135932969281 0.6765992631320533 0.19941312493629362
2 0.2732729469837844 0.5056381334759382 0.2421870617392089 0.48290658063483005 0.18825184030897513 0.5566641508167041 0.21933772555355063 0.5793957036578122
2 0.4109363439788005 0.4121465323429256 0.3940841978924088 0.37761468203369064 0.33483567961226074 0.4065289937927765 0.35168782569865253 0.4410608441020115
2 0.2828636529648176 0.7960019882972207 0.24300954912621522 0.7773203759621841 0.18617102013692202 0.898575896939049 0.2260251239755244 0.9172575092740858
3 0.715019361647253 0.4577196250370541 0.6482505920972906 0.4079939326881966 0.6153791870266241 0.45213174487890473 0.6821479565765863 0.5018574372277622
2 0.16162173126373086 0.15443900642575004 0.11777441579087919 0.13105376071370964 0.10804738389140955 0.14929193710759467 0.15189469936426123 0.17267718281963507