2 0.9229745369957784 0.6187500012312382 0.8543981474554407 0.5638888895989683 0.8228263322584427 0.6033536585952161 0.8914027217987803 0.6582147702274861
3 0.33024391336029635 0.15136555910471036 0.24259377555438544 0.08211113256291343 0.20005522603380532 0.13594898688825616 0.28770536383971623 0.20520341343005308
2 0.820296040484335 0.5500934478268561 0.7560008963048548 0.4895803596571886 0.7256373177309633 0.521841655870326 0.7899324619104434 0.5823547440399935
2 0.20840558737656784 0.11346487565628847 0.1807321754702267 0.07884464263783174 0.15728297391219973 0.0975885781059768 0.18495638581854082 0.13220881112443356
2 1.0250736504570845 0.7109429156579202 0.9435473953030358 0.6408907250660983 0.9117457369947618 0.6779012751667958 0.9932719921488106 0.7479534657586177
3 0.9619302209801452 0.1688771363409038 0.959854360055866 0.09472994510052798 0.8601446555574659 0.09752146661168896 0.8622205164817451 0.17166865785206478
2 0.3097658559834553 0.8224242040967712 0.27184181269922364 0.8069098232278752 0.22809918792291248 0.9138362426190973 0.26602323120714416 0.9293506234879932
2 0.21810114796698418 0.754754440949535 0.17781416757770144 0.7338097885017404 0.12513662956552368 0.8351348854992678 0.16542360995480646 0.8560795379470624
2 0.6457238859012959 0.13998452072059803 0.6428576753783463 0.10881449244520015 0.5994197566739656 0.11280878525063215 0.6022859671969154 0.14397881352603
3 0.24739583413461552 0.9435185192307693 0.18092948798076935 0.9435185192307693 0.18092948798076935 1 0.24739583413461552 1
2 0.8459563954884489 0.7827966857873043 0.7650233461339433 0.7024017534474605 0.7303018963995596 0.7373556084135175 0.8112349457540652 0.8177505407533613
3 0.48179880806313535 0.08738600212597582 0.3876129953253567 0.03732618878394995 0.3517560579583779 0.10478978009065806 0.44594187069615665 0.15484959343268392
2 0.7252961273502763 0.13169828132854483 0.7242134133789594 0.09705148921488128 0.6899297640458578 0.0981228549563012 0.6910124780171748 0.13276964706996472
2 0.29244491898716135 0.0897740069616726 0.26151460870396276 0.06686267702622282 0.24424269277362376 0.09017977474232355 0.27517300305682235 0.11309110467777334
2 0.6269561621656016 0.23440009321393696 0.5813446561135606 0.20520872833016046 0.5623090481033569 0.2349518648165336 0.6079205541553979 0.26414322970031007
2 0.493012781964585 0.1971595915553885 0.45859574300703393 0.1729601225563805 0.44042827087803815 0.19879831743782608 0.47484530983558926 0.22299778643683416
2 0.6375151132198567 0.3272543974276577 0.5882044855767274 0.2972057393750885 0.5673382991070623 0.331447692860588 0.6166489267501917 0.36149635091315724
2 1.021871677725445 0.5151488316262735 0.9604379188363954 0.4655053872357238 0.9364064787007048 0.4952442926879348 0.9978402375897544 0.5448877370784844