0 0.6447643468799924 0.08265028404643206 0.6265572813335569 0.08060198610001615 0.6230859111021243 0.1114585640945564 0.6412929766485598 0.11350686204097232
2 0.8885951112979112 0.45679686147623255 0.819061548398546 0.41116546834518136 0.7925460980982899 0.4515699707008905 0.8620796609976551 0.4972013638319417
2 0.003125000000000007 0.05 6.123233995736766e-18 0.05 6.989882239495248e-18 0.06415343990384616 0.0031250000000000075 0.06415343990384616
0 0.19485717862767446 0.3274990700701554 0.18806287500566407 0.28781171911438963 0.17719480291828318 0.2896722862666257 0.1839891065402936 0.3293596372223914
3 1 0.46388888942307704 0.9416666658653846 0.46388888942307704 0.9416666658653846 0.5542824062500001 1 0.5542824062500001
2 0.9886805789801142 0.5441358254951365 0.9273373720717463 0.4945655484469006 0.8993967055452187 0.5291421171077265 0.9607399124535866 0.5787123941559624
2 0.30333738060539017 0.21746051316357942 0.2623508366202346 0.1746442133386511 0.23747041733684193 0.19846136716786097 0.2784569613219975 0.24127766699278924
2 0.2498060317579413 0.17066092737949173 0.21109555061499494 0.13625159757363134 0.19500359759051403 0.1543550377633108 0.23371407873346037 0.1887643675691712
3 0.256543179906745 0.23610612104964385 0.21486297879711602 0.15043014709243308 0.18155733033374732 0.16663289404612536 0.22323753144337638 0.25230886800333613
3 0.23955637889967069 0.27715513376940826 0.1947896985653578 0.16573584669135943 0.1444362100768193 0.18596716015601011 0.18920289041113222 0.29738644723405894
3 0.17979566048604198 0.18065539796195845 0.0876503161175075 0.09559815197341498 0.045894901459041945 0.14083318184345683 0.13804024582757643 0.2258904278320003
2 0.8229907026591613 0.553703349045138 0.7628112521649919 0.49609567240485614 0.7318222946811399 0.5284680668760016 0.7920017451753094 0.5860757435162832
2 0.9161995998228293 0.636916796181749 0.8503370068660356 0.5646737626219933 0.8146358753788175 0.597221801863655 0.8804984683356113 0.6694648354234106
2 0.8878684184608977 0.522045139182188 0.8216502708214051 0.46628249023160284 0.7901477794488122 0.5036916998724643 0.8563659270883048 0.5594543488230493
2 1.0225051777555105 0.703638614582779 0.9353927129842499 0.6607629532974524 0.9102826271270421 0.7117802765075308 0.9973950918983027 0.7546559377928573
3 0.08586930430153644 0.11977199072082555 0.039540774002404536 0.07270808918756971 0.015072909491852778 0.09679364447310349 0.061401439790984676 0.14385754600635933
1 0.19772628268080836 0.1305883250963073 0.06445298627164094 0.009490617335016561 0.025188872699129585 0.05270248272149929 0.158462169108297 0.17380019048279