2 0.9238984251508663 0.6156926447795877 0.8562945848095441 0.5614157209219374 0.8252070460688591 0.6001363568065685 0.8928108864101814 0.6544132806642189
3 0.33076474632558284 0.14951370721925772 0.24311460851967193 0.08025928067746078 0.2005760589990918 0.13409713500280354 0.2882261968050027 0.20335156154460046
2 0.8240854909316224 0.5432536483623998 0.7567579406901905 0.4873967032136856 0.7283657218391629 0.5216194580755721 0.7956932720805947 0.5774764032242863
2 0.20840558601386555 0.11068709858992803 0.18073217643872266 0.07606686375736985 0.1572829741101911 0.0948107972802465 0.18495638368533399 0.12943103211280468
2 1.0257906945938493 0.7042442276993304 0.9466723953986219 0.6362610952130558 0.9148707369890109 0.6732716452265317 0.9939890361842382 0.7412547777128062
2 0.31132835630974515 0.8205723536773011 0.27340431373404467 0.8050579724879902 0.22966168839662385 0.9119843890447916 0.2675857309723243 0.9274987702341027
2 0.22122614796698414 0.7491988856610734 0.18093916757770145 0.7282542332132789 0.12826162956552373 0.8295793302108064 0.16854860995480642 0.8505239826586012
2 0.6457238859012961 0.136280816393675 0.6428576753783464 0.1051107881182771 0.5994197566739656 0.10910508092370902 0.6022859671969154 0.14027510919910693
3 0.24843750000000012 0.9416666658653846 0.1811431634615386 0.9416666658653846 0.1811431634615386 1 0.24843750000000012 1
2 0.7088725479355203 0.12950980345022625 0.7018627439762443 0.09796568563348416 0.6645833331447963 0.10624999915158376 0.6715931371040724 0.13779411696832583
2 0.41452541018484396 0.10094823582417788 0.38423646129593575 0.07051297005853563 0.3624975868518201 0.09214733533762974 0.3927865357407283 0.122582601103272
2 0.3124819713431647 0.10529155098977865 0.2822583949589117 0.07663511818864006 0.2616086576240399 0.0984141343692744 0.29183223400829283 0.12707056717041298
2 0.799799294108682 0.3319303805490939 0.7523748154820153 0.2865325825674205 0.7260110732050316 0.3140732736960628 0.7734355518316983 0.3594710716777362
2 0.6240471675133159 0.26671930743005423 0.5743707697400355 0.2372814423402492 0.5532540183608533 0.27291596060410994 0.6029304161341336 0.302353825693915
2 0.7873134256055808 0.38394763240702184 0.7337985756671207 0.3466388031282604 0.7103839747120445 0.3802241200814551 0.7638988246505046 0.41753294936021657