2 0.9282509567941416 0.6328525534288512 0.8582834890570695 0.5815183962563062 0.8288072359707581 0.6216939616190367 0.8987747037078301 0.6730281187915819
3 0.34222307805635216 0.15784704135387323 0.2545729402504413 0.08859261481207609 0.21203439282310416 0.14243046648815788 0.299684530629015 0.21168489302995505
2 0.828598593002744 0.5583893236215496 0.7619699574643418 0.5021714096832374 0.733497339142127 0.5359167334797867 0.8001259746805292 0.5921346474180988
2 0.22246808737656787 0.11902043094474998 0.19479467547022675 0.08440019792629326 0.17134547391219973 0.10314413339443834 0.19901888581854085 0.13776436641289505
2 1.0275176255380862 0.7240365950421139 0.9528601160423248 0.6561996417924048 0.9200580903670375 0.6922996938439534 0.9947155998627988 0.7601366470936627
3 0.9830973280827364 0.420044514612547 0.8552414668510687 0.34055517420181236 0.8008936037314991 0.4279718367297478 0.9287494649631667 0.5074611771404824
3 1 0.4611111105769232 0.9661458341346154 0.4611111105769232 0.9661458341346154 0.5564814807692309 1 0.5564814807692309
2 0.298694095842418 0.2347680168867678 0.25982361409484833 0.19468282785425411 0.23571303055518317 0.2180627848912944 0.2745835123027528 0.25814797392380806
2 0.2692569438545788 0.2636388879092033 0.23592361037930407 0.2191944451070054 0.20847916688956036 0.2397777785725274 0.24181250036483512 0.2842222213747253
1 0.23957920981030767 0.2524733537046498 0.11312642710509516 0.12893232083416473 0.06900262968917664 0.1740960760426333 0.19545541239438918 0.2976371089131184
2 0.1839614651814177 0.12733207267412114 0.15107515041613817 0.09963833350396059 0.1453125 0.10648148076923077 0.1781988147652795 0.13417521993939133
3 0.10366273318966572 0.17002705667208243 0.06257153054522417 0.10428110588972919 0.028405902343334306 0.12563461489237523 0.06949710498777587 0.19138056567472847
2 0.09268696555233073 0.13510129286354328 0.09050602600926311 0.09503662483211431 0.07335255368387605 0.0959703823779401 0.07553349322694367 0.13603505040936906
1 0.2358289409636508 0.1852190406582541 0.10931513220963537 0.08121282510372038 0.07726510712478266 0.12019867534860706 0.2037789158787981 0.22420489090314077
2 0.2140625 2.4283360939786725e-17 0.18251487980769232 2.235162633532543e-17 0.18251487980769232 0.012037036057692331 0.2140625 0.012037036057692333
2 0.2983394422745597 0.8614844048261746 0.2608662773764056 0.8457496335784905 0.21573966287086518 0.9532209809557488 0.2532128277690193 0.968955752203433
2 1.0209682646906393 0.6235538819228001 0.9396046211977822 0.5650064995700019 0.911384689948525 0.6042239049139622 0.9927483334413819 0.6627712872667604
2 0.015104165865384616 9.24863419041699e-19 0 0 1.4287546480696204e-18 0.023333334134615382 0.015104165865384617 0.023333334134615382