2 0.5274726299583619 0.19730122328980262 0.481550969782147 0.16409001897706454 0.45827736558091736 0.19627080149673587 0.5041990257571323 0.229482005809474
2 0.03806131073322465 0.09076878425367367 0.012751708680152844 0.05096565078338826 -0.009002482160175547 0.06479847913511408 0.01630711989289626 0.10460161260539949
3 1.0335572409709621 0.5545489760199881 0.9422298897373076 0.491769880364611 0.8988328281444782 0.554901383697399 0.9901601793781327 0.6176804793527761
2 0.27857899517686435 0.9240583828812323 0.24108869851723544 0.9059827021482868 0.19709302465140327 0.9972329786573224 0.23458332131103218 1.015308659390268
0 0.32722124953606296 0.4685704497956492 0.3162371603841073 0.42756317044743697 0.30332433780312823 0.4310219610984447 0.3143084269550839 0.47202924044665695
3 0.6834680254125 0.24237516793486508 0.624824300142915 0.20265878877278887 0.5919675712575372 0.2511738100980762 0.6506112965271222 0.2908901892601524
2 0.8682291658653847 0.060185185096153955 0.8494791658653846 0.060185185096153955 0.8494791658653846 0.10925925961538473 0.8682291658653847 0.10925925961538473
2 0.7552468974908323 0.36155691439636023 0.7030099418622373 0.32778757310715895 0.679714747221989 0.36382233133240366 0.731951702850584 0.3975916726216049
2 0.537951087333568 0.4249385792187118 0.4868992179966665 0.3746843927515575 0.4599476254996595 0.40206378689373334 0.510999494836561 0.45231797336088764
2 0.4071012959776577 0.30446039883080095 0.36152298570231345 0.26394635860899557 0.33646551618956794 0.2921360211041275 0.3820438264649122 0.3326500613259329
3 0.6848823912746536 0.6119020839938801 0.5893454521651285 0.5226560843280916 0.5425298210878053 0.5727717434316643 0.6380667601973304 0.6620177430974526
3 0.5068600292663753 0.4989854367791293 0.41006936811858286 0.3901233687829666 0.35756019391542815 0.4368099491594032 0.4543508550632206 0.5456720171555659
3 0.27682735679052073 0.2679315319474553 0.18414627694867333 0.18379551749545936 0.1417423666239964 0.23050607567919906 0.2344234464658438 0.31464209013119504
2 0.8250740365364011 0.5601848261339922 0.7648945824885665 0.5025771567746536 0.7339056300586482 0.5349495519693654 0.7940850841064827 0.592557221328704
2 0.9177620992465767 0.6433982760863224 0.8518995054506758 0.5711552462950217 0.8161983765157534 0.6037032853222972 0.8820609703116542 0.6759463151135978
2 0.5234812550279138 0.2451275945952149 0.47244946622460277 0.2043021682631933 0.4454621152430446 0.23803636088254826 0.4964939040463555 0.2788617872145699
2 1.02642456484302 0.7242805431608905 0.9440563189657832 0.6632670253495974 0.913867361472239 0.7040221163983789 0.9962356073494758 0.7650356342096719
3 0.11681681680865255 0.14812312411974693 0.07150467767909034 0.09979017432066084 0.04590985081159312 0.12378532381677167 0.09122198994115534 0.17211827361585777
1 0.3167871446111811 0.23567157986444784 0.1722735713365833 0.10265340330121976 0.12673191089158936 0.15213076236452136 0.27124548416618716 0.28514893892774945