2 0.9239548319510088 0.614349140524039 0.8561430340401331 0.5618496827741934 0.8252025288204633 0.6018145010245841 0.893014326731339 0.6543139587744297
3 0.3302439121909674 0.14951370721925772 0.2425937743850565 0.08025928067746078 0.20005522486447638 0.13409713500280354 0.28770536267038727 0.20335156154460046
2 0.8240854909316224 0.5432536483623998 0.7567579406901905 0.4873967032136856 0.7283657218391629 0.5216194580755721 0.7956932720805947 0.5774764032242863
2 0.20840558601386555 0.11161302407069724 0.18073217643872266 0.07699278923813904 0.15728297411019107 0.09573672276101573 0.18495638368533396 0.13035695759357388
2 1.0257906945938493 0.7042442276993304 0.9466723953986219 0.6362610952130558 0.9148707369890109 0.6732716452265317 0.9939890361842382 0.7412547777128062
2 0.31132835630974515 0.8205723536773011 0.27340431373404467 0.8050579724879902 0.22966168839662385 0.9119843890447916 0.2675857309723243 0.9274987702341027
2 0.22174698159012568 0.7482729611641228 0.18145999930847065 0.7273283077325094 0.1287824618077667 0.8286534037462184 0.16906944408942173 0.8495980571778318
2 0.6457238859012961 0.136280816393675 0.6428576753783464 0.1051107881182771 0.5994197566739656 0.10910508092370902 0.6022859671969154 0.14027510919910693
3 0.24843750000000012 0.9416666658653846 0.1811431634615386 0.9416666658653846 0.1811431634615386 1 0.24843750000000012 1
2 0.7078308820701357 0.12950980345022628 0.7008210781108596 0.09796568563348416 0.6635416672794119 0.10624999915158373 0.670551471238688 0.13779411696832583
2 0.37026861364610064 0.06540609119336517 0.3332984366109085 0.04349783729284844 0.3188145098199064 0.06793946281260196 0.3557846868550985 0.0898477167131187
2 0.2510657551472922 0.06285515840342824 0.22335289992267704 0.034702418038121394 0.20146408120793377 0.0562492250703439 0.2291769364325489 0.08440196543565073
2 0.7703908963450067 0.3048714035910274 0.7337560705215774 0.2536989601665884 0.7079926726717437 0.27214321511489936 0.744627498495173 0.3233156585393383
2 0.5422522778937174 0.21621396425258052 0.5005327317171777 0.18250119365375994 0.47576059482785676 0.21315670758775107 0.5174801410043964 0.24686947818657165
2 0.6780582252517634 0.3055110365537524 0.630662390580906 0.27391381890859723 0.6079594011990787 0.3079683088753843 0.6553552358699363 0.33956552652053945