3 1.0040043821798965 0.41788106773089956 0.8722536332079096 0.3437712970875444 0.8181147949471618 0.4400181539784225 0.9498655439191487 0.5141279246217777
1 0.05885416586538461 3.603778292176534e-18 0 0 4.875908563063953e-18 0.07962962980769231 0.05885416586538462 0.07962962980769231
2 0.3380047800885337 0.5578970465889685 0.3047913906636714 0.537911083985204 0.2644772243565584 0.6049066113682386 0.2976906137814207 0.6248925739720032
1 0.24201768571843643 0.24074391926117972 0.11556153092650787 0.11555232542623108 0.06996082352817522 0.16161364581318516 0.19641697832010377 0.2868052396481338
2 0.6501619112840533 0.1831340110900401 0.6335593519516943 0.1529620498485299 0.5926252224561848 0.1754866483732245 0.6092277817885438 0.2056586096147347
2 0.8306442740752064 0.5480810620567699 0.7626836518941699 0.4943838061494824 0.7343579871383177 0.530233492841534 0.8023186093193542 0.5839307487488214
0 0.18023501627751243 0.30944901109139705 0.17532245049024417 0.27451520237969357 0.16242643302508247 0.2763287044433876 0.16733899881235073 0.31126251315509107
2 0.20702189617396377 0.7848073628869338 0.16420429283489416 0.7637330742500789 0.10869816950976922 0.8765074227644287 0.15151577284883885 0.8975817114012836
2 0.5469355114789287 0.39610435685197615 0.5163099590027179 0.37178406462945834 0.47109609846551437 0.4287200358696447 0.5017216509417252 0.45304032809216255
2 0.273500757083872 0.2419660586549362 0.2297572037510811 0.20567511469278518 0.20615769613442453 0.23412095289235 0.24990124946721542 0.270411896854501
0 0.4802017731915062 0.03135787100739278 0.47236597491712057 0.006592878781494171 0.457955761053242 0.011152360484461306 0.4657915593276277 0.03591735271035992
2 0.29754346074870736 0.22210764677331177 0.25851428652690733 0.18245895517792463 0.2358980407445597 0.2047218183737682 0.2749272149663597 0.24437050996915535
0 0.6704828845042718 0.8850536892804151 0.6521089284223507 0.8393229662040405 0.6333384816103163 0.8468646655728952 0.6517124376922374 0.8925953886492698
2 0.9506615737794767 0.6434862076172626 0.8799597104012877 0.5846946935876344 0.8468919509119041 0.6244615247745806 0.9175938142900931 0.683253038804209