0 0.8557291658653846 0.06666666586538471 0.8374999999999999 0.06666666586538471 0.8374999999999999 0.09907407451923088 0.8557291658653846 0.09907407451923088
2 0.8891159480754478 0.44568575995668813 0.8187936156948137 0.39953671697054965 0.7921412836180226 0.4401497835423982 0.8624636159986567 0.4862988265285366
0 0.19121134410262697 0.31638795759921395 0.18441704157205002 0.27670060853904505 0.17354896932789432 0.27856117550810644 0.1803432718584713 0.31824852456827535
2 0.41552357065785855 0.08803997301784496 0.381618886863339 0.051874951933044075 0.3592580562922025 0.07283821608045069 0.39316274008672214 0.10900323716525157
2 0.9876061352458042 0.5314789987051822 0.9251764697725294 0.4823156027035965 0.897626144503898 0.5173001182188611 0.9600558099771728 0.5664635142204468
2 0.30004400206165605 0.20436444761005004 0.25804348189848675 0.16288245079170507 0.23386839119078512 0.18735972919181904 0.2758689113539544 0.228841726010164
2 0.24645206924611085 0.16094601603828365 0.2081918397259534 0.12207848328975207 0.19106433511002868 0.1389383715145222 0.22932456463018613 0.17780590426305382
3 0.25393901561089893 0.22406908224216385 0.21255783248226806 0.13900777462984332 0.17835296053033112 0.1556479852010885 0.219734143658962 0.24070929281340903
3 0.23685681902465136 0.2652977395701038 0.19208997106447565 0.15160415799562632 0.14131607363037374 0.1715963802064204 0.18608292159054948 0.2852899617808979
3 0.17740040130386595 0.16556303137037995 0.08325433151068297 0.08345661001956262 0.04129103714205737 0.13157317843630534 0.13543710693524036 0.2136795997871227
2 0.818824036536401 0.5407403814224538 0.7586445824885664 0.48313271206311537 0.7276556300586481 0.5155051072578272 0.7878350841064827 0.5731127766171656
2 0.912553767621508 0.6230279036061087 0.8466911749167099 0.5507848750116113 0.8109900434722408 0.5833329163267927 0.8768526361770389 0.6555759449212901
2 0.8840513282558237 0.5099310647024868 0.8205188545989238 0.45048547784295295 0.7867241876277075 0.486603529703823 0.8502566612846073 0.5460491165633569
2 1.0227926181026694 0.6962809898166035 0.9323676251812842 0.6491260309572009 0.906396649638456 0.6989283282431296 0.9968216425598412 0.7460832871025322
3 0.0830739168844887 0.10634819736553412 0.03612207389171552 0.0601299595400728 0.011263046833644567 0.08538356483310405 0.05821488982641773 0.1316018026585654
1 0.18339265551109832 0.10665588953611363 0.04678531830900475 -0.0058543613461565485 0.006851246153357439 0.04263266288532987 0.14345858335545103 0.15514291376760006
2 0.3368906833517919 0.017344491283037337 0.3062411234618245 -0.0044507616790842456 0.2888365056199419 0.020024470511790612 0.31948606550990927 0.0418197234739122