3 0.9591743480335897 0.47586759840834514 0.8926845481869328 0.3220403516017067 0.8046661836426792 0.36008512951243604 0.871155983489336 0.5139123763190745
1 0.16633500770421472 0.10721718199189324 0.044172076247360574 0.010504862539983475 0.00572583096293779 0.05906854143913118 0.12788876241979194 0.15578086089104096
2 0.47402218875584456 0.2759845662304839 0.4495176901607201 0.2686619335679256 0.4344391926425408 0.31912070137421983 0.4589436912376653 0.32644333403677805
1 0.24136530759881641 0.2374256145880366 0.11451986266941713 0.11184862351517275 0.06891915766279062 0.15790994148626206 0.19576460259218992 0.2834869325591259
2 1.0300005887888082 0.7058813055218726 0.9487754665920978 0.6473406770941896 0.91686833890692 0.6916118168954333 0.9980934611036305 0.7501524453231163
2 0.5730742536364203 0.23551662110631 0.5482417099380125 0.21805623579637656 0.5147938423394884 0.26562652814762094 0.5396263860378963 0.2830869134575544
2 0.8304296685896495 0.5427331611369459 0.7603733288421056 0.4910927148083888 0.7328253660336326 0.5284647667380765 0.8028817057811766 0.5801052130666338
0 0.18075585028931468 0.30759716024269035 0.17584328512286954 0.2726633514110529 0.16294726787454633 0.27447685320884757 0.16785983304099147 0.30941066204048495
2 0.3283472628801184 0.5765056432577591 0.2915754009032232 0.5550259262020935 0.2423998796046098 0.639211182327593 0.27917174158150493 0.6606908993832588
2 0.7844378617744913 0.19143678045084117 0.7653715005494856 0.16462470964670886 0.7247425719493941 0.19351639184959663 0.7438089331743998 0.22032846265372893
3 0.13958333413461538 1.2884304964158195e-17 0.07083333413461539 8.674581592089168e-18 0.07083333413461539 0.049074074519230786 0.13958333413461538 0.049074074519230786
2 0.27297992392926385 0.23733642766598498 0.22923637202031183 0.20104548488509294 0.20563686342364812 0.22949132426591662 0.2493804153326001 0.26578226704680863
2 0.2581163355697568 0.9463348360072547 0.21927460445009408 0.9295283193379041 0.18941014275126616 0.9985484151829147 0.2282518738709289 1.0153549318522652
2 0.30002223513089843 0.21514228240362804 0.2579333455511827 0.1795114750398024 0.23675517418749442 0.20452818900097794 0.27884406376721016 0.2401589963648036
2 0.9329990368172366 0.6245374719490051 0.8640444384966818 0.5673306950653225 0.8314358603028045 0.6066356783846077 0.9003904586233593 0.6638424552682903