3 1.0475513155903529 0.4603451051953998 0.9124280768311325 0.37167045600752857 0.8552610715670083 0.45878205974320413 0.9903843103262288 0.5474567089310753
2 0.2526127108303144 0.7035027172465415 0.2138515581500613 0.6825381525267227 0.16892598568589753 0.7656005483743706 0.20768713836615063 0.7865651130941894
1 0.2417333283863168 0.24148110774266884 0.11704247521843966 0.11714448886625087 0.0713576207345495 0.16295949923024103 0.19604847390242666 0.287296118106659
2 0.6919221343827425 0.177707367781381 0.6892864895033257 0.14022269196866294 0.6480839379973115 0.14311975034095095 0.6507195828767283 0.18060442615366898
2 0.8316859423685224 0.5508588553014968 0.7637253324613777 0.49716157424049956 0.7353996599307144 0.5330112475047233 0.8033602698378591 0.5867085285657204
0 0.1600708557700081 0.29387949521478196 0.15402602585359465 0.25857002132205853 0.1405839367488335 0.26087124910603576 0.14662876666524693 0.2961807229987592
2 0.13713282860480042 0.9366160755510339 0.09591029897531254 0.9110508657914858 0.04200117183466071 0.9979764420631757 0.08322370146414858 1.0235416518227238
2 0.40332928667405626 0.572029179108708 0.36922653911895364 0.5484866585423205 0.31318630283339866 0.6296642888468325 0.3472890503885013 0.65320680941322
2 0.2745424251105226 0.24474383489599233 0.23079887320157066 0.20845289211510012 0.20719936342364806 0.2368987329197626 0.25094291533260005 0.27318967570065483
0 0.5499934412419811 0.07209861070063198 0.5421576438777276 0.047333621351199964 0.5277474271373823 0.05189310396429907 0.5355832245016358 0.07665809331373108
2 0.29285596352806154 0.2193298655670843 0.25382678403436226 0.17968117719395785 0.23121054086464993 0.20194404263447352 0.2702397203583492 0.24159273100759998
0 0.6003529282081498 0.7854542179160929 0.5797918006486374 0.7428089209974758 0.5599297916949053 0.752385247795369 0.5804909192544176 0.795030544713986
2 1.000445806856524 0.6894352460921808 0.9250093301406828 0.6273846782575401 0.8916511181441766 0.6679391174894677 0.9670875948600179 0.7299896853241084