2 0.9234924531823163 0.6245085006845799 0.8539477869479319 0.5681136046057049 0.821547993490456 0.6080681568565282 0.8910926597248404 0.6644630529354031
3 0.33185253237299395 0.15310457397914823 0.2430134585019898 0.08541766380779964 0.20156598579394042 0.1398174743524899 0.29040505966494456 0.2075043845238385
2 0.8226364949058582 0.5520657765328822 0.7553520141995562 0.492257342337419 0.7254669537422255 0.5258780314726058 0.7927514344485274 0.585686465668069
2 0.20996808737656786 0.11531672661782696 0.18229467547022674 0.08069649359937021 0.15884547391219972 0.09944042906751527 0.18651888581854084 0.134060662085972
2 1.0248457983642203 0.7153210403336754 0.9435268840924761 0.6455300994694452 0.9117469868566451 0.6825593572338998 0.9930659011283893 0.7523502980981299
3 0.3466668203491492 0.05710185663661681 0.3145325554237378 -0.018292352601190016 0.25959829095295767 0.005121543848319506 0.2917325558783691 0.08051575308612632
3 0.7442954403689108 0.29659320741485223 0.7309802250636349 0.1637698240987709 0.691663092783113 0.1677112692602403 0.7049783080883889 0.3005346525763216
2 0.6585248461058679 0.6231301342573763 0.608237578152745 0.5731571564252249 0.5794798251746086 0.6020957727029775 0.6297670931277316 0.6520687505351289
1 0.9993258238945646 0.8718611508229288 0.7406249999999999 0.6342592596153848 0.669811281867196 0.7113612015691709 0.9285121057617606 0.948963092776715
2 0.30924502217512967 0.8242760580042243 0.2713209816586533 0.8087616776573233 0.22757835632123255 0.9156880942141246 0.265502396837709 0.9312024745610257
2 0.21601781327759464 0.761235919818803 0.1757308319191033 0.7402912692757169 0.12305329774286254 0.8416163705469841 0.16334027910135387 0.8625610210900703
2 0.5780142465823149 0.629517115972293 0.5268997974719801 0.5775913289409007 0.4957528659531871 0.6082515911550859 0.5468673150635218 0.6601773781864781
3 0.4611725201697446 0.11277035782081932 0.3314902364892963 0.04517563548369406 0.2949633922169387 0.11525336370120884 0.4246456758973869 0.1828480860383341
2 0.23255568048312567 0.4468788644491457 0.202986393089197 0.4404525855649713 0.18348665599577987 0.5301768786766883 0.2130559433897085 0.5366031575608627
2 0.6514530519169496 0.13998452064660355 0.648511146457831 0.10799131278102134 0.6050732276837641 0.11198560591070948 0.6080151331428828 0.1439788137762917
3 0.24635416586538475 0.9462962956730769 0.1816239326923078 0.9462962956730769 0.1816239326923078 1 0.24635416586538475 1
2 0.252075652870765 0.2466647192081435 0.2082191898143038 0.2062968476147806 0.18432850608779758 0.2322521642289314 0.2281849691442588 0.2726200358222943
3 0.906169022011951 0.37236047726932614 0.7784237037092638 0.2908364008919079 0.7276703368109209 0.3703651155668993 0.8554156551136083 0.4518891919443175
2 0.33179976923076926 0.12641782451923084 0.3018229170673077 0.09644097235576926 0.28159722235576923 0.11666666706730774 0.3115740745192308 0.14664351923076932
2 0.8817613402653973 0.4722342646565354 0.821196186451754 0.4245392288275754 0.7943431164882324 0.458638381589333 0.8549082703018758 0.506333417418293
2 0.9867605590651964 0.11810659641127133 0.9511471877016064 0.11699367679047191 0.9501450971878652 0.14906052235489892 0.9857584685514553 0.15017344197569835