2 0.9260491347707253 0.6339309769443748 0.8568610544233184 0.5815043080357603 0.8268455486509527 0.6211161176028804 0.8960336289983596 0.6735427865114949
3 0.33758169823837864 0.15866012926760972 0.24874262436737432 0.09097321909626123 0.20723138709221017 0.1454567206393134 0.2960704609632145 0.21314363081066184
2 0.8269203516992363 0.559925028871458 0.7584258627205414 0.5048848458139111 0.7300116400447205 0.5402447874745762 0.7985061290234154 0.5952849705321231
2 0.21725975187925023 0.1217982091668511 0.18958634347650305 0.08717797580099382 0.16613714114797146 0.10592190932387045 0.1938105495507186 0.14054214268972778
2 1.0262317328868873 0.7233136470678736 0.9484648626162172 0.6555982793761935 0.9164215337622063 0.692398041128598 0.9941884040328763 0.7601134088202781
3 0.8473100002752537 0.32439657717951675 0.7328697181163393 0.25287141320955087 0.6816056759126187 0.33489389493170035 0.7960459580715331 0.40641905890166624
3 1.0242452727183962 0.4553104163957477 0.8942708341346155 0.39259259375000016 0.8580970741381435 0.46755795365355635 0.9880715127219243 0.5302757762993039
2 0.5575709882194068 0.4530926097403603 0.5019079077442351 0.41030057341971676 0.47685325701291303 0.4428911944755817 0.5325163374880847 0.4856832307962252
2 0.5086592652713653 0.48261529298908373 0.45996440037226133 0.43696388875100217 0.43377115001420286 0.4649033751423121 0.48246601491330676 0.5105547793803937
1 0.39950259524037013 0.4010650453152973 0.24370992172596967 0.2619933798755208 0.1948662860419971 0.31670963399749835 0.35065895955639753 0.45578129943727486
2 0.3775443894773908 0.2980392996981481 0.3250788347482946 0.2543800233525611 0.30021408592251375 0.2842601072554198 0.35267964065160995 0.3279193836010068
3 0.19610677951238992 0.24634258087509525 0.13898313340055435 0.18825772253962156 0.10716247751830753 0.21955179706702468 0.1642861236301431 0.2776366554024984
2 0.16304597691541656 0.17312579713785106 0.13293103261040734 0.1392464880523416 0.11159123575905515 0.15821519818856894 0.14170618006406435 0.19209450727407842
1 0.32862021209205305 0.2704804155626563 0.1898889069632737 0.15417032815746473 0.14584126119491658 0.20670908486913392 0.2845725663236959 0.3230191722743255
0 0.3130208341346154 0.4444444447115385 0.2979166658653847 0.4444444447115385 0.2979166658653847 0.47777777884615386 0.3130208341346154 0.47777777884615386
2 0.31412887268791256 0.8306247954724539 0.27729996323290734 0.8155584232909802 0.23388182151731915 0.9216916576680134 0.2707107309723244 0.9367580298494874
2 0.4159501175091211 0.1545227762568671 0.3776910115124232 0.11915435679338048 0.3556294983173262 0.14301897343677167 0.3938886043140241 0.1783873929002583
2 0.27309940047312803 0.2095287829243523 0.24624264163121204 0.19007697422122835 0.24241407529269943 0.19536300620072225 0.2692708341346154 0.2148148149038462
2 0.2222678132775947 0.7658655496264953 0.1819808319191033 0.7449208990834092 0.13006120299170826 0.8447881715611651 0.17034818435019966 0.8657328221042513
2 0.09066609911061718 0.1700584501663346 0.06332723817268479 0.13117652055461348 0.036926324161787635 0.14973966605654473 0.06426518509972003 0.18862159566826586
3 1.04299078424463 0.5614010626064695 0.9318237110431418 0.44910547260418965 0.871535567540493 0.5087877491905163 0.9827026407419812 0.621083339192796