3 1.0418221419806102 0.4557154341805037 0.9076090105139563 0.3676381011363525 0.8504420222137584 0.4547497364584738 0.9846551536804123 0.542827069502625
2 0.25654362232016126 0.697457127216555 0.21857288135817385 0.6769200669179529 0.17472561811231568 0.757988781251614 0.21269635907430307 0.7785258415502161
1 0.24253851746134572 0.24259577263858298 0.1160823638712795 0.11740417999347806 0.07048165886465299 0.16346549796456739 0.1969378124547192 0.28865709060967226
2 0.69028002498942 0.1718147407948449 0.6806468972536833 0.13775475089154274 0.639867786669269 0.14928823584924997 0.6495009144050058 0.18334822575255214
2 0.8316859423685224 0.5508588553014968 0.7637253324613777 0.49716157424049956 0.7353996599307144 0.5330112475047233 0.8033602698378591 0.5867085285657204
0 0.1602400116985897 0.29530540857986637 0.15858290089029914 0.25995375977488444 0.14628353731136448 0.2605302932326075 0.14794064811965502 0.29588194203758944
2 0.14608520051168142 0.9156505881918027 0.10310172330943554 0.8918519483487262 0.04508357231530317 0.9966403684860329 0.08806704951754905 1.0204390083291093
2 0.4168369053520522 0.5524625876619252 0.38273415779694947 0.5289200670955375 0.3272488028333986 0.6092939186545246 0.3613515503885013 0.6328364392209124
2 0.2745424251105226 0.24474383489599233 0.23079887320157066 0.20845289211510012 0.20719936342364806 0.2368987329197626 0.25094291533260005 0.27318967570065483
0 0.5447851071073658 0.0665430554121704 0.5369493097431122 0.041778066062738414 0.5225390936941432 0.04633754845708182 0.5303748910583969 0.0711025378065138
2 0.29389762939344616 0.21932986556708428 0.2548684510827433 0.17968117839573192 0.23225220913388073 0.20194404263447355 0.2712813874445835 0.2415927298058259
0 0.6090013198614247 0.795675580907295 0.5870834685481389 0.7502163303045781 0.5663762683485775 0.7602001582179512 0.5882941196618632 0.8056594088206681
2 0.9935479272019319 0.6834832295722741 0.9194928295623979 0.6217706428654837 0.8861224961175721 0.6618150395338939 0.9601775937571061 0.7235276262406843