3 0.9591743489090582 0.4767935259145509 0.892684548186933 0.3229662770824759 0.8046661836426792 0.3610110549932053 0.8711559843648042 0.5148383038252803
1 0.19330936713452923 0.12753250373277064 0.06831273773755814 0.028769735301342875 0.028426591519554963 0.07925063935119979 0.15342322091652608 0.1780134077826276
2 0.4640719839751155 0.19892598699410657 0.4529552156941292 0.15544705805262152 0.4296670303814448 0.16140142183545983 0.44078379866243106 0.2048803507769449
1 0.24032364184464258 0.23742561546104474 0.11347819718531396 0.11184862136244794 0.06787749186920852 0.15790993843824053 0.19472293652853714 0.2834869325368373
2 1.0300005887888082 0.7068072310026415 0.9487754665920978 0.6482666025749586 0.91686833890692 0.6925377423762025 0.9980934611036303 0.7510783708038853
2 0.5429816781450902 0.27032139536625366 0.5189023894558876 0.25983525374540667 0.493370052705041 0.3184650653351453 0.5174493413942436 0.3289512069559923
2 0.8309505021634725 0.5436590917405127 0.7608941648163777 0.49201863929512546 0.7333462002031035 0.5293906879659687 0.8034025375501983 0.5810311404113558
0 0.18023501615469925 0.3085230857234595 0.17532245098825414 0.27358927689182216 0.16242643340844543 0.27540277873623187 0.1673389985748906 0.3103365875678693
2 0.40069677819616295 0.4577851085887108 0.3674404608624177 0.43857284516060346 0.32698446857160024 0.5086019347943971 0.3602407859053455 0.5278141982225043
2 0.9031502119490871 0.17107917185678267 0.8981782975802849 0.13472205630401018 0.848751456343315 0.14148128399339857 0.853723370712117 0.17783839954617106
3 0.231912843561248 0.06436733093675927 0.15389026045150558 0.0023142812732883486 0.11540578577600545 0.05070284783187243 0.19342836888574785 0.11275589749534333
2 0.2724590883355083 0.23641050932746646 0.22871554155464474 0.20011955734143505 0.2051160274831823 0.22856539277137944 0.24885957426404587 0.2648563447574108
2 0.36168823665364663 0.7187323966319747 0.3257883486011765 0.7022782818499114 0.28646779897335495 0.7880685749466371 0.32236768702582513 0.8045226897287006
2 0.3005430692655138 0.21606820788439735 0.2584541808712371 0.18043740152411802 0.2372760095075489 0.2054541154852934 0.27936489790182556 0.24108492184557276
3 0.049534803952078495 0.10935817486070515 0.011869440550352649 0.04239751553373487 -0.020969335320525664 0.060869323297824025 0.01669602808120018 0.12782998262479428
2 0.9329990379984954 0.6254633984097817 0.8640444384966817 0.5682566205460917 0.8314358603028045 0.6075616038653769 0.9003904598046181 0.6647683817290668
2 0.012500000000000002 0.003411305288461539 4.177644102428861e-19 0.0034113052884615384 2.622537992788462e-18 0.03941799038461539 0.012500000000000004 0.03941799038461539