2 0.9296782122010774 0.6326359336257446 0.8594932818721592 0.5842164842544064 0.8298628805550605 0.6271663252596092 0.9000478108839788 0.6755857746309476
3 0.3422691982383786 0.1577342037868405 0.2534301243673744 0.09004729361549192 0.21191888709221018 0.144530795158544 0.30075796096321444 0.2122177053298926
2 0.8306528795498804 0.5560211267273185 0.7586908158160336 0.5071057431929047 0.7325831963606831 0.5455140728314357 0.80454526009453 0.5944294563658497
2 0.22194725324195244 0.1199463564255192 0.19427384133561135 0.08532612340706251 0.17082463977758433 0.10407005887520755 0.19849805168392548 0.13869029189366422
2 1.0290801253099084 0.7268143732907375 0.954422616849141 0.6589774179053796 0.9216205891838302 0.6950774705100672 0.9962780976445976 0.7629144258954252
3 0.984138993948121 0.42097044009331613 0.8562831327164535 0.34148109968258156 0.8019352695968838 0.428897762210517 0.9297911308285514 0.5083871026212516
3 1 0.4629629639423078 0.965625 0.4629629639423078 0.965625 0.5587962956730771 1 0.5587962956730771
2 0.298694095842418 0.23661986784830627 0.2598236140948484 0.19653467881579262 0.2357130305551832 0.2199146358528329 0.27458351230275285 0.25999982488534656
2 0.2701527777205128 0.2678425918572802 0.23644444336007323 0.222898147895467 0.2089999994857143 0.2434814816494505 0.2427083338461539 0.2884259256112637
1 0.23932485822504887 0.25365962560631367 0.11187627327410812 0.12914572021107917 0.06739821519816899 0.17467208568126996 0.1948468001491097 0.2991859910765045
2 0.23151300218113693 0.1840063152694458 0.19947744771811904 0.13127289025684558 0.18541666586538463 0.13981481490384612 0.21745222032840253 0.19254823991644637
3 0.10329041216352791 0.16949451836050985 0.059142962162949425 0.10670702440655805 0.025945771703299456 0.1300487954135666 0.07009322170387794 0.19283628936751843
2 0.09392117518659623 0.1434980949140648 0.08893894889469783 0.10174230315263098 0.07429578023548375 0.10348949981237728 0.07927800652738214 0.1452452915738111
1 0.23687060682903535 0.18614496613902326 0.11050022830100409 0.08225666368146818 0.07914859832241766 0.12039298176678324 0.20551897685044893 0.22428128422433835
0 0.18169823221633788 0.2998485193931972 0.16836059529511774 0.2985981139480195 0.16535794202540569 0.3306263646775603 0.17869557894662583 0.331876770122738
2 0.3166458345844362 0.828444445550345 0.279063795923452 0.812589522442371 0.2346619161836327 0.917838418929481 0.2722439548446169 0.933693342037455
2 0.8691835642197007 0.5088692465971605 0.7983356566514346 0.4553397197043739 0.7725386072165173 0.4894828754539029 0.8433865147847835 0.5430124023466895
2 0.13995726541243095 0.09816595213406537 0.1163327983866888 0.08241631047901506 0.11387553297425786 0.08610220930648817 0.1375 0.10185185096153848
2 0.22373065837297576 0.7642669770315836 0.18305443095967946 0.7430689801707347 0.13104564475663313 0.8428671464301052 0.17172187216992943 0.8640651432909542