2 0.5766801367349728 0.23504084385439986 0.5286979621892802 0.19949849097205832 0.5038603477512736 0.23302926917372166 0.5518425222969662 0.26857162205606316
2 0.02500000000000001 0.049128540865384616 6.016511031757321e-18 0.049128540865384616 8.734613277726746e-18 0.09351851923076923 0.02500000000000001 0.09351851923076923
3 1 0.5305555552884617 0.9416666658653846 0.5305555552884617 0.9416666658653846 0.6185185192307692 1 0.6185185192307692
2 0.24218750000000014 0.9666666658653846 0.19810606009615397 0.9666666658653846 0.19810606009615397 1 0.24218750000000014 1
0 0.3126379187244082 0.450977854752188 0.3020120500315705 0.4113079505237396 0.28766446848364663 0.41515105326253293 0.2982903371764843 0.45482095749098134
3 0.7200297878739144 0.2696500900152414 0.6606815799697411 0.22888566388103465 0.6276342089249509 0.27699874760249943 0.6869824168291243 0.31776317373670615
2 0.8707432729497451 0.09251608738782088 0.8643897059745568 0.043570084156905414 0.8437833989611657 0.04624494100074634 0.850136965936354 0.0951909442316618
2 0.7997993253596747 0.4012539042833506 0.7471607504134917 0.3605670869470847 0.7221494289208784 0.39292548721248216 0.7747880038670613 0.43361230454874805
2 0.49015027545814505 0.38236056724151274 0.44141293520891395 0.3343847454623957 0.41512315456576765 0.36109182283528174 0.46386049481499875 0.4090676446143988
2 0.37236747134453674 0.27711799476528365 0.3283209551257699 0.24107994265621607 0.3057626866551502 0.2686511647370132 0.34980920287391704 0.30468921684608086
3 0.6030951757219515 0.5407118139756321 0.5186498409389009 0.4588254383946271 0.4775077072050979 0.5012532688143918 0.5619530419881484 0.5831396443953968
3 0.4610117984861584 0.44832460870506874 0.3670092705593814 0.34918133421505837 0.3163590597329564 0.39720524589439166 0.4103615876597335 0.4963485203844021
3 0.2612023571029545 0.25496857363393327 0.16852127939124792 0.17083255201443043 0.1261271739348151 0.2175323044711731 0.21880825164652165 0.30166832609067595
2 0.823511536536401 0.5611107516147615 0.7633320824885662 0.503503082255423 0.7323431288578705 0.5358754787045188 0.7925225829057052 0.5934831480638574
2 0.9161995998228293 0.6461760557971336 0.8503370068660355 0.573933022237378 0.8146358753788175 0.6064810614790397 0.8804984683356114 0.6787240950387953
2 0.5729604218971651 0.2840164840060975 0.5193032957774677 0.24109078558682204 0.49209010739086173 0.2751072730325689 0.5457472335105591 0.31803297145184434
2 1.0255757303777064 0.7270468219096871 0.9419729730247105 0.6651188832731211 0.9117840187576215 0.7058739911274923 0.9953867761106175 0.7678019297640583
3 0.10670263725315544 0.13921643423059 0.06037410813701993 0.09215253389910819 0.03590624362646817 0.11623808918464196 0.08223477274260368 0.1633019895161238
1 0.29772988578618986 0.21788953133992273 0.1519540291942208 0.08831097968758629 0.10781609748532753 0.1379661480855558 0.2535919540772966 0.2675446997378922