2 0.43328720152049943 0.12859237115406516 0.3913086810235591 0.09749716958999208 0.36868541452717973 0.12803857818543476 0.41066393502412 0.15913377974950785
2 0.05786137923803987 0.11177309185161481 0.033780207909924226 0.0707459076400145 0.008179738014799837 0.08577226914815929 0.032260909342915485 0.12679945335975962
3 0.9727408141836414 0.5134903546715504 0.8812689300793832 0.44379749182295475 0.8389925067884634 0.4992852983722521 0.9304643908927216 0.5689781612208477
2 0.30967404835258594 0.8580480116750926 0.2714648479658621 0.8406215184366205 0.22564958963823933 0.9410757155177045 0.2638587900249632 0.9585022087561766
0 0.360586130178807 0.5103100607948061 0.35003554890661637 0.4710917341527102 0.3353805867515961 0.4750342371225197 0.3459311680237867 0.5142525637646156
3 0.6065251083857403 0.19092049597719862 0.5571471538567242 0.15203535828118092 0.5227123318679774 0.19576211804392793 0.5720902863969933 0.23464725573994563
2 0.865535360450437 0.10293713470392808 0.8457529676324257 0.09180953917178124 0.8236724161013153 0.13106385451464792 0.8434548089193263 0.14219145004679476
2 0.6653579054937594 0.2976228570191583 0.618656514560574 0.26648860537807323 0.5967013890840736 0.2994213030926425 0.6434027800172587 0.33055555473372755
2 0.6608648270942482 0.5393825832677566 0.6008986198683153 0.47953727527854234 0.5718214436655875 0.5086731930689895 0.6317876508915206 0.5685185010582038
2 0.47897629483140464 0.37112707298932174 0.4309770105557488 0.32846104744507454 0.4059195403642185 0.3566507046631982 0.4539188246398744 0.3993167302074454
3 0.8636427929399642 0.8012930852027521 0.7561732045481808 0.6878529675670744 0.7043537098266628 0.7369451219517966 0.8118232982184461 0.8503852395874744
3 0.605262003209866 0.6164714582445883 0.5062056279812818 0.48207917006451584 0.44613299333849543 0.5263568404481936 0.5451893685670798 0.6607491286282661
3 0.3091734003619249 0.29734519348626726 0.21443403874891104 0.21498655063557973 0.17134891657401813 0.26454852529400485 0.266088278187032 0.34690716814469236
2 0.8255948697679307 0.5601848308578654 0.7654154190169735 0.5025771544282974 0.7344264628985642 0.5349495477295867 0.7946059136495214 0.5925572241591547
2 0.9182829328663421 0.6424723502734072 0.852420341000651 0.5702293179104547 0.8167192082006894 0.6027773583489197 0.8825818000663805 0.6750203907118723
2 0.4200621559750629 0.17645794832835074 0.38392610524922044 0.13630678317160577 0.35469037774269296 0.1626189394454894 0.3908264284685355 0.2027701046022344
2 1.0266367726435977 0.7231260073526685 0.9445771522487267 0.6623411010185859 0.9143881956068548 0.7030961909176088 0.9964478160017258 0.7638810972516914
3 0.13765015094326793 0.1675675688312854 0.09233801181370575 0.11923461903219927 0.06674318614563277 0.14322976740384988 0.11205532527519495 0.19156271720293605
1 0.35929268772768724 0.2711233781883228 0.20378580144151007 0.13880222512135415 0.15884811717740263 0.19161403332322158 0.31435500346357986 0.32393518639019026