2 0.3001954994442789 0.03464484849676061 0.2658163456104197 0.005637423503564895 0.24391014115627122 0.031600320004092 0.27828929499013044 0.060607744997287716
2 0.08995001876618612 0.14059973285663122 0.06481103005682098 0.0994835239454426 0.03889957689266765 0.11532612582403258 0.06403856560203279 0.15644233473522118
3 0.8545015803129428 0.41996194356774413 0.7729372538052607 0.36025471970564893 0.7345167226362188 0.41273990568763763 0.8160810491439009 0.47244712954973284
2 0.3268421917724735 0.8264074740431492 0.28916563297414083 0.8091704480244787 0.24440556373394948 0.9070066628517268 0.28208212253228215 0.9242436888703972
2 0.24375000000000016 0.9564814807692308 0.18750000000000014 0.9564814807692308 0.18750000000000014 1 0.24375000000000016 1
0 0.4194301007090988 0.5799944048236372 0.40701972489029453 0.5395457681056628 0.39178702538737337 0.5442194367606599 0.40419740120617764 0.5846680734786344
3 0.4964342477529276 0.11546875637189108 0.45223398255819885 0.07975136398676377 0.4195610983265116 0.12018405101345137 0.4637613635212404 0.15590144339857864
2 0.027083334134615385 1.9135106236677394e-18 3.7797722542433777e-20 2.551347007579903e-19 2.702538486522137e-18 0.04351851923076923 0.02708333413461539 0.04351851923076923
2 0.8230693066019293 0.14947276970743925 0.8101542765796776 0.11879956502223867 0.7705735305504793 0.13546513774333294 0.783488560572731 0.1661383424285335
2 0.5486736096153846 0.2147314812500003 0.5091180546153848 0.18506481500000002 0.48718055490384604 0.2143148146153845 0.5267361099038458 0.2439814808653848
2 0.9048582372667903 0.7755920101071114 0.8287158358855341 0.6970701658896791 0.795739009684864 0.7290476972616933 0.8718814110661202 0.8075695414791255
2 0.6381715298127131 0.5214879858047085 0.5831043419847307 0.46615476266522704 0.5542600690554293 0.49486035588822663 0.6093272568834116 0.5501935790277082
3 0.8111300720581277 0.829685302644963 0.681586314556538 0.6718038219152519 0.6147603563146131 0.7266353682707339 0.7443041138162029 0.8845168490004449
3 0.3771305857242479 0.36878050967037834 0.274412192433107 0.26477808646193257 0.22702217326606072 0.31158302116157005 0.3297405665572016 0.4155854443700158
2 0.8255948688648439 0.5611107610625081 0.7654154226651498 0.5035030787634885 0.7344264616574715 0.5358754714257384 0.7946059078571656 0.5934831537247579
2 0.918803766424705 0.6433982748895193 0.8529411737199066 0.5711552462950217 0.8172400434722409 0.6037032865191003 0.8831026361770391 0.6759463151135978
2 0.2864374984641025 0.07728703814711528 0.257548611261111 0.03876851817275644 0.22799305596709407 0.06093518251185906 0.25688194317008556 0.09945370248621789
2 1.0266367726435977 0.7231260073526685 0.9445771522487267 0.6623411010185859 0.9143881956068548 0.7030961909176088 0.9964478160017258 0.7638810972516914
3 0.17603367564120245 0.20673590060006714 0.13218101714345967 0.15104995842827504 0.10382726576797022 0.17337852696292191 0.147679924265713 0.229064469134714
1 0.4450392833640591 0.35489260473341083 0.28109006406008563 0.19734380589358144 0.2278414992925123 0.25275559377763923 0.3917907185964858 0.41030439261746865