3 0.5625249111501673 0.6842539874140884 0.5480156527541209 0.6156977441295463 0.46897528215254336 0.6324258655351739 0.4834845405485898 0.7009821088197161
2 0.7864109007806136 0.7546886633612924 0.7227539903603291 0.7035357754255501 0.692265405649999 0.741477115280785 0.7559223160702836 0.7926300032165272
2 0.23930126201371665 0.7578774252139675 0.2021772024330872 0.7384352994092163 0.1562757710434033 0.8260824780593187 0.1933998306240327 0.8455246038640699
1 0.25057047887456163 0.2608648003542846 0.12287773520167028 0.1383518262967713 0.07983704178150958 0.18321225250619477 0.20752978545440096 0.3057252265637081
3 0.45343737704039516 0.4064021475256573 0.4390784035945774 0.3498636868645547 0.368262943447132 0.3678485647675022 0.3826219168929497 0.4243870254286048
2 0.7163357847002263 0.18491149148755653 0.7086887260463801 0.15049972754524885 0.6664460791572397 0.15988698240950228 0.674093137811086 0.19429874635181
2 0.9586505976961864 0.6828097140179791 0.8823281018372461 0.6112574236864392 0.8498166429075948 0.6459363372198701 0.9261391387665352 0.71748862755141
2 0.16105928145743362 0.6810060706693689 0.12314392721901445 0.660909110699667 0.06650273462507507 0.7677695953164151 0.10441808886349424 0.7878665552861169
2 0.2945780709722519 0.5015703520012299 0.2664151384510848 0.480096114999279 0.21327505384907558 0.5497880261335157 0.2414379863702427 0.5712622631354667
2 0.28157583416661436 0.789681358056247 0.24394977238796967 0.7712378684052847 0.18510066083131915 0.8912943408491196 0.22272672260996382 0.9097378305000816
3 0.5832978320429724 0.37373148325456196 0.5186373244210581 0.35687185474792604 0.5037205168128742 0.4140812026089397 0.5683810244347884 0.43094083111557563
2 0.20532538949952375 0.2000757304901009 0.16635933768927583 0.15774224247370672 0.15364583413461536 0.16944444471153847 0.19261188594486328 0.21177793272793266
0 0.9651327617824715 0.14282564566696282 0.9532431451001779 0.11592388091414836 0.9329197990122697 0.12490607211636455 0.9448094156945632 0.15180783686917904
2 0.045054819843511416 0.024805064897517874 0.01754634401623197 -0.010126338160523555 -0.002963510587248361 0.006025169943614094 0.024544965240031084 0.04095657300165552