2 0.30840972860493665 0.42983270752408054 0.28045382466226065 0.40124144412755086 0.22142780263339146 0.4589557808139681 0.2493837065760675 0.48754704421049777
2 0.5449809697230349 0.3616834762192735 0.4931248798350361 0.34693329796572303 0.480249870237768 0.3921969987500896 0.5321059601257667 0.40694717700364014
2 0.6934623529221686 0.4455085535056392 0.6279134928742864 0.4066647864558641 0.6047662846425716 0.445725702224811 0.6703151446904538 0.4845694692745861
2 0.8157730531461898 0.4655198327421947 0.7621943736810255 0.4337695056967037 0.7391825289890727 0.4726019954813208 0.7927612084542369 0.5043523225268118
2 0.8509611427252349 0.3976340592909177 0.8040281579905871 0.3678353376783701 0.7829292165002626 0.4010661692475225 0.8298622012349105 0.43086489086007007
2 0.8734120936553164 0.5862240301342394 0.7974040530915452 0.5283131411310766 0.7642460745019644 0.5718329873125412 0.8402541150657356 0.6297438763157039
2 0.645737491777479 0.15108803707431118 0.6394143233112506 0.12026258840745983 0.5945559508144254 0.12946430512807566 0.6008791192806537 0.16028975379492702
2 0.7021659822786736 0.14449861879396705 0.6925755103689564 0.11302989632680377 0.6565539079901695 0.12400791318520143 0.6661443798998866 0.15547663565236472
3 0.6102412482797347 0.3152601581066344 0.6018067078307815 0.2330233859921691 0.4960988895427255 0.24386521314803317 0.5045334299916788 0.32610198526249845
2 0.41742332997091264 0.26155950599927524 0.3767364654019389 0.23744876738278856 0.3590038075783475 0.26737262242483495 0.39969067214732124 0.2914833610413216
2 0.46757993576899143 0.6607078766215481 0.43923483576467337 0.6174309852584502 0.3785416553104636 0.6571832460001179 0.4068867553147816 0.7004601373632158
2 0.2268343042228071 0.7417202131577612 0.18433322609610162 0.721228619666276 0.13560424425489032 0.8222961264528378 0.17810532238159577 0.8427877199443229
3 0.3473763637326058 0.7513163224469017 0.2966663755047884 0.7300747708211467 0.24033275382680921 0.8645601108024763 0.29104274205462655 0.8858016624282314
2 0.9344402158156379 0.5608797214350834 0.8769896731418183 0.5137408141028046 0.8501658355184555 0.5464323658435759 0.907616378192275 0.5935712731758547