2 0.5046895507223093 0.1817917485292009 0.46102855094899453 0.14729416265651527 0.4364562807630455 0.1783934368775559 0.4801172805363602 0.21289102275024158
2 0.043204756760847965 0.09075933779874525 0.015849424304376 0.054855466168958825 -0.007141717469403367 0.07237252765081428 0.0202136149870686 0.10827639928060072
3 1.0243286731522177 0.5485966841576909 0.9287833421823616 0.4806533409567446 0.8853155393347161 0.5417799416500249 0.9808608703045724 0.6097232848509712
2 0.28719123594047385 0.9021364834702523 0.24872086608531568 0.8853832582519161 0.2034070000502452 0.9894373232583535 0.24187736990540334 1.0061905484766898
0 0.33607541872440816 0.479681559079111 0.32509132497243 0.43867428148391724 0.31217850126689145 0.44213307403251173 0.3231625950188697 0.4831403516277054
3 0.6659198335918725 0.23032980143234102 0.6082189468317224 0.1908762021301768 0.5752324025586626 0.23911902127403353 0.6329332893188128 0.27857262057619775
2 0.8726582592218949 0.07151882372344981 0.8532253814680254 0.06714642976038086 0.8425425738789122 0.1146256129494532 0.8619754516327816 0.11899800691252214
2 0.7338927332261568 0.34581618339210707 0.6816557790802065 0.3120468288924272 0.658360580040989 0.3480815788028504 0.7105975341869393 0.3818509333025304
2 0.5632469292881063 0.44880662960021706 0.5105905357014865 0.39640339096837257 0.48398049051666187 0.4231419866962783 0.5366368841032817 0.47554522532812277
2 0.4222861157332053 0.32290440021397804 0.377636971421899 0.27754655638222414 0.35118522913028083 0.3035849999917752 0.3958343734415871 0.3489428438235291
3 0.7222179157647469 0.6593430766505222 0.6242889845160495 0.5598597011816987 0.5784613334953195 0.6049712875643382 0.6763902647440168 0.7044546630331615
3 0.5307161079238226 0.5211187824165042 0.43043459506036874 0.4127535813387526 0.3773172471865139 0.4619085494568172 0.47759876004996776 0.5702737505345687
3 0.2825565226559053 0.27348708723591686 0.1898754441318814 0.18935107398024278 0.1474715348932272 0.23606163096766047 0.2401526134172511 0.3201976442233345
2 0.8250740365364011 0.5601848261339922 0.7648945824885665 0.5025771567746536 0.7339056300586482 0.5349495519693654 0.7940850841064827 0.592557221328704
2 0.9182829328663421 0.6424723502734072 0.852420341000651 0.5702293179104547 0.8167192082006894 0.6027773583489197 0.8825818000663805 0.6750203907118723
2 0.4973304665375263 0.22631204623997853 0.4498689826414798 0.18626639994997446 0.42335282346378406 0.2176929438664687 0.4708143073598305 0.25773859015647277
2 1.02642456484302 0.7242805431608905 0.9440563189657832 0.6632670253495974 0.913867361472239 0.7040221163983789 0.9962356073494758 0.7650356342096719
3 0.12254598522704535 0.153678673376509 0.0772338422750741 0.10534573065394331 0.051639018481250624 0.12934088280582706 0.09695116143322188 0.17767382552839273
1 0.3272024134723632 0.24282250598182448 0.17584857076476224 0.1129249556599171 0.1322340533323435 0.16374365697395504 0.28358789603994444 0.29364120729586246