2 0.9291024575324062 0.6364515344342352 0.8591258918140835 0.5842826229657004 0.8289405147804516 0.6247716605987799 0.8989170804987742 0.6769405720673145
3 0.341227532372994 0.1586601292676097 0.2523884585019897 0.0909732190962612 0.21087722035311776 0.14545672178605493 0.2997162942241221 0.2131436319574034
2 0.8290794371658616 0.5568034483606233 0.75747361031245 0.508130212740422 0.7316318779144935 0.5461473815623007 0.8032377047679051 0.594820617182502
2 0.2209055860138656 0.12087228368608184 0.1932321764387227 0.08625204885352365 0.16978297411019108 0.10499598237640033 0.19745638368533397 0.13961621720895853
2 1.028038459326392 0.728666220181737 0.9533809464703551 0.6608292738657583 0.9205789244587291 0.6969293271999712 0.9952364373147661 0.76476627351595
3 0.9804931622173516 0.42097044009331547 0.8526372992519629 0.34148109860470915 0.7982894361323936 0.4288977611326452 0.9261452990977823 0.5083871026212515
3 1 0.46388888942307704 0.9645833341346154 0.46388888942307704 0.9645833341346154 0.5606481490384616 1 0.5606481490384616
2 0.298694095842418 0.24032357217522937 0.2598236140948484 0.20023838314271566 0.2357130305551832 0.223618340179756 0.27458351230275285 0.2637035292122697
2 0.2743194435858975 0.274324072626511 0.2406111103793041 0.22937963020315932 0.21316666688956046 0.24996296366868131 0.24687500009615382 0.29490740609203303
1 0.24401235822504888 0.2619929597409291 0.11656377327410815 0.13747905434569457 0.07208571519816902 0.18300541981588536 0.19953430014910975 0.30751932521111985
2 0.23522688546156656 0.1905998101509196 0.203123279444161 0.13775437160223872 0.18612555984797904 0.14808048693208833 0.2182291658653846 0.2009259254807692
3 0.10329040804822703 0.1722723024878287 0.05914296732511838 0.10948480135275453 0.025945773837369016 0.13282656691404218 0.07009321456047767 0.19561406804911635
2 0.09531249999999998 0.14722222115384614 0.08890753766439856 0.10357359021820156 0.07321287220128186 0.10587661184812024 0.0796178345368833 0.14952524278376483
1 0.2363497736389576 0.18892273979187882 0.10997939367419618 0.08503444229615842 0.07726510732968749 0.12482830642991104 0.20363548729444889 0.22871660392563145
0 0.1990319008837238 0.314291668705281 0.18511441700207298 0.31233452244033033 0.18066569976013416 0.34396984352874355 0.194583183641785 0.34592698979369424
2 0.31612500007909533 0.8312222214711689 0.27854296154930924 0.8153672990616975 0.2341410836434456 0.9206161954710647 0.2717231221732317 0.9364711178805363
2 0.8344453283281421 0.4846046869796805 0.7676941615727332 0.4354005741667197 0.7420985021304247 0.4701240969369167 0.8088496688858337 0.5193282097498775
2 0.16286948753680502 0.11896644821787622 0.13968650854190334 0.10248077711923667 0.13671285513971368 0.106662477939822 0.15989583413461533 0.12314814903846155
2 0.2242514925075912 0.765192902512353 0.1835752650942949 0.743994905651504 0.1315664788912486 0.8437930719108743 0.17224270630454488 0.8649910687717234
2 0.03323215700153049 0.11316678983384719 0.005766746257350818 0.07801106793490538 -0.014810013454336012 0.09408666322179317 0.012655397289843662 0.129242385120735