2 0.8903663431967245 0.4474686047401835 0.8215258296498338 0.3970755568897981 0.7925546762873015 0.43665222789099845 0.8613951898341922 0.4870452757413838
0 0.18912801008186042 0.31546203225125863 0.18233371083117084 0.2757746806620723 0.17146563549262586 0.27763524714414595 0.17825993474331542 0.31732259873333224
2 0.7645702117497322 0.8055958081235316 0.6883275303474355 0.7320155614887525 0.6483527838340516 0.7734367580999215 0.7245954652363482 0.8470170047347007
2 0.47207398687531155 0.2624461807079299 0.44387639133525375 0.25564854616218297 0.4274254667624521 0.32388941940154975 0.4556230623025099 0.3306870539472967
2 1.0273145226843179 0.5654832720420628 0.9697665166088261 0.514329505727729 0.9401113518020157 0.5476915771338734 0.9976593578775076 0.5988453434482073
2 0.29838012065724706 0.20258040405193586 0.25533282023608567 0.1613727266289202 0.23156631617910392 0.1862002321832667 0.2746136166002653 0.22740790960628238
2 0.24436873633234518 0.16094601483650958 0.20610850681218776 0.12207848208797804 0.1898406824378605 0.13809212253133463 0.22810091195801793 0.17695965527986618
3 0.250636746984043 0.2196505095856563 0.20409248184566173 0.13690515331778774 0.17362759508112624 0.15404165294670916 0.2201718602195075 0.23678700921457768
3 0.23425265054996539 0.26344588898908017 0.18987135990989207 0.150731495726741 0.13909746448618096 0.17072371628089567 0.18347875512625428 0.28343810954323484
3 0.17455320300050628 0.1685181621634722 0.08432454748577167 0.08214544158959401 0.04191486282758577 0.12644842060990816 0.13214351834232035 0.21282114118378637
2 0.8188240365364009 0.5398144559416846 0.7586445812877888 0.4822067854328841 0.7276556288578706 0.5145791806275959 0.7878350841064827 0.5721868511363964
2 0.9104704328663421 0.6221019800810995 0.844607841000651 0.5498589477181471 0.8089067082006896 0.5824069881566121 0.8747693000663808 0.6546500205195643
2 0.8846703272724277 0.5058228234691167 0.8184980532279097 0.4499899645597832 0.7853682388259545 0.4892549278891769 0.8515405128704725 0.5450877867985104
2 1.0223873754483594 0.6959585526056448 0.9308051251812842 0.6482001054764317 0.9048341506240044 0.6980024008724596 0.9964164008910795 0.7457608480016726
3 0.07942808388353632 0.10449633125240439 0.032476230645677145 0.058278113577417086 0.007617210718537779 0.08353172814697513 0.05456906395639695 0.12974994582196242
1 0.16603466116641805 0.09210358661066845 0.031092653307137834 -0.018128862274457806 -0.009995311088693478 0.0321693255141673 0.12494669677058676 0.14240177439929355
2 0.4722523863301097 0.2055889435745054 0.46401085585654367 0.15430827570532837 0.4439922055063054 0.1575255566760452 0.45223373597987143 0.2088062245452222