2 0.8463357595235759 0.9186840693961144 0.768757578681819 0.8359340117411895 0.7303191416312067 0.8719700473077391 0.8078973224729636 0.9547201049626638
2 0.6555058266137141 0.6500797180595044 0.5796588666641036 0.6234147752404214 0.5609681130752318 0.6765795935001727 0.6368150730248423 0.7032445363192555
2 0.2266104253544487 0.7429765472266943 0.18766503799260353 0.7214231019276329 0.13329732291848415 0.8196613044127006 0.1722427102803293 0.8412147497117618
2 0.13443043322273068 0.8987976038357869 0.0918772916081155 0.8791033103608158 0.041715154584689745 0.9874878291130279 0.08426829619930494 1.0071821225879989
2 0.2318674975681002 0.5377207248285669 0.19165788655232577 0.5069945129159887 0.12460480219769456 0.594742994472347 0.164814413213469 0.6254692063849252
3 1.0597149102922898 0.6584483894035207 0.7835118147524572 0.4548515261558958 0.7098312602895871 0.5548078658514851 0.9860343558294196 0.7584047290991098
2 0.804829141807897 0.4761545029695276 0.7952354531248045 0.4383793544025177 0.745740138538989 0.4509495932346883 0.7553338272220815 0.4887247418016983
2 0.8513598166898603 0.40621418713620316 0.8056156581284123 0.3740503241013456 0.78300054884056 0.4062140335421811 0.828744707402008 0.4383778965770387
2 0.6405953555063756 0.15761902456148566 0.6342973748356423 0.12573549864218814 0.5884517412937079 0.13479142660371463 0.5947497219644411 0.16667495252301215
2 0.7007818146916504 0.1539387150281534 0.6953210817541116 0.11996079879155565 0.6589828803311861 0.12580086302678828 0.6644436132687249 0.15977877926338602
2 0.8425477524794774 0.17894060261737973 0.8310323476675866 0.14898256108180513 0.7952361105347024 0.1627420773985879 0.8067515153465933 0.19270011893416253
3 1 0.12777777884615396 0.9572916658653846 0.12777777884615393 0.9572916658653846 0.20555555528846167 1 0.20555555528846167
3 0.30721441512273706 0.8485958758558494 0.25352249363127416 0.8261524068147649 0.1905389858459269 0.9768290044956908 0.24423090733738978 0.9992724735367753