2 0.23333333413461538 2.670410378203131e-17 0.20277777644230768 2.4833115485828966e-17 0.20277777644230768 0.013888889423076948 0.23333333413461538 0.01388888942307695
2 0.10453335183098404 0.15448862052996246 0.07869884260259995 0.11223484927318318 0.05278738943844663 0.1280774511517731 0.07862189866683071 0.17033122240855242
3 0.7922473926995455 0.373779940968714 0.7154396618794779 0.3214853190995694 0.6805311384085058 0.37275721625170194 0.7573388692285733 0.42505183812084657
2 0.3284046926818871 0.8245556210938211 0.2907281329741408 0.8073185946590938 0.2459680637339495 0.905154809486342 0.28364462344169583 0.9223918359210692
2 0.2536458341346155 0.9370370360576923 0.18822916586538474 0.9370370360576923 0.18822916586538474 1 0.2536458341346155 1
0 0.45091512852542137 0.6162130188342408 0.43461164571703037 0.5748073557173758 0.41684529098071954 0.5818028591632134 0.43314877378911054 0.6232085222800785
3 0.45097695422040185 0.08324904697649584 0.4054667663686778 0.04901916644665228 0.3758193398157592 0.08843677266841968 0.42132952766748333 0.12266665319826323
2 0.07294101746739313 0.06455655324962603 0.04072028772836746 0.029306528093188497 0.019084048542541542 0.04908340519558964 0.05130477828156721 0.08433343035202717
2 0.7951847880845235 0.16114354654947133 0.7866640782214991 0.12759324985081685 0.7446666666704901 0.13825925862082383 0.7531873765335146 0.1718095553194783
2 0.49904869756286463 0.17654575937554845 0.4615329950819716 0.14986789648767584 0.4408923310162983 0.17889379767588046 0.47840803349719135 0.20557166056375303
2 1.031346028907822 0.8922925897608494 0.968913143884581 0.8338758435291799 0.9348996612202526 0.870227745841582 0.9973325462434934 0.9286444920732513
2 0.7459357067319788 0.6191710891724677 0.6825523661249273 0.5551782910141976 0.6508606069790915 0.5865682227282174 0.7142439475861428 0.6505610208864875
3 0.9410923927530811 0.9562311823379501 0.7921875000000002 0.796296295673077 0.7248344603042743 0.8590042974206956 0.8737393530573553 1.0189391840855688
3 0.4147023997083611 0.40557027297344905 0.30736801888413606 0.2995610038845885 0.2588635312511901 0.3486717957240693 0.3661979120754152 0.4546810648129298
2 0.8271573688648439 0.5611107610625081 0.7669779226651497 0.5035030787634885 0.7359889616574714 0.5358754714257384 0.7961684078571655 0.5934831537247579
2 0.9203662664247048 0.6443242003702884 0.8545036737199067 0.5720811717757909 0.8188025434722407 0.6046292119998697 0.8846651361770388 0.6768722405943671
2 0.22954023018899206 0.029035759366710885 0.1952873566810345 -0.001411239307029184 0.17344827577917774 0.023157726707559667 0.2077011492871353 0.05360472538129974
2 1.0270611899480977 0.7226687843982457 0.9456188189657839 0.6623410998688277 0.9154298614722395 0.7030961909176087 0.9968722324545533 0.7634238754470265
3 0.19929901525778349 0.2231954996349901 0.15115739035243034 0.17242113816138835 0.12469570491216864 0.19751074043025874 0.17283732981752176 0.2482851019038605
1 0.49559984982272154 0.4028436680564268 0.32537831340827783 0.23543902792471197 0.26957441886048444 0.2921819274068357 0.4397959552749281 0.4595865675385505