2 0.8943849565592529 0.44572557750900954 0.8229704741840939 0.39885981089698397 0.7951808415764242 0.441205906385014 0.8665953239515832 0.48807167299703963
0 0.18964884456150494 0.3145361065276581 0.18285454087104863 0.27484875517208185 0.1719864687836678 0.27670932232431794 0.1787807724741241 0.31639667367989416
2 0.36610549177030943 0.7311745499650287 0.3256021555576097 0.7066719411131019 0.2708747669428853 0.797137484374261 0.311378103155585 0.8216400932261879
2 0.2875896865811453 0.6315942378371955 0.2474300401464019 0.6082118113708727 0.18724810409171205 0.7115751332739975 0.22740775052645545 0.7349575597403203
2 0.451782184620436 0.2185949903955862 0.438969531709881 0.16814529845652265 0.41639903448668064 0.1738775028729304 0.42921168739723564 0.22432719481199392
2 0.2971379643573732 0.203177204981819 0.25620745017594576 0.16159697482540586 0.23207022408512756 0.18535704231647473 0.273000738266555 0.2269372724728879
2 0.2433270692461108 0.1609460160382835 0.20506683972595321 0.12207848328975214 0.18879901535162594 0.13809212373310892 0.22705924487178353 0.1769596564816403
3 0.2509816743023356 0.21736128370069885 0.20220444551937083 0.13684014182527038 0.17257306234522896 0.15478992150520643 0.22135029112819365 0.2353110633806349
3 0.2337928726570112 0.2633316085069373 0.18955267877393223 0.15241601843722233 0.139046197675045 0.17256121637344043 0.18328639155812398 0.2834768064431554
3 0.17455320237157118 0.16759223997254338 0.0843245515778991 0.08121951324002546 0.04191486453563017 0.1255224892738383 0.13214351532930227 0.21189521600635622
2 0.81882403589069 0.5379626133843955 0.7597030734044444 0.4813681801320758 0.7287141122321018 0.5137405727097979 0.7878350747183472 0.5703350059621177
2 0.9115120992465768 0.6193242015670914 0.845649505450676 0.5470811717757909 0.8099483765157536 0.5796292108030664 0.8758109703116544 0.6518722405943669
2 0.8851911600028567 0.5039709713227961 0.8190188847735567 0.4481381114138027 0.7858890703716016 0.4874030747431964 0.8520613456009016 0.5432359346521898
2 1.0226575370465845 0.6909265976132615 0.9318467910466689 0.6435704756687394 0.9058758164893891 0.6933727710647672 0.9966865624893047 0.7407288930092896
3 0.07890725219601837 0.10634819032624236 0.031955402819515887 0.06012996145357555 0.007096378171988049 0.0853835726231665 0.05404822754849053 0.1316018014958333
1 0.1383548859469127 0.0734450828666695 0.024597700196159762 -0.02767241333471261 -0.01908046083079456 0.021465518910949798 0.09467672491995836 0.12258301511233191
3 0.38356255372418047 0.04202451444336151 0.32158623248943996 0.004675319483630664 0.28817319971782446 0.06012007149805205 0.350149520952565 0.0974692664577829
2 0.4111961129424356 0.45048828116156925 0.3788544906488639 0.42917746380528593 0.33835364446580457 0.4906421672900797 0.37069526675937625 0.511952984646363