3 0.9657578617122451 0.48265758138239395 0.8975046521633233 0.3280749697027521 0.8101635796596358 0.36663887064250333 0.8784167892085577 0.5212214823221453
1 0.11189829272514916 0.06226437012896047 0.012555917098579238 -0.015948039867354755 -0.026172626106340732 0.03324345655519842 0.07316974952022919 0.11145586655151364
2 0.40042463712220483 0.4570623069723391 0.3690465037986306 0.43739494202060736 0.3343002575880396 0.4928305506425779 0.36567839091161386 0.5124979155943096
1 0.24201768557429554 0.23889206741166694 0.11556152934717688 0.1137004754060465 0.06996082225522841 0.15976179667934437 0.1964169784823471 0.28495338868496484
2 1 0.695370370192308 0.9803838558591255 0.6951767895285994 0.9798442921787314 0.7498524927988813 0.9994604363196059 0.7500460734625899
2 0.6240062888552677 0.19497489388338024 0.6028406040389104 0.1691792179937983 0.5641346736568464 0.20093793315588085 0.5853003584732037 0.2267336090454628
2 0.8304296685896495 0.5455109399830999 0.7603733288421056 0.49387049365454266 0.7328253660336326 0.5312425455842303 0.8028817057811766 0.5828829919127876
0 0.18023501627751243 0.30944901109139705 0.17532245049024417 0.27451520237969357 0.16242643302508247 0.2763287044433876 0.16733899881235073 0.31126251315509107
2 0.24245608573152597 0.7259181977241878 0.2023517807602766 0.7036962232783671 0.14484765812383993 0.8074747096112732 0.1849519630950893 0.8296966840570937
2 0.6248783472228118 0.31925167070154764 0.5981120229117224 0.2927530088274909 0.555630081324687 0.3356640596302712 0.5823964056357765 0.36216272150432793
2 0.2735007556247314 0.24104014031641768 0.22975720742002934 0.20474918714912735 0.2061576943285746 0.2331950213978128 0.24990124253327664 0.26948597456510315
0 0.4416666658653846 5.325937897635437e-17 0.4234375 5.214316449494589e-17 0.4234375 0.01574074038461544 0.4416666658653846 0.01574074038461544
2 0.30002223513089843 0.21792005884593582 0.2579333467366217 0.18228925248565642 0.23675517418749445 0.20730596784713165 0.27884406258177113 0.24293677420741105
0 0.7137120442087777 0.9415351750062874 0.6953380987768778 0.8958044488498589 0.6753504528899091 0.9038351963517258 0.693724398321809 0.9495659225081544
2 0.9366448711531036 0.6300930293987329 0.8669732349435542 0.5722913766469874 0.834364657729684 0.6115963587850138 0.9040362939392335 0.6693980115367594