2 0.11495001769636862 0.16467380562611628 0.08911550912208498 0.12242003543915447 0.06320405595793165 0.1382626373177444 0.0890385645322153 0.1805164075047062
3 0.7526378155369617 0.3424259366868779 0.6778838400273839 0.2924113312026674 0.6431289497712722 0.34435748152996826 0.7178829252808501 0.39437208701417875
2 0.32892552681650256 0.8245556210938211 0.29124896512096676 0.8073185937496802 0.24648889588077544 0.9051548085769283 0.2841654575763112 0.9223918359210692
2 0.2753829317876835 0.9488717530973809 0.22549058222009233 0.9235296083295901 0.18697265838514585 0.9993617740045923 0.23686500795273702 1.024703918772383
0 0.4745291606779769 0.6400728284507485 0.4552083341346154 0.6000000000000001 0.4370970794389309 0.6087322114257055 0.4564179059822924 0.6488050398764541
3 0.41660175179748477 0.06013901749340465 0.3731141236529058 0.029214501549109154 0.34565157786469747 0.06783373107213045 0.38913920600927643 0.09875824701642595
2 0.103327546875 0.08729745312500002 0.06892361177884615 0.05289351802884617 0.04728009254807693 0.0745370372596154 0.08168402764423077 0.10894097235576926
2 0.7765138072810469 0.16588538332017327 0.7678984225820891 0.1319623044371099 0.7267846409072646 0.1424038992810974 0.7354000256062224 0.17632697816416076
2 0.46343356456988005 0.154547263274938 0.4273047645022856 0.1270205658347558 0.4083026966043472 0.15196078663121498 0.44443149667194165 0.1794874840713972
2 0.829873324459464 0.7067115419049478 0.7617281338401428 0.6349207233724989 0.7283201538538278 0.66663220418456 0.796465344473149 0.7384230227170089
3 0.9804276740130639 0.9964220910100103 0.8880208341346152 0.8981481490384616 0.8247771531727004 0.9576160871584497 0.9171839930511491 1.0558900291299984
3 0.43981632789440545 0.4398258878603357 0.3370815724529362 0.32360068495113653 0.28587249502306394 0.36886584185734816 0.38860725046453315 0.4850910447665474
2 0.8271573688648439 0.5611107610625081 0.7669779226651497 0.5035030787634885 0.7359889616574714 0.5358754714257384 0.7961684078571655 0.5934831537247579
2 0.9203662664247048 0.6443242003702884 0.8545036737199067 0.5720811717757909 0.8188025434722407 0.6046292119998697 0.8846651361770388 0.6768722405943671
2 0.1833333341346154 1.996429427172883e-17 0.1427083341346154 1.7476730460960768e-17 0.1427083341346154 0.01944444471153848 0.1833333341346154 0.019444444711538483
2 1.0270611899480977 0.7226687843982457 0.9456188189657839 0.6623410998688277 0.9154298614722395 0.7030961909176087 0.9968722324545533 0.7634238754470265
3 0.2133213595638275 0.24270965824663812 0.16831786857988054 0.18556237847016174 0.13970694797585345 0.20809348253114227 0.1847104389598004 0.2652407623076186
1 0.5313295337950372 0.4346433086114079 0.34944900311204063 0.2621936332145759 0.2925851830235194 0.3221671979694139 0.4744657137065159 0.4946168733662458