2 0.8892106330400028 0.4428959753809793 0.8188882995567173 0.39674693167122554 0.7919340166361342 0.4378201136913213 0.8622563501194198 0.48396915740107505
0 0.18912801008186042 0.31546203225125863 0.18233371083117084 0.2757746806620723 0.17146563549262586 0.27763524714414595 0.17825993474331542 0.31732259873333224
2 0.7972326539280614 0.8394651064260589 0.7200762101331425 0.7605551125740392 0.6782701661038579 0.8014321362433402 0.7554266098987769 0.8803421300953598
2 0.4748934188233077 0.24445518581308023 0.44842108028010724 0.2384989081190642 0.43336834246040823 0.30539994800265535 0.45984068100360875 0.3113562256966714
2 1.0238153383783717 0.5610159205393557 0.9634753619422798 0.5090056921888001 0.9344472028454095 0.5426828839919692 0.9947871792815014 0.5946931123425248
2 0.29838012065724706 0.20258040405193586 0.25533282023608567 0.1613727266289202 0.23156631617910392 0.1862002321832667 0.2746136166002653 0.22740790960628238
2 0.24488956804433676 0.16187194270204927 0.2066293385241793 0.12300440995351768 0.1903615153516261 0.1390180492138779 0.22862174487178358 0.17788558196240947
3 0.250636746984043 0.2196505095856563 0.20364119618774618 0.1361028677422871 0.17317630942321072 0.15323936737120852 0.2201718602195075 0.23678700921457768
3 0.23425265054996539 0.26344588898908017 0.18987135990989207 0.150731495726741 0.13909746448618096 0.17072371628089567 0.18347875512625428 0.28343810954323484
3 0.17455320300050628 0.1685181621634722 0.08432454748577167 0.08214544158959401 0.04191486282758577 0.12644842060990816 0.13214351834232035 0.21282114118378637
2 0.8188240365364009 0.5398144559416846 0.7586445812877888 0.4822067854328841 0.7276556288578706 0.5145791806275959 0.7878350841064827 0.5721868511363964
2 0.9104704328663421 0.62117605460033 0.844607841000651 0.5489330222373778 0.8089067082006896 0.5814810626758427 0.8747693000663807 0.6537240950387949
2 0.8846703272724277 0.5058228234691167 0.8184980532279097 0.4499899645597832 0.7853682388259545 0.4892549278891769 0.8515405128704725 0.5450877867985104
2 1.0223873754483594 0.6959585526056448 0.9308051251812842 0.6482001054764317 0.9048341506240044 0.6980024008724596 0.9964164008910795 0.7457608480016726
3 0.07942808388353632 0.10449633125240439 0.032476230645677145 0.058278113577417086 0.007617210718537779 0.08353172814697513 0.05456906395639695 0.12974994582196242
1 0.16610688735552825 0.09123372110712623 0.030913075691031633 -0.01809136569640907 -0.010215053553153781 0.03276858531505148 0.12497875811134285 0.14209367211858678
2 0.4681400665345526 0.1893396227954307 0.45930359174405755 0.14221174093262728 0.43817151539813654 0.14617400387593454 0.4470079901886316 0.193301885738738