2 0.9257861897279549 0.6380363589939028 0.8583954372068482 0.5841237569770171 0.8272752929760789 0.6230239372654786 0.8946660454971856 0.6769365392823642
3 0.33914419823837866 0.16236383359453285 0.2503051243673744 0.09467692342318426 0.2087938870922102 0.1491604249662363 0.2976329609632144 0.21684733513758486
2 0.826465719042787 0.5632436796823925 0.758271745354754 0.5084929711898769 0.7307712331339282 0.5427458467860127 0.7989652068219613 0.5974965552785283
2 0.21830141910733702 0.12365006075244231 0.1906280072009959 0.08902982773398563 0.16717880710966973 0.10777376202973493 0.19485221901601082 0.1423939950481916
2 1.0262317332852549 0.7270173542639564 0.9484648645357769 0.6593019804192685 0.916421532491708 0.6961017417715796 0.9941884012411859 0.7638171156162675
3 0.8661133849860062 0.33945294958272737 0.7490632191882262 0.2701469307812448 0.6985912590903388 0.35538846390867185 0.8156414248881189 0.4246944827101544
3 1.0279858461798772 0.4673896378761772 0.9135416658653848 0.40925925961538484 0.8757821354916467 0.4835983338133122 0.9902263158061391 0.5417287120741046
2 0.5029261700475481 0.40710580609555824 0.45015546593666256 0.3680163941396115 0.4260559672946694 0.40055071605498227 0.47882667140555496 0.439640128010929
2 0.4615658926877181 0.43840378721181283 0.4141646425949838 0.39396511952282326 0.3879966499999209 0.42187764764145363 0.4353979000926552 0.4663163153304432
1 0.3691959984825944 0.37707857551216867 0.22149325403770054 0.23981135259558928 0.17261241451344667 0.2924082799253598 0.3203151589583405 0.42967550284193917
2 0.35128488016347365 0.27697812600872 0.2992627615636947 0.23274676133572514 0.27401205698294806 0.26244503445343403 0.326034175582727 0.3066763991264289
3 0.17507123093952293 0.2285115140584053 0.11957635741860723 0.17213577223959328 0.0877681330760879 0.20344699458210794 0.14326300659700358 0.25982273640091996
2 0.14679238340772557 0.16164751263342644 0.1173670991463156 0.12854406147329198 0.09648706845204899 0.1471040851878485 0.12591235271345894 0.180207536347983
1 0.3089536969593044 0.2558272967988362 0.17440066944892185 0.14317825151866845 0.13038371057673465 0.19575406397515877 0.2649367380871172 0.3084031092553265
0 0.29322916586538467 0.4222222211538461 0.27812500000000007 0.4222222211538461 0.27812500000000007 0.45555555528846153 0.29322916586538467 0.45555555528846153
2 0.3155208967107227 0.8323481480572131 0.2787098965238812 0.8173759821030042 0.2354966656671456 0.9236212811470038 0.27230766585398714 0.9385934471012128
2 0.47497611553003877 0.20255965588585406 0.43180525611510184 0.1669265574424536 0.41107369999023674 0.1920436293227179 0.4542445594051737 0.2276767277661184
2 0.24842313046156378 0.19304278636444103 0.22834052132591182 0.17519156794510332 0.22604166586538466 0.1777777788461539 0.24612427500103662 0.1956289972654916
2 0.22278864796698408 0.7686433303726119 0.1825016675777014 0.7476986779248171 0.1305820338806186 0.8475659480925472 0.17086901426990128 0.8685106005403417
2 0.07766491070568209 0.15852651908348586 0.05025881941280412 0.12149783763207975 0.0253932187426504 0.13990165044169312 0.052799310035528374 0.17693033189309926
3 1 0.4796296298076924 0.9302083341346153 0.4796296298076924 0.9302083341346153 0.6231481490384615 1 0.6231481490384615