2 0.36706445519156616 0.3923782940578138 0.3467965794572494 0.35475605117299785 0.28453955805416975 0.3882951885723679 0.3048074337884865 0.42591743145718386
2 0.6017128442067197 0.38455756032931476 0.5487113385253582 0.3610013367145538 0.5296391742161248 0.4039137084734236 0.5826406798974862 0.4274699320881846
2 0.7391575572999385 0.48727217634914577 0.6789548515795887 0.4309421616954614 0.6489043421491127 0.46305864501455835 0.7091070478694625 0.5193886596682427
2 0.8172593405673568 0.47228608365341745 0.7671479923356656 0.4277426555077381 0.7393318966995946 0.45903575783265144 0.7894432449312861 0.5035791859783308
2 0.851230490940795 0.3944320552566087 0.8023459459629113 0.3633942530996105 0.7808280202581118 0.3972849906468843 0.8297125652359955 0.4283227928038825
2 0.9359776701987316 0.6321045432051986 0.8503137405529917 0.5671268658093461 0.8150816062754622 0.6135754800562476 0.9007455359212021 0.6785531574521
2 0.645737491777479 0.1492361837089266 0.6394143237844366 0.11841073734885763 0.5945559508144255 0.1276124541665372 0.6008791188074677 0.15843790052660617
2 0.7021659815952599 0.14079491825764984 0.6928337178316349 0.11017342765706789 0.6568121143677345 0.12115144009606518 0.6661443781313594 0.15177293069664713
3 0.5613889382425772 0.24497384716456136 0.45765502130600344 0.23872246264030578 0.45265404983957136 0.32170733690107167 0.5563879667761451 0.3279587214253272
2 0.3747000856469558 0.24360528874080423 0.3403657834894744 0.21325621899330738 0.3215842714412602 0.23450399083616422 0.3559185735987417 0.2648530605836611
2 0.41322223076916437 0.6747728439923549 0.3768159990224173 0.6488839693282148 0.3261764455752522 0.7200958447869391 0.36258267732199934 0.7459847194510792
2 0.22719653011086638 0.7381911534746297 0.18445396935908323 0.717583130847545 0.13655373945563923 0.8169317449150343 0.17929630020742238 0.8375397675421191
3 0.31516584652781976 0.8143698737299595 0.264484520441776 0.7939669130399445 0.20515992990770415 0.9413302767918398 0.2558412559937479 0.961733237481855
2 0.9802981913879132 0.5953444030921646 0.9216566324279079 0.545149163292636 0.8939573196335782 0.577509420776565 0.9525988785935836 0.6277046605760936