3 0.9937912064427581 0.9820379413320945 0.8949843112854576 0.8811979802989767 0.8468375753712323 0.928374014868057 0.9456444705285327 1.029213975901175
2 0.23461376230302797 0.7458403898261756 0.19708097192022273 0.7261842080041401 0.1511795399970828 0.8138313837496588 0.18871233037988805 0.8334875655716942
1 0.24460013512696002 0.24966976083107678 0.11990928195908292 0.12533314195465883 0.075003452468743 0.1703669078875017 0.1996943056366201 0.2947035267639197
3 0.11511697368261713 0.734604792174016 0.06666057145179921 0.7047209116646814 -0.018245695168282543 0.8423955421724103 0.030210707062535376 0.8722794226817447
2 0.7157928476081453 0.17324227693862013 0.7066181127871846 0.13883702235247683 0.6648974192428655 0.14996254095189038 0.6740721540638261 0.18436779553803367
2 0.8332484423685226 0.559192187032266 0.7652878336307066 0.5054949068951833 0.7369621611000435 0.5413445801594068 0.8049227698378594 0.5950418602964896
0 0.07099559546461656 0.20541904849259568 0.05976330428756279 0.17213819022588578 0.04639069593403611 0.17665144615275472 0.05762298711108989 0.2099323044194646
2 0.2778099501406266 0.7785419371538551 0.2401838874119394 0.7600984470372025 0.1804131608313192 0.882035081233735 0.21803922356000635 0.9004785713503876
3 0.28736284032542775 0.4988677871893844 0.2455416275509568 0.46331975850257007 0.1730362710734508 0.5486201830985306 0.21485748384792172 0.5841682117853448
2 0.25952715360488904 0.2529286298403162 0.2279845495129792 0.20246046620488506 0.20289091787167515 0.21814398688551848 0.23443352196358502 0.2686121505209496
0 0.7408226417327258 0.10281089987954702 0.7391510691704911 0.07903746372800279 0.7206228785242642 0.08034022934062432 0.7222944510864989 0.10411366549216854
2 0.20891882156834046 0.15005747316598828 0.17146551780664038 0.11676564439889557 0.15169540140339646 0.13900702321395086 0.18914870516509652 0.17229885198104355
0 0.40346156583952 0.7293610201412007 0.3905363052499381 0.7244371089102691 0.3758168268098148 0.7630757207085832 0.38874208739939675 0.7679996319395148