2 0.9304881959481295 0.6330815367520581 0.8602206032141961 0.5834808819353303 0.8301782619193189 0.6260408644735109 0.9004458546532523 0.6756415192902387
3 0.3422691982383786 0.1577342037868405 0.2534301243673744 0.09004729361549192 0.21191888709221018 0.144530795158544 0.30075796096321444 0.2122177053298926
2 0.8306528795498804 0.5560211267273185 0.7586908158160336 0.5071057431929047 0.7325831963606831 0.5455140728314357 0.80454526009453 0.5944294563658497
2 0.22246808737656784 0.11994635642551922 0.19479467547022675 0.08532612340706248 0.17134547391219973 0.10407005887520755 0.19901888581854085 0.13869029189366427
2 1.0290801259825324 0.724962517004528 0.9544226144708022 0.6571255679146512 0.9216205891448579 0.6932256227702316 0.996278100656588 0.7610625718601084
3 0.984138993948121 0.42097044009331613 0.8562831327164535 0.34148109968258156 0.8019352695968838 0.428897762210517 0.9297911308285514 0.5083871026212516
3 1 0.4629629639423078 0.9661458341346154 0.4629629639423078 0.9661458341346154 0.5583333341346155 1 0.5583333341346155
2 0.298694095842418 0.23661986784830627 0.2598236140948484 0.19653467881579262 0.2357130305551832 0.2199146358528329 0.27458351230275285 0.25999982488534656
2 0.2701527789589742 0.2669166644483514 0.23644444190183136 0.221972222447253 0.20899999909670353 0.24255555794395622 0.2427083361538464 0.28749999994505465
1 0.23957920981030767 0.25339927918541905 0.11239710740872356 0.1291457202110792 0.06791904815885583 0.174672086882867 0.19510115056043992 0.2989256458572068
2 0.22942966873568948 0.18215446148539163 0.19725371483013426 0.12918992627042564 0.18281250000000002 0.13796296394230767 0.2149884539055552 0.1909274991572737
3 0.10329041216352791 0.16949451836050985 0.059142962162949425 0.10670702440655805 0.025945771703299456 0.1300487954135666 0.07009322170387794 0.19283628936751843
2 0.09375 0.14259259375 0.09000541310020041 0.10074832818527714 0.07495078565362812 0.10209554649481115 0.07869537255342769 0.143939812059534
1 0.23687060682903535 0.18614496613902326 0.11050022830100409 0.08225666368146818 0.07914859832241766 0.12039298176678324 0.20551897685044893 0.22428128422433835
2 0.3166458345844362 0.828444445550345 0.279063795923452 0.812589522442371 0.2346619161836327 0.917838418929481 0.2722439548446169 0.933693342037455
2 0.8743918983543156 0.5134988764048531 0.8035439907860499 0.45996934951206647 0.7774908632222446 0.49445143221759186 0.8483387707905103 0.5479809591103785
2 0.1270833341346154 0.07407407451923079 0.09635416586538462 0.07407407451923079 0.09635416586538462 0.09444444471153846 0.1270833341346154 0.09444444471153846
2 0.2215343480910725 0.7682360495960258 0.1811162736504732 0.7468382444819309 0.12768581020686756 0.847762448499326 0.16810388464746687 0.8691602536134209