2 1 0.5129629639423079 0.9421875 0.5129629639423079 0.9421875 0.5953703701923078 1 0.5953703701923078
0 0.18912801008186045 0.31361018128972007 0.18233371083117086 0.2739228297005338 0.17146563549262586 0.27578339618260744 0.17825993474331542 0.3154707477717938
2 0.0629407043269232 0.9898148149038462 0.03032852644230781 0.9898148149038462 0.03032852644230781 1 0.0629407043269232 1
2 0.40952974993965874 0.4307741111847486 0.37678214989422304 0.4111651639733643 0.3401172995026125 0.47239669483561886 0.37286489954804813 0.4920056420470032
2 0.2973563534284041 0.19867426679791508 0.25671944515845807 0.1573116966706916 0.23123153800529603 0.18235244587438398 0.27186844627524204 0.22371501600160754
2 0.24062499879807692 0.15833333293269233 0.20341435216346154 0.12112268629807697 0.18845486177884618 0.13608217668269235 0.22566550841346153 0.1732928233173077
3 0.2529462010497264 0.20584396432124372 0.19794957136824157 0.1335778583524962 0.16785875902470615 0.15647785055614633 0.22285538870619098 0.22874395652489385
3 0.2507112067639258 0.23871966770557027 0.1741594830238726 0.15259897849801066 0.13243175336538457 0.18969029375000007 0.2089834771054377 0.27581098295755974
3 0.174032370640802 0.16666631449177416 0.08380371739196842 0.08029358540901625 0.04139402920023713 0.12459656264360675 0.1316226824490707 0.21096929172636464
2 0.8183615150032507 0.5347420705793787 0.7597030656154858 0.478590405348653 0.7287141131855677 0.5109628005433648 0.7873725625733325 0.5671144657740905
2 0.9116460841829672 0.6078684021714862 0.8411396311218184 0.5455457357084611 0.8109228612485209 0.5797303652765038 0.8814293143096695 0.6420530317395289
2 0.8994658121598106 0.5053151675429214 0.8242120698419249 0.45514601323359966 0.7933360032762482 0.5014601197620325 0.8685897455941339 0.5516292740713543
2 1.0244387645726027 0.694947897483422 0.9343436721358886 0.6377446557040757 0.9060022567750493 0.6823823782753176 0.9960973492117634 0.739585620054664
3 0.07217475510479689 0.11029442259075194 0.037595583756482295 0.05496774843344858 0.007424963618193614 0.07382438601987901 0.0420041349665082 0.12915106017718236
1 0.07447916586538461 4.560533604010403e-18 0 0 4.705818664429875e-18 0.07685185096153846 0.07447916586538463 0.07685185096153847
3 0.4709997821082552 0.2584541999735726 0.4624893852635753 0.157590233490572 0.4277626504562236 0.16052030162724729 0.43627304730090355 0.2613842681102479
2 0.2190718386653293 0.7439294192676573 0.18035748785680714 0.7228439259840899 0.12804310197886432 0.8188965750719568 0.16675745278738646 0.8399820683555242