2 0.9219351709572122 0.6224228975769998 0.851235554961261 0.5679580072100389 0.8203780311666543 0.6080134460104447 0.8910776471626055 0.6624783363774056
3 0.3307647463255829 0.1541433370269501 0.243114608519672 0.08488891048515311 0.20057605899909187 0.1387267648104958 0.2882261968050028 0.20798119135229284
2 0.8193612751918287 0.5490952703219392 0.7529900680399748 0.4935690353099261 0.7250320526108088 0.5269876028249473 0.7914032597626627 0.5825138378369604
2 0.20892641910733709 0.11531672661782692 0.18125300720099596 0.0806964935993702 0.1578038071096697 0.09944042789511946 0.18547721901601089 0.13406066091357619
2 1.0247151291513419 0.7147552239948775 0.9419848960342687 0.6436685011614777 0.9101832357625402 0.6806790519777816 0.9929134688796134 0.7517657748111813
3 0.853814775263898 0.1409909743725725 0.8196177699224662 0.0929014363047824 0.7317286405948976 0.1554003736169241 0.7659256459363294 0.2034899116847142
2 0.30872418838513654 0.8242760571618144 0.2708001478686602 0.8087616768149134 0.22705752253123945 0.9156880933717149 0.2649815630477158 0.9312024737186159
2 0.21497614777722032 0.761235921068872 0.1746891670564139 0.7402912692725944 0.12201162953409152 0.8416163693135766 0.16229861025489795 0.8625610211098541
2 0.646765550501964 0.1418363747965224 0.6439881376239937 0.11163199682961311 0.6005502193885739 0.11562628645317202 0.6033276322665441 0.14583066442008133
3 0.24635416586538475 0.9453703701923076 0.18071581250000016 0.9453703701923076 0.18071581250000016 1 0.24635416586538475 1
2 0.5043822791514251 0.46849562715126775 0.44800115497748716 0.4163743975540268 0.4202165689154803 0.44642983195165276 0.4765976930894182 0.4985510615488937
3 0.6615101889613382 0.2093836179841026 0.5557103670743526 0.1461605676935498 0.5133353638313415 0.21707248628917858 0.619135185718327 0.2802955365797314
2 0.3723835772314941 0.1309774909464757 0.33618211966095224 0.10094368127168198 0.31391728265721547 0.12778075458450486 0.3501187402277574 0.15781456425929857
2 0.7922140293086267 0.12088918945984159 0.7905356650535171 0.08806781906628144 0.7564392196860452 0.08981138596933455 0.7581175839411548 0.1226327563628947
2 0.6052055288652003 0.3087283810841299 0.5631203444718653 0.2820076251242936 0.5422608231921385 0.3148613662659561 0.5843460075854735 0.3415821222257924
2 0.8554215181821301 0.39941085955477423 0.7970331820534818 0.35789026001246305 0.774818245207213 0.38913001121920693 0.8332065813358612 0.4306506107615181
2 0.8843349358357988 0.4739316238905327 0.8296207267011833 0.4374554844674559 0.8069177352071004 0.4715099717085801 0.8616319443417159 0.507986111131657
2 1 0.5981481490384617 0.9635416658653846 0.5981481490384617 0.9635416658653846 0.6561833028846155 1 0.6561833028846155