1 0.02604166586538462 0.023180076923076925 2.8387407007835585e-18 0.023180076923076925 7.372514447494467e-18 0.09722222115384614 0.026041665865384624 0.09722222115384614
2 0.6142185462307196 0.27478423479989517 0.5683945925979725 0.24164369326296598 0.5443164696258957 0.27493689667687327 0.5901404232586428 0.30807743821380246
2 0.4001147405915054 0.4484912263707058 0.355816447434572 0.40232595393663495 0.3287801021874461 0.4282689167851625 0.3730783953443794 0.4744341892192333
3 0.25625 2.877441600340363e-17 0.20833333413461538 2.5840366429510802e-17 0.20833333413461538 0.043518519230769256 0.25625 0.04351851923076926
2 0.3300088572281185 0.8358023680852443 0.292531646140603 0.818497125267993 0.24819669990854706 0.9145113884620378 0.2856739109960626 0.9318166312792889
2 0.26354166586538474 0.9314814807692307 0.1969525697115386 0.9314814807692307 0.1969525697115386 1 0.26354166586538474 1
2 0.17294681974636375 0.21880028615374572 0.13786866687894678 0.18478510449362154 0.11456320294147522 0.20881886197324326 0.14964135580889218 0.2428340436333674
2 0.871515547956768 0.7612428215692467 0.8040662751689573 0.6932939260758685 0.7711813672705122 0.7259370339194745 0.8386306400583229 0.7938859294128526
2 0.7216382708695706 0.18850094787774013 0.7138071190973376 0.15472910649532595 0.6701612786351432 0.16484988128565434 0.677992430407376 0.19862172266806852
3 0.9379557283653848 1 0.8213541658653847 0.8879629639423077 0.7696306738935971 0.9417937344989387 0.8862322363935973 1.053830770556631
2 0.8250740358906901 0.5731477984805495 0.7648945899477824 0.5155401159708167 0.7339056287754399 0.5479125085485389 0.7940850747183474 0.6055201910582718
2 0.9177620992465767 0.6545093866632453 0.8518995054506759 0.5822663568719446 0.8161983765157536 0.6148143958992199 0.8820609703116541 0.6870574256905209
2 1.0268489812958477 0.7330825809716104 0.945097984831168 0.6725262849649819 0.9149090273376236 0.7132813760137634 0.9966600238023033 0.7738376720203919
3 0.602590162250541 0.6428338871528289 0.5283950697233226 0.5585629203287789 0.4889646774461646 0.5932788101974273 0.563159769973383 0.6775497770214773