2 0.8912939671746182 0.44752560518867157 0.8209716336913325 0.40137656147891787 0.7939717256727165 0.4425192674392985 0.8642940591560021 0.4886683111490522
0 0.18912801008186042 0.31546203225125863 0.18233371083117084 0.2757746806620723 0.17146563549262586 0.27763524714414595 0.17825993474331542 0.31732259873333224
2 0.5111716092850261 0.6912546827026638 0.5001456064186027 0.6292333772193595 0.43344453473017774 0.6410913379942751 0.44447053759660116 0.7031126434775795
2 0.3945641805833392 0.46538929968736614 0.35976289651903 0.44353733067259415 0.30969016677199346 0.523282789336937 0.34449145083630267 0.5451347583517089
2 0.38807843019644367 0.1084033900870005 0.3593046931074027 0.07340376235033313 0.33515923383502944 0.09325411910911534 0.3639329709240704 0.1282537468457827
2 0.2971379655591473 0.20595498264497752 0.25620745137772 0.1643747524885641 0.2320702240851276 0.1881348211626285 0.2730007382665549 0.2297150513190419
2 0.243847898911375 0.16372380610831108 0.2055876788956605 0.12485625738813658 0.1893198567831259 0.14086988504660042 0.22758007679884046 0.17973743376677492
3 0.2509816743023356 0.2201390601430066 0.20220444551937092 0.1396179182675781 0.1725730612799601 0.1575676985928212 0.2213502900629248 0.23808884046824969
3 0.23327203874493302 0.26518345904746454 0.1890318430633951 0.15426786970431858 0.13852536419653805 0.17441306770117068 0.182765559878076 0.28532865704431665
3 0.17455320300050628 0.1685181621634722 0.08432454748577167 0.08214544158959401 0.04191486282758577 0.12644842060990816 0.13214351834232035 0.21282114118378637
2 0.8188240377371786 0.5416663080526851 0.7597030656154862 0.4850718861178836 0.7287141119847901 0.5174442825669794 0.7878350841064825 0.574038704501781
2 0.9104704334868926 0.6230279036061087 0.8446078407820946 0.5507848750116113 0.8089067093376255 0.5833329163267927 0.8747693020424234 0.6555759449212901
2 0.8836286600028566 0.5076746756497195 0.8174563847735571 0.4518418157407258 0.7843265715563839 0.4911067776659331 0.8504988467856833 0.5469396375749268
2 1.022522456976048 0.6948314631354037 0.9313259569120539 0.6472741775918163 0.9053549818831708 0.6970764738921964 0.9965514819471649 0.7446337594357838
3 0.07890725099424434 0.1082000425086306 0.031955401617741845 0.06198181363596377 0.007096378171988058 0.08723542358470496 0.05404822754849055 0.13345365245737179
1 0.154353022399165 0.08805560394747666 0.027217405047564616 -0.02282157577115457 -0.016268995641324384 0.027041438529992523 0.110866621710276 0.13791861824862373
3 0.26446759375 2.9046382679573027e-17 0.20989583413461538 2.5704826142732047e-17 0.20989583413461538 0.02314814903846157 0.26446759375 0.023148149038461574
2 0.4754798497768763 0.3092737767857774 0.44535348282799003 0.2962817812834848 0.41926335537776305 0.3567806286830282 0.44938972232664925 0.36977262418532075