2 0.9262984529960087 0.6289098671929428 0.8584211741046305 0.5744134175297313 0.8270857536598697 0.6134428054229295 0.8949630325512479 0.6679392550861409
3 0.337581699287369 0.155882355407778 0.24874263000035207 0.08819543896645611 0.20723138939782787 0.1426789370184713 0.2960704586848447 0.21036585345979322
2 0.826414384894592 0.5564735393597139 0.7593312262965788 0.4987676071116277 0.7307431372487383 0.5320012667528168 0.7978262958467515 0.5897071990009028
2 0.21569725324195244 0.11809450546398079 0.18802384133561137 0.08347427244552406 0.16457463977758435 0.1022182079136691 0.1922480516839254 0.13683844093212583
2 1.0263253172830409 0.7173860668807897 0.9489856950071675 0.6500427214874059 0.9169423653051763 0.6868424824903209 0.9942819875810496 0.7541858278837046
3 0.7771825585863011 0.26688219384889655 0.6688111374687129 0.2120191568965905 0.6251532986318927 0.2982568553634445 0.733524719749481 0.3531198923157505
3 0.9785893739386468 0.4464826114821271 0.8581343161024803 0.35011856410130093 0.8324568094403515 0.3822154470586133 0.952911867276518 0.47857949443943953
2 0.760770743782457 0.6359483321891299 0.6963651154006686 0.5663521213826073 0.6628785722910921 0.5973411914241041 0.7272842006728807 0.6669374022306269
2 0.6806564257299945 0.6399133189832305 0.623238420163392 0.5819432150776428 0.5909579687909278 0.6139162324042158 0.6483759743575305 0.6718863363098033
1 0.4890295937577933 0.4849030294890178 0.3166666658653846 0.32314814903846156 0.2636825832896718 0.37960698093895906 0.43604551118208057 0.5413618613895154
2 0.4714380887919247 0.37403896521468016 0.4138435605572741 0.3248128722695137 0.38557797926494775 0.3578836020880084 0.44317250749959836 0.40710969503317485
3 0.24111622749312403 0.3182701721272565 0.20151371031825768 0.23378480621600503 0.1639369822631031 0.25139889833869006 0.20353949943796945 0.3358842642499415
2 0.21166608447698967 0.21541959286639076 0.18134013420211362 0.17940752746171726 0.15957215354003085 0.19773845882388003 0.1898981038149069 0.23375052422855355
1 0.379160511562356 0.30742674865897973 0.23470588438308165 0.18649589256597904 0.1883573786853962 0.24186022493890713 0.33281200586467047 0.3627910810319078
0 0.3729167532446306 0.5358034861638472 0.369943217182176 0.5005615759200366 0.35504924950550376 0.501818254394422 0.35802278556795836 0.5370601646382326
2 0.3149741883851365 0.8242760571618143 0.2781452809893553 0.8092096858227502 0.23440265565193458 0.9161361023795517 0.2712315630477158 0.9312024737186158
2 0.2841151691350584 0.051008053698634745 0.24900511033988557 0.02530657324894701 0.23148223300284945 0.04924407578963884 0.2665922917980223 0.07494555623932657
2 0.3514826411689791 0.2757893286389313 0.31728957471954305 0.2394014365567325 0.3109375 0.24537037019230776 0.345130566449436 0.28175826227450657
2 0.22122614777722038 0.761235921068872 0.18093916705641389 0.7402912692725944 0.12838328226833726 0.841382370610382 0.16867026298914375 0.8623270224066596
2 0.1331944840777055 0.20514866094535758 0.10559461914891612 0.16516861003996167 0.07822584071245986 0.18406239759164805 0.10582570564124925 0.22404244849704394
3 1.0468699732588527 0.5154268349202755 0.8409984115509416 0.384627004200499 0.7854296532490286 0.4720890979266998 0.9913012149569396 0.6028889286464764
2 0.9335033500642417 0.5561518641143374 0.8624339620647424 0.5004111680224722 0.8313963778966795 0.5399840881053467 0.9024657658961787 0.5957247841972119
2 0.01875000000000001 0.07731481490384615 9.468334059866526e-18 0.07731481490384615 1.2048029874529193e-17 0.11944444471153846 0.018750000000000013 0.11944444471153846
2 1 0.12500000000000014 0.9645833341346154 0.1250000000000001 0.9645833341346154 0.15391278365384628 1 0.15391278365384628