3 1.034323208120699 0.4496820636343738 0.9015056093099061 0.3625205485371036 0.8440250548696194 0.45010999911689326 0.9768426536804123 0.5372715142141634
1 0.008854165865384617 5.421612943081513e-19 0 0 1.852089287738003e-18 0.03024691346153846 0.008854165865384619 0.03024691346153846
2 0.265878234247108 0.6764206857415994 0.2302477296460349 0.6571493801158113 0.18653476281205408 0.7379698027767696 0.22216526741312714 0.7572411084025578
1 0.24253851746134572 0.24259577263858298 0.1160823638712795 0.11740417999347806 0.07048165886465299 0.16346549796456739 0.1969378124547192 0.28865709060967226
2 0.6842696303857585 0.17374624822122225 0.6731581136863105 0.13917710225090765 0.6322910611127336 0.15231294707387388 0.6434025778121816 0.1868820930441885
2 0.8316859423685224 0.5508588553014968 0.7637253324613777 0.49716157424049956 0.7353996599307144 0.5330112475047233 0.8033602698378591 0.5867085285657204
0 0.16617251627751245 0.29926382599524326 0.1612599504902441 0.26433001728353966 0.14836393302508238 0.26614351934723374 0.15327649881235073 0.30107732805893733
2 0.15849841715432708 0.8835283529773886 0.11268220203572742 0.8611315869403205 0.04970351948129837 0.989964690033156 0.09551973459989806 1.012361456070224
2 0.43892512335859224 0.5233097909300101 0.4061739468953362 0.5005009375560444 0.3534083627157148 0.5762669101071279 0.38615953917897083 0.5990757634810936
2 0.2740215909759073 0.24381790941522308 0.23027803906695532 0.20752696663433087 0.2066785292890327 0.23597280743899343 0.25042208119798465 0.27226375021988564
0 0.5328059412419811 0.05820972127755504 0.5249701438777276 0.03344473192812303 0.5105599271373824 0.03800421454122212 0.518395724501636 0.06276920389065413
2 0.29493929525883067 0.2202557910478536 0.25591011814990194 0.18060710509735095 0.23329387620103936 0.2028699693360925 0.27232305330996814 0.24251865528659516
0 0.6194179890649518 0.8123422438461895 0.5975001347832527 0.7668829955167065 0.5767929326712047 0.7768668262035683 0.5987107869529036 0.8223260745330513
2 0.982943420038199 0.6731993805651123 0.9114839503277268 0.6136498173197246 0.8781136168829009 0.6536942139881349 0.9495730865933733 0.7132437772335227