2 0.9251944640800693 0.6083596853534374 0.8560083346773558 0.5550607402354193 0.8242555241718007 0.5962783300333553 0.8934416535745142 0.6495772751513734
3 0.33284807884081463 0.14673593549829592 0.24519794830321534 0.07748149971643373 0.2026593924674525 0.13131935038681736 0.29030952300505175 0.20057378616867955
2 0.8178556037632626 0.5325383144562336 0.7526724133952256 0.47459770079575603 0.7216379306366049 0.5095114938992042 0.7868211210046419 0.5674521075596818
2 0.2063222518792502 0.1060574687822357 0.1786488423041073 0.07143723394967752 0.1551996399755757 0.0901811674725542 0.18287304955071865 0.12480140230511237
2 1.025910201802736 0.6983438291485187 0.9471932283903853 0.630705538622501 0.9153915697263362 0.6677160884169798 0.9941085431386868 0.7353543789429975
2 0.3087241883851366 0.8168686485079681 0.27080014786866013 0.8013542681610671 0.2270575216888295 0.9082806867770927 0.264981562205306 0.9237950671239937
2 0.22077673766721514 0.7404262362901424 0.1807407529114416 0.7199227328567818 0.12862682550029853 0.8216825325991638 0.16866281025607208 0.8421860360325244
2 0.6452030505019638 0.1325771151811378 0.6423368419709165 0.10140708407398831 0.5988989237354968 0.10540137369754721 0.601765132266544 0.1365714048046967
3 0.24583333413461553 0.938888889423077 0.17728456490384628 0.938888889423077 0.17728456490384628 1 0.24583333413461553 1
2 0.7051715686651583 0.12419798447398192 0.6981617647058822 0.09265386665723985 0.6614828429864252 0.10080473815045249 0.6684926469457012 0.13234885596719456
2 0.7545357978058499 0.17191299471366983 0.7329231808750589 0.16431480795064918 0.7169381591054862 0.20978330759552818 0.7385507760362772 0.21738149435854884
2 0.3214327448588396 0.06301884097627994 0.2866518746920662 0.03828577738984759 0.26671091071541136 0.06632775757756691 0.30149178088218476 0.09106082116399924
2 0.40702728383463777 0.11990505873404657 0.36877696786276776 0.09723820264528503 0.35090894688936164 0.12739048513864998 0.38915926286123165 0.15005734122741152
2 0.934949252403846 0.43846153846153857 0.8853498934911239 0.40539529918639067 0.863608440088757 0.43800747928994094 0.913207799001479 0.47107371856508884
2 0.9515521156754825 0.5537794886632973 0.8937724402445387 0.5070888384220789 0.8664078727106332 0.5409524882587948 0.924187548141577 0.5876431385000133