3 0.41947690733924825 0.7191444335219241 0.37362088849550873 0.6911074657132996 0.3107341601615466 0.7939622044706136 0.35659017900528617 0.8219991722792381
2 0.5513945142990153 0.6797581874475276 0.5406648317463811 0.6277024706976385 0.4846780446868213 0.6392424223071279 0.4954077272394555 0.691298139057017
2 0.23990926603408758 0.7663389677217947 0.20158225883549694 0.746193727003743 0.15572962546165828 0.833429925071046 0.1940566326602489 0.8535751657890975
1 0.2527177032483108 0.2674877701511259 0.12709303167015557 0.14256413275279697 0.08206794000610454 0.18784189179720664 0.20769261158425972 0.31276552919553563
3 0.6424592837628347 0.40725981958231644 0.5736410722615765 0.36647866270097224 0.5465683168126225 0.4121639436710236 0.6153865283138807 0.4529451005523678
2 0.717428375067469 0.19269112246688438 0.7111564270596867 0.15829341339977887 0.6697422041783082 0.16584472596504257 0.6760141521860905 0.20024243503214803
2 0.11387364791075004 0.7864154130066405 0.07392078928745277 0.7645933350160543 0.011136008835615795 0.8795425831201584 0.05108886745891306 0.9013646611107445
2 0.329060557611189 0.45502526196647086 0.3031311573632243 0.4253144925111524 0.24414801356277077 0.47679069361679033 0.27007741381073547 0.5065014630721089
2 0.4676367437772233 0.39836805380034385 0.4600478761542254 0.35994939298840667 0.4030401188758317 0.37121017913572874 0.4106289864988296 0.40962883994766586
2 0.2828636527441 0.7978538387644526 0.2430095480485721 0.7791722266495312 0.186171020550554 0.9004277484808811 0.22602512524608193 0.9191093605958025
3 0.7804299997608227 0.512518398834571 0.7127868974241711 0.45726637540568826 0.6776968627792174 0.5002258664284998 0.745339965115869 0.5554778898573824
2 0.128694339015754 0.14427144057873736 0.09981152792110017 0.09884889869534225 0.07306002966478402 0.11585936175176131 0.10194284075943785 0.16128190363515643