2 0.8954718142334741 0.5811934569848304 0.8280925886208771 0.530436978875455 0.7978033401873307 0.5706459567214366 0.8651825657999276 0.6214024348308118
3 0.36094184510282 0.16217735785037407 0.2705582012882378 0.096714307758544 0.2295518143323196 0.15333108115281016 0.3199354581469018 0.21879413124464026
2 0.7483377942550768 0.47225371421052975 0.6856303135043021 0.42186376103185924 0.6588075460329873 0.45524319619279424 0.7215150267837619 0.5056331493714648
2 0.2063222532419524 0.1032796905601346 0.1786488413356113 0.06865945754167793 0.15519963977758433 0.087403393009823 0.18287305168392545 0.12202362602827964
2 1.025551680128776 0.6938228009326232 0.9456307262633726 0.6251499827584444 0.9138290685945903 0.6621605334095572 0.9937500224599936 0.7308333515837361
2 0.30515303461502036 0.8128301205999716 0.2669602206984567 0.7974389869870083 0.2240738188571686 0.9038608014072078 0.26226663277373224 0.9192519350201712
2 0.22025590219692537 0.7311669773675037 0.18021991680766014 0.710663475161052 0.12810599370797165 0.8124232741840646 0.1681419790972369 0.8329267763905163
2 0.6452030519169495 0.12609563122352668 0.6423368411700916 0.09492560299350203 0.598898922396025 0.09891989612319013 0.6017651331428829 0.1300899243532148
3 0.2577795047917931 0.9545618969031237 0.2053393557795278 0.9286655260245092 0.1704976031936199 0.9992200722973364 0.22293775220588521 1.0251164431759507
2 0.7041299032130689 0.12049427932164956 0.6971200989453021 0.08895016375640467 0.6600490199474314 0.09718818226202758 0.6670588242151982 0.12873229782727247
2 0.8154045051782179 0.14364918131924 0.7979425753760571 0.11418217671671214 0.7578267770018392 0.1379545032431803 0.7752887068040001 0.16742150784570817
2 0.22739266172372516 0.012220343730374096 0.19425655908949546 -0.007415868542228054 0.17855435668182643 0.019081593562005963 0.21169045931605612 0.03871780583460811
2 0.87093273226145 0.3886759031890198 0.8230878251000798 0.3574881121268215 0.8017251741449027 0.3902603610377116 0.8495700813062729 0.42144815209991
2 0.8686934593700647 0.48593575898935054 0.8144645218867257 0.4446184693149429 0.7888946177834584 0.4781789652235106 0.8431235552667974 0.5194962548979182