2 0.5509597885083684 0.35490014018819444 0.49167493987812405 0.33450105448055206 0.4778449211850356 0.3746945502344342 0.5371297698152798 0.3950936359420766
2 0.7417025286675751 0.47402851981732397 0.6858308533662464 0.43002959654998896 0.6577851198398217 0.4656432434489191 0.7136567951411504 0.5096421667162541
2 0.8165027925049082 0.459703050924769 0.7649729406488169 0.42171899039391864 0.7402725363174761 0.45522799807217296 0.7918023881735674 0.4932120586030233
2 0.8500133546036578 0.3880876062771438 0.8042868578530383 0.3576032765756571 0.7826522427374925 0.3900552008091647 0.8283787394881119 0.4205395305106514
2 0.891841548885126 0.5977128048368496 0.8147539550424534 0.5362790140688197 0.7857470572472138 0.5726770928446941 0.8628346510898866 0.634110883612724
2 1.0044212854515324 0.14726345373868976 0.9602428469416165 0.14105086052455015 0.9553779119022039 0.17564595247492376 0.9995563504121198 0.18185854568906337
2 0.64215004174142 0.14235009743800256 0.6410744672914525 0.10786447505629151 0.5985240557706836 0.10919158276978361 0.5995996302206511 0.14367720515149465
2 0.6984747787160518 0.13839376588695254 0.6954796425527697 0.10378327974818301 0.6594116138716222 0.1069045493139459 0.6624067500349041 0.14151503545271543
3 0.4591491450427056 0.24519874582406662 0.3636091288003721 0.1741835129491416 0.3198067671844472 0.2331128182660532 0.4153467834267807 0.3041280511409782
2 0.28250319718943906 0.16708443756123217 0.2510451177065999 0.13800318953727692 0.23129129418450634 0.15937150735967964 0.2627493736673455 0.1884527553836349
2 0.22484804210401527 0.7312611021266349 0.1832882361037208 0.7108058975441506 0.13354421067943603 0.8118731852347003 0.1751040166797305 0.8323283898171847
2 0.316183897588152 0.7929367699531217 0.27905559273993324 0.7775002737730115 0.23599175384446533 0.8810786583876281 0.27312005869268413 0.8965151545677383
3 0.2587445783647249 0.9373617397758394 0.20218893368773858 0.9182742104314923 0.17460648076923088 1 0.23116212544621723 1.019087529344347