2 0.8912939660719663 0.44567375350351807 0.8209716336913325 0.39952471051737926 0.7940853701752127 0.44049424394891257 0.8644077025558464 0.4866432869350514
0 0.18964884456150494 0.3145361065276581 0.18285454087104863 0.27484875517208185 0.1719864687836678 0.27670932232431794 0.1787807724741241 0.31639667367989416
2 0.47679792197902715 0.6809253540448436 0.44917914266736747 0.6304347726675746 0.38132385792984497 0.6675521930492535 0.40894263724150465 0.7180427744265224
2 0.36664919971048704 0.5077215291417633 0.33187233386561693 0.4850296262545656 0.2784387009697276 0.5669202588763353 0.3132155668145978 0.589612161763533
2 0.41234263167098856 0.12965108712497836 0.3842171406587646 0.09405476855239771 0.3603828934100962 0.11288676954735197 0.38850838442232016 0.14848308811993263
2 0.2971379643573732 0.2041031304625884 0.2562074501759459 0.16252290030617503 0.23207022408512756 0.1862829677972439 0.27300073826655485 0.22786319795365728
2 0.243847898911375 0.16279788062754183 0.20558767889566051 0.12393033190736737 0.18931985678312596 0.13994395956583122 0.22758007679884046 0.17881150828600567
3 0.2509816743023356 0.21828720918146816 0.2022044455193709 0.13776606730603963 0.17257306234522896 0.15571584698597565 0.22135029112819368 0.23623698886140418
3 0.23327203874493302 0.26425753356669535 0.18864172857878522 0.15236387942737897 0.13813524971192817 0.1725090774242311 0.182765559878076 0.28440273156354745
3 0.17455320237157118 0.16759223997254338 0.0843245515778991 0.08121951324002546 0.04191486453563017 0.1255224892738383 0.13214351532930227 0.21189521600635622
2 0.818824036536401 0.5407403814224538 0.7597030656154858 0.4841459606371145 0.7287141131855677 0.5165183558318263 0.7878350841064827 0.5731127766171656
2 0.9109912658041542 0.6202501278068173 0.8451286751352665 0.5480070967566084 0.8094275423353048 0.5805551371950733 0.8752901330041924 0.6527981682452823
2 0.8841494931378121 0.5058228234691176 0.8179772190932949 0.4499899645597831 0.7848474046913392 0.4892549278891764 0.8510196787358564 0.5450877867985109
2 1.0226575370465842 0.6918525230940307 0.9318467910466689 0.6444964011495085 0.9058758155038407 0.6942986984354372 0.9966865615037561 0.7416548203799594
3 0.07942808392678759 0.10727411580701157 0.0324762357711349 0.0610558881361188 0.007617212306603436 0.08630949810393569 0.05456906046225612 0.13252772577482846
1 0.14862385412194162 0.08250005107907682 0.023992431412698856 -0.02619318646962662 -0.019493970183028134 0.02366982452912519 0.10513745252621462 0.1323630620778286
3 0.28901720913461537 3.1860077881382773e-17 0.2312973485576923 2.832575575624476e-17 0.2312973485576923 0.04074074038461542 0.28901720913461537 0.04074074038461542
2 0.46562138770713646 0.34578547591045666 0.4347613117513915 0.32892264961558565 0.40257969746290106 0.38781711036344796 0.43343977341864603 0.404679936658319