2 0.25590118034598447 0.4858098377127448 0.2242206998713884 0.46306055689320924 0.1684369214582947 0.5407446347695353 0.2001174019328908 0.5634939155890707
2 0.48394134091840324 0.3490623330175475 0.4314174009392457 0.34742095728909717 0.429902606398744 0.3958943056803145 0.4824265463779016 0.39753568140876483
2 0.6489444239532752 0.41946917392162103 0.5856407642848958 0.3838608636462194 0.5636900344564546 0.4228843814650949 0.6269936941248341 0.4584926917404965
2 0.8186225724765737 0.4776946081146454 0.769411871566878 0.43233165405469376 0.7407175836152435 0.4634598301505091 0.7899282845249392 0.5088227842104609
2 0.8522127282698662 0.4011837862818768 0.8047603560883103 0.3697941043261777 0.7829618230715899 0.4027473563910187 0.8304141952531457 0.43413703834671785
2 0.8198339079675842 0.5469044897195563 0.7486230362167213 0.4912784857551817 0.7165126573297094 0.53238530468575 0.7877235290805722 0.5880113086501246
2 0.6462583236053121 0.15201396302826659 0.6399351551390837 0.12118851436141523 0.5950767826422585 0.13039023108203096 0.6013999511084869 0.16121567974888235
2 0.7026868157298757 0.14635047354611147 0.692838142371306 0.11403451395513502 0.6568165389074054 0.1250125263941323 0.6666652122659749 0.15732848598510873
3 0.6618481114521079 0.28938349455094436 0.6388976500498221 0.21321665270855322 0.53392086006205 0.24484807799116665 0.5568713214643358 0.3210149198335578
2 0.4583276402407642 0.2782938690307492 0.4156187589431846 0.26007141164376424 0.4019024107305998 0.29221910035593296 0.44461129202817945 0.31044155774291793
2 0.5152397364659738 0.6600710253752375 0.49781961291682486 0.608815665602102 0.4352735193671586 0.6300731630028497 0.4526936429163075 0.6813285227759851
2 0.22770281457011846 0.7462559026539082 0.18625735186072628 0.7236285079789441 0.13307580899513308 0.821038469811741 0.17452127170452522 0.8436658644867051
3 0.38839465597836853 0.7033085747493164 0.3408843798949863 0.6755818752468401 0.2751904486525716 0.7881497923208178 0.32270072473595385 0.8158764918232942
2 0.9099518384277858 0.5424248717098434 0.8550828139167149 0.49740413314998705 0.8279795617614114 0.5304362213477829 0.8828485862724822 0.5754569599076393
2 0.23645833413461553 0.972222221153846 0.19131944471153858 0.972222221153846 0.19131944471153858 1 0.23645833413461553 1