2 0.23409292816841265 0.7458403898261756 0.19656013967205854 0.7261842089920876 0.15065870826631358 0.8138313837496588 0.1881914967626677 0.8334875645837467
1 0.24460013512696002 0.24966976083107678 0.11990928195908292 0.12533314195465883 0.075003452468743 0.1703669078875017 0.1996943056366201 0.2947035267639197
2 0.7152720152070037 0.17231635194626863 0.706097281272184 0.13791109671331653 0.6643765855625781 0.14903661460642617 0.6735513194973978 0.18344186983937824
2 0.8332484408645049 0.5582662459835951 0.7652878186834683 0.5045689900763074 0.7369621530037023 0.5404186779376878 0.8049227751847389 0.5941159338449755
0 0.08508203405004328 0.22109956709148756 0.08149350257474289 0.18920148376942658 0.0684296753730816 0.19067116314256383 0.07201820684838199 0.22256924646462484
2 0.2778099491905841 0.7776160112073955 0.24018388741193947 0.7591725215564333 0.1804131608313191 0.8811091557529658 0.21803922260996378 0.899552645403928
3 0.22270642993889483 0.5768387350973482 0.17653650591356437 0.5449450375245112 0.10250636591176757 0.65211247810307 0.14867628993709806 0.684006175675907
2 0.26391495944542487 0.2551984605786759 0.23125924442369394 0.2054373662370324 0.2060791150117759 0.2219618245747134 0.23873483003350685 0.2717229189163569
0 0.7074893069787124 0.10466275500526633 0.7058177420082057 0.08088931710139068 0.6872895499225903 0.08219207680246382 0.688961114893097 0.10596551470633947
2 0.22956457714395181 0.16973455494980924 0.19285552830576355 0.13347871226354643 0.17186949461127174 0.1547270760783767 0.20857854344946 0.1909829187646395
0 0.4367366116082749 0.7051226741611354 0.423469463763137 0.6965937956880682 0.40331678956906775 0.727942408386903 0.4165839374142057 0.7364712868599703