2 0.9210398843778412 0.6208072660878894 0.8516831962398019 0.5673769329064686 0.8203780301971104 0.6080134498258034 0.8897347183351497 0.6614437830072242
3 0.3302439121909675 0.15321741154618085 0.24259377438505667 0.08396298500438383 0.20005522603380538 0.1378008378497946 0.28770536383971623 0.2070552643915916
2 0.8193612751918287 0.5490952703219392 0.7529900680399748 0.4935690353099261 0.7250320526108088 0.5269876028249473 0.7914032597626627 0.5825138378369604
2 0.20892641910733706 0.11439080113705771 0.18125300720099596 0.07977056811860098 0.1578038071096697 0.09851450241435024 0.18547721901601083 0.133134735432807
2 1.024715129151342 0.7138292985141083 0.9419848960342685 0.6427425756807086 0.9101832357625402 0.6797531264970125 0.9929134688796138 0.7508398493304121
3 0.8642417249615046 0.14940299129945078 0.8369168929987201 0.09011786562312206 0.7431573993992624 0.13333211841071296 0.7704822313620472 0.19261724408704167
2 0.308724187216437 0.8233501307943546 0.2708001468338392 0.8078357511124905 0.22705752289993766 0.9147621684444889 0.2649815632825355 0.930276548126353
2 0.21549698159012565 0.7603099972218151 0.17520999930847062 0.7393653437902018 0.12253246180776664 0.8406904398039108 0.16281944408942167 0.861635093235524
2 0.646765550501964 0.1418363747965224 0.6439881376239937 0.11163199682961311 0.6005502193885739 0.11562628645317202 0.6033276322665441 0.14583066442008133
3 0.24635416586538475 0.9453703701923076 0.18071581250000016 0.9453703701923076 0.18071581250000016 1 0.24635416586538475 1
2 0.5356934509151074 0.4998929541430916 0.47888028507787994 0.44216344976080024 0.45004399824763114 0.47054201914826466 0.5068571640848587 0.5282715235305561
3 0.6409158226645977 0.1937996356193154 0.5354608409510206 0.13238523947949785 0.49400692672807595 0.20356597300628387 0.599461908441653 0.2649803691461014
2 0.33122289935420446 0.10510097704857914 0.2974584506129458 0.07708898263389928 0.275830617603684 0.10315823883234507 0.30959506634494266 0.13117023324702493
2 0.7832401619938241 0.12073099049199512 0.7805013729481853 0.08837907133185888 0.7435743512695553 0.09150517096016524 0.7463131403151941 0.12385709012030148
2 0.5620363309338972 0.28181328362279195 0.5243156488534492 0.2508629855280487 0.5009495745079148 0.2793403933758818 0.5386702565883628 0.310290691470625
2 0.8248909011188087 0.37782693111441346 0.7707997090164341 0.3366145908778878 0.7484818366045899 0.36590679600424064 0.8025730287069645 0.4071191362407663
2 0.8283528928157496 0.4341194286829264 0.779887714889305 0.3982192955047858 0.7571168270137189 0.4289599929544927 0.8055820049401634 0.46486012613263333
2 0.9960883622510976 0.6043933572242296 0.9287571827799247 0.5445434227939211 0.8986422416256212 0.5784227332213254 0.9659734210967942 0.638272667651634