3 0.9591743489090582 0.4767935259145509 0.8932492070629112 0.3242726416748945 0.8052308425186574 0.3623174195856239 0.8711559843648042 0.5148383038252803
1 0.1442534088319177 0.08947928453863982 0.024916589709669403 -0.002761734629293411 -0.013515917266590328 0.04696032151029095 0.10582090185565797 0.13920134067822418
2 0.4572507693525506 0.34614530966952817 0.4293408867180801 0.331965289332218 0.40268512476754265 0.3844306010789435 0.4305950074020132 0.39861062141625364
1 0.24188614173454395 0.23835154007753592 0.11504069680784539 0.11277454897441475 0.06943999059626169 0.1588358681505535 0.19628543552296027 0.28441285925367465
2 1.0275507187442232 0.7036285635206242 0.9551305101520792 0.6547449246010688 0.92713633454983 0.6962177789402528 0.9995565431419741 0.7451014178598082
2 0.5943395983107183 0.2160502484488904 0.5684290330408133 0.19564567459911045 0.5343570662103683 0.23891165638014156 0.5602676314802733 0.2593162302299215
2 0.8304296685896495 0.5445850145023305 0.7603733288421056 0.4929445681737734 0.7328253660336326 0.5303166201034611 0.8028817057811766 0.5819570664320183
0 0.18075585041212783 0.30944901109139705 0.1758432846248596 0.27451520237969357 0.16294726715969785 0.2763287044433876 0.1678598329469661 0.3112625131550911
2 0.287825427539511 0.6453683890852546 0.25026179940348103 0.6238401778723902 0.1978750491151941 0.7152475125379095 0.2354386772512241 0.7367757237507738
2 0.7163364205749816 0.23697400526124113 0.6936699933128334 0.21005762656528565 0.6540848789764505 0.24339246424552174 0.6767513062385985 0.2703088429414772
3 0.0884375 8.581639584428253e-18 0.051711310096153845 6.332809038897101e-18 0.051711310096153845 0.012962963942307698 0.0884375 0.012962963942307702
2 0.2735007582651308 0.23826235530802037 0.22975720493233995 0.20197141134586932 0.20615769613442458 0.23041725096927307 0.24990124946721542 0.26670819493142406
0 0.3864583341346154 4.633247066587028e-17 0.37020833413461535 4.5337445141563054e-17 0.37020833413461535 0.007407406250000046 0.3864583341346154 0.007407406250000048
2 0.3000222351308984 0.21606820788439732 0.25793334673662177 0.18043740152411797 0.23675517537293353 0.20545411548529338 0.2788440637672101 0.24108492184557273
2 0.9329990379984954 0.6254633984097817 0.8640444384966817 0.5682566205460917 0.8314358603028045 0.6075616038653769 0.9003904598046181 0.6647683817290668