2 0.9301502424077295 0.6333746327949197 0.8604133699971889 0.5834138895286023 0.8301076629162114 0.6257156066338034 0.8998445353267519 0.6756763499001207
3 0.3422691982383786 0.1577342037868405 0.2534301243673744 0.09004729361549192 0.21191888709221018 0.144530795158544 0.30075796096321444 0.2122177053298926
2 0.8306528795498804 0.5560211267273185 0.7586908158160336 0.5071057431929047 0.7325831963606831 0.5455140728314357 0.80454526009453 0.5944294563658497
2 0.22194725324195244 0.1199463564255192 0.19427384133561135 0.08532612340706251 0.17082463977758433 0.10407005887520755 0.19849805168392548 0.13869029189366422
2 1.0290801253099084 0.7268143732907375 0.954422616849141 0.6589774179053796 0.9216205891838302 0.6950774705100672 0.9962780976445976 0.7629144258954252
3 0.984138993948121 0.42097044009331613 0.8562831327164535 0.34148109968258156 0.8019352695968838 0.428897762210517 0.9297911308285514 0.5083871026212516
3 1 0.4629629639423078 0.965625 0.4629629639423078 0.965625 0.5587962956730771 1 0.5587962956730771
2 0.298694095842418 0.23661986784830627 0.2598236140948484 0.19653467881579262 0.2357130305551832 0.2199146358528329 0.27458351230275285 0.25999982488534656
2 0.2701527789589742 0.2669166644483514 0.23644444190183136 0.221972222447253 0.20899999909670353 0.24255555794395622 0.2427083361538464 0.28749999994505465
1 0.23932485822504887 0.25365962560631367 0.11187627327410812 0.12914572021107917 0.06739821519816899 0.17467208568126996 0.1948468001491097 0.2991859910765045
2 0.23151300218113693 0.1840063152694458 0.1993370472089079 0.13104177829863797 0.18489583413461544 0.13981481490384615 0.21707178910684444 0.192779351874654
3 0.10329041216352791 0.16949451836050985 0.059142962162949425 0.10670702440655805 0.025945771703299456 0.1300487954135666 0.07009322170387794 0.19283628936751843
2 0.09392117546939271 0.1425721693995528 0.08893894917749434 0.10081637763811896 0.07429578023548375 0.10256357433160802 0.07927800652738214 0.14431936609304186
1 0.23687060682903535 0.18614496613902326 0.11050022830100409 0.08225666368146818 0.07914859832241766 0.12039298176678324 0.20551897685044893 0.22428128422433835
0 0.18117739483954487 0.29892259182129627 0.1678397583748745 0.29767218930446665 0.16483711191361072 0.32970044132191156 0.1781747483782811 0.3309508438387411
2 0.3166458345844362 0.828444445550345 0.279063795923452 0.812589522442371 0.2346619161836327 0.917838418929481 0.2722439548446169 0.933693342037455
2 0.8697043983543158 0.5088692465971607 0.7988564907860499 0.45533971970437404 0.7730594413511326 0.48948287545390284 0.8439073489193984 0.5430124023466896
2 0.14101228740106453 0.09829059937793969 0.11551816271794244 0.08129451462161953 0.11252670945149326 0.08578169408983372 0.13802083413461538 0.10277777884615386
2 0.22373065837297576 0.7642669770315836 0.18305443095967946 0.7430689801707347 0.13104564475663313 0.8428671464301052 0.17172187216992943 0.8640651432909542