2 0.9219831505268559 0.6265758072669846 0.8522457593996223 0.5696680617943689 0.8206528982413173 0.6083834193810668 0.8903902893685507 0.6652911648536824
3 0.3318064121909675 0.15599518798848852 0.2441562755543856 0.08674076237060567 0.2016177260338054 0.14057861669594843 0.28926786267038734 0.20983304231383126
2 0.8206752867010808 0.5531002583486345 0.7539727029397615 0.4938090670819424 0.7243175286222522 0.5271711349812496 0.7910201123835715 0.5864623262479417
2 0.2099680860138656 0.1171685793591588 0.18229467761111845 0.08254834599330153 0.15884547411019106 0.1012922804533234 0.18651888251293824 0.13591251381918068
2 1.0248346363530372 0.7171881595314518 0.9425057290001957 0.6464462787177963 0.9107040696896473 0.683456827955828 0.9930329770424889 0.7541987087694835
3 0.7981516633863668 0.14064719989226462 0.7579848073165967 0.11428770123011978 0.6932067695159359 0.21299709453728172 0.733373625585706 0.23935659319942656
2 0.9200396446232216 0.8687334302582339 0.8534806914661548 0.8038993227788847 0.8190875976945313 0.8392074099304079 0.8856465508515983 0.9040415174097571
2 0.3097658563097452 0.8261279089657627 0.27184181373404476 0.8106135277764518 0.22809918755421418 0.9175399463924774 0.26602323012991463 0.9330543275817882
2 0.21653864796698422 0.7621618496033811 0.17625166659388294 0.7412171966441126 0.12357412858170512 0.84254229364164 0.16386110995480638 0.8634869466009086
2 0.8241898156550479 0.8704861054353636 0.7544560166015627 0.8007523164396368 0.7191550942758416 0.8360532438568373 0.7888888933293268 0.9057870328525641
3 0.2859375 2.8910795585380554e-17 0.18621162259615384 2.2804346757641476e-17 0.18621162259615384 0.07500000000000002 0.2859375 0.07500000000000004
2 0.13998104382068932 0.7075866177818112 0.10288402810715286 0.6901454829706133 0.0462271953804229 0.8106536630113562 0.08332421109395938 0.8280947978225541
2 0.6472863844863104 0.14276230035128606 0.6445089720239875 0.11255792450101398 0.6010710538582539 0.11655221380031698 0.6038484663205768 0.14675658965058905
3 0.24739583413461552 0.9481481490384615 0.18301281971153857 0.9481481490384615 0.18301281971153857 1 0.24739583413461552 1
2 0.3779169747176934 0.35496066658273995 0.3270887443055449 0.30969177902652584 0.3020017863438223 0.3378595946821435 0.3528300167559708 0.3831284822383576
3 0.76526184677948 0.28319251450526683 0.6515395223289573 0.21009919110835143 0.6051130251866815 0.28233190574967193 0.7188353496372043 0.3554252291465873
2 0.5760415234259278 0.26072975809150667 0.5291115912790025 0.23128352490704754 0.5083422420924687 0.26438467376890784 0.5552721742393941 0.29383090695336694
2 0.8601077822434472 0.12399812757333188 0.8590495956577622 0.09201742246887543 0.8242531324546584 0.09316877765227548 0.8253113190403434 0.12514948275673193
2 0.8405567535004932 0.4879023006899406 0.7918426739728504 0.44460089488097165 0.7640265805360736 0.4758939987077952 0.8127406600637165 0.5191954045167642
2 1.0028609517594178 0.5040269381630496 0.9298328245840725 0.4619206252680765 0.9080992544408192 0.49961478120983965 0.9811273816161646 0.5417210941048127