3 0.3328274967953815 0.8581702184293543 0.28504876162013415 0.8363976292743456 0.2250105032318734 0.9681482459554058 0.27278923840712077 0.9899208351104147
2 0.4427009566863376 0.7026026079243963 0.4085434877487112 0.6774419719648387 0.35902187074751496 0.7446713177245528 0.3931793396851415 0.7698319536841104
2 0.23994275583921737 0.7758413250452875 0.20317791334533977 0.7562307675751038 0.15738335554248947 0.8420839977679933 0.19414819803636707 0.861694555238177
1 0.25532187057801 0.2739692537023408 0.1296972015288987 0.14904561302749678 0.0846721105921616 0.1943233692414392 0.21029677964127289 0.3192470099162833
3 0.7955820391809051 0.5372405054483113 0.7217960899239907 0.4682010181081144 0.6838925735991701 0.5087103996222133 0.7576785228560845 0.5777498869624101
2 0.7189908750674692 0.19917260323611513 0.7127189274838918 0.16477489649550778 0.6713047041783086 0.17232620913811939 0.6775766517618861 0.2067239158787267
2 0.28761205543766893 0.523453781076882 0.2550808871655507 0.49745024847777863 0.20058840998538446 0.5656219069998085 0.23311957825750265 0.5916254395989119
2 0.46215572004754174 0.40640097898163885 0.455214137946634 0.3642308693405511 0.395785938565165 0.37401328936806855 0.40272752066607276 0.4161833990091563
2 0.6150139135026961 0.41004899812801643 0.5558788598701482 0.3795276787040842 0.5383372420869686 0.41351456157771926 0.5974722957195164 0.44403588100165137
2 0.26438241606922264 0.83840419074487 0.2253522993387847 0.8206315489513426 0.16518781450235753 0.952757481239452 0.2042179312327955 0.9705301230329795
3 0.9499252884083034 0.6620919032571828 0.8660938807577068 0.5937848269234303 0.8278931377184229 0.6406675546606659 0.9117245453690195 0.7089746309944185
2 0.05248611144523811 0.077851851810989 0.02285416659010993 0.0383425936322802 0.0015208338164835083 0.05434259387184066 0.03115277867161169 0.09385185205054945