3 0.9591743480335897 0.47586759840834514 0.8926845481869328 0.3220403516017067 0.8046661836426792 0.36008512951243604 0.871155983489336 0.5139123763190745
1 0.1720641744846638 0.11092088548983202 0.04990124336943891 0.014208565390688394 0.011454998029869008 0.06277224389868134 0.1336179291450939 0.15948456399782496
2 0.47021229524409036 0.24789955152045012 0.4478459590164415 0.24650165671593965 0.44467750254454896 0.2971970041371892 0.46704383877219785 0.2985948989416997
1 0.24136530759881641 0.2374256145880366 0.11451986266941713 0.11184862351517275 0.06891915766279062 0.15790994148626206 0.19576460259218992 0.2834869325591259
2 1.0300005887888082 0.7058813055218726 0.9487754665920978 0.6473406770941896 0.91686833890692 0.6916118168954333 0.9980934611036305 0.7501524453231163
2 0.5655946210628401 0.24485801100469315 0.5411977332821784 0.22770395744858754 0.5080944920752078 0.27478414512907806 0.5324913798558696 0.29193819868518367
2 0.8304296685896495 0.5418072356561768 0.7603733288421056 0.4901667893276196 0.7328253660336326 0.5275388412573073 0.8028817057811766 0.5791792875858645
0 0.18023501582321375 0.30667123240469 0.1753224506567686 0.27173742357305264 0.16242643340844543 0.2735509253708473 0.1673389985748906 0.3084847342024846
2 0.3442586864789393 0.5486501000761254 0.30784109278623456 0.52776353789717 0.26152506501932415 0.6085196846590754 0.2979426587120288 0.6294062468380306
2 0.8095604683774897 0.18231320249838046 0.7947130152764086 0.15308227780029426 0.7518713694462236 0.17484311273133712 0.7667188225473046 0.20407403742942332
3 0.1583333341346154 1.5052950288583923e-17 0.0875 1.0715659492539341e-17 0.0875 0.06203703605769233 0.1583333341346154 0.06203703605769233
2 0.2724590883355083 0.23641050932746646 0.22871554155464474 0.20011955734143505 0.2051160274831823 0.22856539277137944 0.24885957426404587 0.2648563447574108
2 0.2860068892514801 0.8798597351068342 0.24601273969288506 0.8634692756227458 0.2017064378499168 0.971580513383722 0.24170058740851186 0.9879709728678103
2 0.3005430692655138 0.21606820788439735 0.2584541808712371 0.18043740152411802 0.2372760095075489 0.2054541154852934 0.27936489790182556 0.24108492184557276
3 0.010937500000000006 0.04722222115384615 5.783054198468613e-18 0.04722222115384615 8.144468055053879e-18 0.0857870360576923 0.010937500000000008 0.0857870360576923
2 0.9329990368172366 0.6245374719490051 0.8640444384966818 0.5673306950653225 0.8314358603028045 0.6066356783846077 0.9003904586233593 0.6638424552682903