2 0.9289258098746406 0.6322361318742129 0.859441792513491 0.5828252730009121 0.8304924101068611 0.6235353402939086 0.8999764274680108 0.6729461991672093
3 0.34274391219096756 0.1578470413538732 0.2550937743850567 0.08859261481207607 0.21255522603380536 0.14243046765748682 0.3002053638397162 0.21168489419928394
2 0.8296634335192065 0.5592877828505103 0.7627305571750316 0.5028131657199852 0.7349077178396838 0.5357883811246791 0.8018405941838587 0.5922629982552041
2 0.22246808737656787 0.11902043094474998 0.19479467547022675 0.08440019792629326 0.17134547391219973 0.10314413339443834 0.19901888581854085 0.13776436641289505
2 1.028559292988934 0.724962519591877 0.953901782274182 0.6571255688574825 0.9210997563371437 0.6932256231250805 0.9957572670518957 0.7610625738594751
3 0.984138993948121 0.4200445146125469 0.8562831327164534 0.34055517420181236 0.8019352695968838 0.42797183672974776 0.9297911308285514 0.5074611771404823
3 1 0.4629629639423078 0.9666666658653846 0.4629629639423078 0.9666666658653846 0.5578703701923078 1 0.5578703701923078
2 0.298694095842418 0.2347680168867678 0.25982361409484833 0.19468282785425411 0.23571303055518317 0.2180627848912944 0.2745835123027528 0.25814797392380806
2 0.2697777791430403 0.26456481492843403 0.2364444445139194 0.22012037058777473 0.20899999948571432 0.24070370520714285 0.24233333411483524 0.28514814954780215
1 0.23957920981030773 0.25154742822388065 0.11312642710509513 0.12800639535339547 0.06900262968917664 0.17317015056186408 0.1954554123943892 0.2967111834323492
2 0.20807471252760865 0.14930715189231325 0.1758297411671523 0.12064495473375172 0.17031250000000003 0.12685185096153848 0.20255747136045638 0.15551404812010003
3 0.10366273427004583 0.1709529838814605 0.06257153054522419 0.10520703137049842 0.02840590234333431 0.12656054037314446 0.06949710606815597 0.19230649288410656
2 0.09468177586102572 0.13781440155509123 0.0904881520981689 0.09681008067669827 0.07413458465294293 0.09848260463457999 0.07832820841579975 0.13948692551297293
1 0.2368706068290354 0.18521904065825406 0.11035679807501998 0.08121282510372037 0.07855094907542698 0.11990165803682287 0.2050647578294424 0.22390787359135653
2 0.3120779454915319 0.8358227557055617 0.27520054997991833 0.8200181578462521 0.23006465476129234 0.925335248136376 0.2669420502729059 0.9411398459956858
2 0.9277321997797775 0.547435784558737 0.8496809883437131 0.4978794665084697 0.8238534919147548 0.5385577788600057 0.9019047033508193 0.5881140969102729
2 0.0741237620438015 0.053858701511633016 0.048210743220307724 0.018422106604143652 0.024285475820023363 0.035917464330223074 0.05019849464351714 0.07135405923771244
2 0.17161988878740178 0.8553171183936705 0.1292896349845877 0.8341892539251728 0.07202587443802558 0.9489187629701502 0.11435612824083966 0.9700466274386479