2 0.9282509567941416 0.6328525534288512 0.8590636856805285 0.5820908156590583 0.8295874325942171 0.6222663810217888 0.8987747037078301 0.6730281187915819
3 0.34274391219096756 0.1578470413538732 0.2550937743850567 0.08859261481207607 0.21255522603380536 0.14243046765748682 0.3002053638397162 0.21168489419928394
2 0.8292381527057296 0.5565359317852612 0.760096330317614 0.5038564849655576 0.7337612502900195 0.5384213017161333 0.8029030726781351 0.5911007485358369
2 0.22246808737656787 0.11902043094474998 0.19479467547022675 0.08440019792629326 0.17134547391219973 0.10314413339443834 0.19901888581854085 0.13776436641289505
2 1.0280384593263923 0.7249625158548143 0.9533809464703554 0.6571255695388352 0.9205789232623012 0.6932256241897694 0.9952364361183381 0.7610625705057484
3 0.984138993948121 0.4200445146125469 0.8562831327164534 0.34055517420181236 0.8019352695968838 0.42797183672974776 0.9297911308285514 0.5074611771404823
3 1 0.4620370360576924 0.9666666658653846 0.4620370360576924 0.9666666658653846 0.5569444447115386 1 0.5569444447115386
2 0.298694095842418 0.2347680168867678 0.25982361409484833 0.19468282785425411 0.23571303055518317 0.2180627848912944 0.2745835123027528 0.25814797392380806
2 0.2697777779891942 0.2636388879092033 0.2364444445139195 0.21919444510700548 0.20899999948571432 0.23977777972637365 0.24233333296098905 0.2842222225285715
1 0.23957920981030773 0.25154742822388065 0.11312642710509513 0.12800639535339547 0.06900262968917664 0.17317015056186408 0.1954554123943892 0.2967111834323492
2 0.20010729955537643 0.14029503621662665 0.16676477482290922 0.11221712086558583 0.16145833413461538 0.11851851923076927 0.19480085886708262 0.1465964345818101
3 0.10366273318966572 0.17002705667208243 0.06257153054522417 0.10428110588972919 0.028405902343334306 0.12563461489237523 0.06949710498777587 0.19138056567472847
2 0.09403273682434884 0.1369206335140557 0.09042755491768811 0.09590166206387435 0.07393710109649987 0.09735101790208636 0.07754228300316061 0.13836998935226769
1 0.23634977365262008 0.18521903875252652 0.10983596516178257 0.08121282618908195 0.07778594135184713 0.12019867592323617 0.20429974984268465 0.22420488848668071
2 0.30843211175234725 0.8423042394177891 0.2715547183839964 0.8264996418257321 0.22600275367188769 0.9327875565673212 0.26288014704023854 0.948592154159378
2 0.9625467968408805 0.5813774334254249 0.8864713679763128 0.5189565569428667 0.8568184487478496 0.5550960454363048 0.9328938776124175 0.617516921918863
2 0.051648639850461045 0.0391122824467582 0.02853502185197834 0.0017569335657199058 0.0034133198932002383 0.017300983880872325 0.02652693789168294 0.05465633276191061
2 0.13984953871794767 0.9167129692922003 0.09688657839743496 0.8952314829353638 0.045717585229702914 0.997569439750267 0.08868054555021562 1.0190509261071035