3 0.9591743491290681 0.4749416721488321 0.8926845476856783 0.32111442585185873 0.8046661842396922 0.3591592043275616 0.871155985683082 0.512986450624535
1 0.18320565158258495 0.11776241361056196 0.05880303102826001 0.02153239799806814 0.019858668779215997 0.07187823540401145 0.14426128933354093 0.16810825101650526
2 0.47026958854135564 0.24993424878282308 0.4682097050843673 0.20232790121748662 0.44813510891217756 0.20319651077641288 0.4501949923691659 0.25080285834174937
1 0.24032364304650494 0.23649968876627311 0.11347819838717635 0.11092269466767632 0.06787749186920852 0.1569840129574713 0.19472293652853714 0.28256100705606807
2 1.0300005887888084 0.7049553800411031 0.9487754665920979 0.6464147516134203 0.9168683400471451 0.6906858898326018 0.9980934622438556 0.7492265182602846
2 0.5550482668801274 0.2578735062296744 0.5298506624128317 0.24218125083352893 0.4979770415786531 0.29336184090456907 0.5231746460459488 0.30905409630071456
2 0.8304296685896495 0.5418072356561768 0.7603733288421056 0.4901667893276196 0.7328253660336326 0.5275388412573073 0.8028817057811766 0.5791792875858645
0 0.18023501582321375 0.30667123240469 0.1753224506567686 0.27173742357305264 0.16242643340844543 0.2735509253708473 0.1673389985748906 0.3084847342024846
2 0.3729152922834626 0.5039705206546865 0.3393858126906105 0.4836593946452434 0.294590272740558 0.5576075914073421 0.3281197523334101 0.5779187174167851
2 0.8522673315841982 0.1735061813229193 0.8420437405587173 0.13972041132917182 0.7971592302251701 0.15330248677436886 0.8073828212506509 0.18708825676811636
3 0.20431989216142438 0.04066451572408209 0.1232969118977967 -0.01695182302670342 0.08717578064664964 0.03384352023730592 0.16819876091027733 0.09145985898809143
2 0.27193825562473145 0.23548458502795608 0.2281947074200293 0.19919363186066588 0.20459519432857468 0.22763946610935137 0.24833874253327676 0.26393041927664157
2 0.3257219327299579 0.7897855811524491 0.28812442490180123 0.7738475076584835 0.24671870698592743 0.8715225374581596 0.28431621481408414 0.8874606109521251
2 0.3005430692655138 0.215142282403628 0.2584541796857981 0.1795114750398024 0.23727600832210982 0.20452818900097794 0.27936489790182556 0.24015899636480353
3 0.027083334134615392 0.04166666586538462 5.102694898318555e-18 0.04166666586538462 9.014761094971072e-18 0.10555555528846153 0.027083334134615396 0.10555555528846153
2 0.9329990376187651 0.6236115485498007 0.8640444411783795 0.5664047679217624 0.8314358628200222 0.6057097477949559 0.9003904592604078 0.6629165284229941