3 1.0512840143489552 0.460874114549906 0.9270822744323362 0.37936670089728364 0.8691114444513602 0.46770318006387634 0.9933131843679794 0.5492105937164987
2 0.24404362232016122 0.718753422889632 0.20528246957851573 0.6977888562014173 0.1611656276817179 0.7793559914860269 0.19992678042336343 0.8003205581742413
1 0.2417333283863168 0.24148110774266884 0.11704247521843966 0.11714448886625087 0.0713576207345495 0.16295949923024103 0.19604847390242666 0.287296118106659
2 0.7017303495235735 0.16953857093972186 0.6924288243514994 0.13465786764323184 0.6511943841718041 0.14565372343282565 0.6604959093438781 0.18053442672931566
2 0.8316859411991937 0.5499329288968131 0.7637253324613774 0.49623564875973014 0.7353996599307142 0.5320853220239538 0.8033602686685304 0.5857826021610368
0 0.1538320340500433 0.28591438199533376 0.1502435025747429 0.25401629867327274 0.1371796753730816 0.25548597804641004 0.140768206848382 0.287384061368471
2 0.09545161154057562 0.999022192230017 0.09478082214533959 0.9635541853244921 0.043079210604763954 0.9645319930944751 0.04375 1
2 0.37465535711488107 0.6070941962392852 0.33746446284118814 0.5861743061411729 0.28507046177000633 0.6793191431969804 0.3222613560436993 0.7002390332950927
2 0.27454242247012367 0.24566976894285106 0.23079887568926008 0.2093788169568196 0.20719936161779764 0.237824652386764 0.25094290839866124 0.2741156043727955
0 0.5710565241244375 0.06394184447780124 0.5551985554064524 0.05279169800069939 0.5437803802339073 0.06903086266768756 0.5596383489518925 0.0801810091447894
2 0.29025179247947663 0.2165520914848502 0.2512226194406726 0.1769034010912371 0.22860637487917504 0.19916626308530666 0.26763554791797906 0.23881495347891976
0 0.5873320945269375 0.7706394039526393 0.5667709669674255 0.7279941070340217 0.5455204298545154 0.738239902839372 0.5660815574140275 0.7808851997579895
2 1.0146808338860056 0.6994069142414262 0.9385962471625304 0.6386372591138638 0.9052891411019292 0.6803382922077053 0.9813737278254043 0.7411079473352675