0 0.48295283167694436 0.04779319706872604 0.4797191033920681 0.013299990888759097 0.4613906084564587 0.015018282084516797 0.464624336741335 0.04951148826448374
2 0.8059510346309972 0.40289559701477873 0.7432479598124684 0.36258649576056723 0.7174131285651697 0.40277402925101397 0.7801162033836986 0.44308313050522546
2 0.008854165865384624 0.05462962980769231 6.6902001282595226e-18 0.05462962980769231 8.334401794821015e-18 0.08148148076923077 0.008854165865384626 0.08148148076923077
3 0.9994791658653847 0.5907407403846154 0.9927083341346153 0.5907407403846154 0.9927083341346153 0.6314814807692308 0.9994791658653847 0.6314814807692308
0 0.23291158526232095 0.3623836959628684 0.22587652548720427 0.3295534102478422 0.211245767311315 0.33268857206812286 0.21828082708643168 0.36551885778314913
3 0.8890462813333561 0.39861995490386104 0.8165812235372021 0.3482094840247817 0.7803462633178767 0.40029724358634666 0.8528113211140307 0.45070771446542596
2 0.9767014119395887 0.5459876779109123 0.9153582047521256 0.4964174006371436 0.8874175394007385 0.5309939678437325 0.9487607465882018 0.5805642451175012
2 0.3304498229781656 0.2434863578564421 0.28543719216282976 0.20633308034291964 0.2669135404095299 0.22877519994918216 0.31192617122486577 0.2659284774627046
2 0.2594028454890519 0.19467644945076687 0.2251731658103349 0.153383502088961 0.20067171179412097 0.1736939176979363 0.234901391472838 0.21498686505974218
3 0.35157935317296557 0.30293008729416854 0.2831243827292666 0.23466063109078336 0.2467198196260972 0.2711641193245107 0.31517479006979615 0.3394335755278958
3 0.28837737398332786 0.33385159328405434 0.24272452993526322 0.21413969532768226 0.19131979224383827 0.23374319767975052 0.23697263629190288 0.35345509563612254
3 0.19125399475237098 0.196396136240359 0.0991086471183476 0.11133889478697771 0.057353233840551625 0.15657392717623786 0.149498581474575 0.2416311686296192
2 0.8214282024017857 0.5648144559416846 0.7612487471531734 0.5072067854328839 0.7302597947232552 0.5395791806275958 0.7904392499718675 0.5971868511363965
2 0.9141162670009574 0.6471019800810995 0.8482536751352664 0.574858947718147 0.8125525423353049 0.6074069881566119 0.8784151342009958 0.6796500205195642
2 0.8113500956773991 0.4707665516138545 0.7466502708214051 0.4162824902316028 0.7156039896446846 0.453149950248416 0.7803038145006785 0.5076340116306677
2 1.0249391059806146 0.7286585976441621 0.9404104859809259 0.6660448026435778 0.9102215273376236 0.7067998952445328 0.9947501473373122 0.769413690245117
3 0.09003597016692103 0.1299571758169794 0.04370744106956318 0.08289327550457333 0.019239576565370002 0.10697883078384787 0.06556810566272785 0.15404273109625394
1 0.2170336647953674 0.15706827450282893 0.08460222507643402 0.037043263736424296 0.04279303337025367 0.08317407777076168 0.175224473089187 0.20319908853716628