2 0.22587551401978373 0.5281924517333454 0.19271794326721595 0.5072575052460482 0.13854366580776034 0.5930608025662047 0.17170123656032812 0.6139957490535021
2 0.4534171730237221 0.39730550069838083 0.44812627132480576 0.34968736137013157 0.3949441075016203 0.355596487700845 0.4002350092005366 0.4032146270290943
2 0.6156871968499752 0.3964206726323377 0.5504804451184456 0.3825099064735306 0.5406030669348987 0.4288101418178798 0.6058098186664282 0.44272090797668684
2 0.8191857170438458 0.47821372084139063 0.7694589936877291 0.43237509173316313 0.7407647057360947 0.4635032678289785 0.7904914290922114 0.5093418969372061
2 0.8522127282698662 0.4011837862818768 0.8047603560883103 0.3697941043261777 0.7829618230715899 0.4027473563910187 0.8304141952531457 0.43413703834671785
2 0.790692681308143 0.5216279248554702 0.721211637285874 0.46922471410209166 0.6893372768126851 0.5114867017051415 0.7588183208349542 0.56388991245852
2 0.6462583236053121 0.15201396302826659 0.6399351551390837 0.12118851436141523 0.5950767826422585 0.13039023108203096 0.6013999511084869 0.16121567974888235
2 0.7026868157298757 0.14635047354611147 0.692838142371306 0.11403451395513502 0.6568165389074054 0.1250125263941323 0.6666652122659749 0.15732848598510873
3 0.6884159465259864 0.2666060138593766 0.6532387814074976 0.19781509261810107 0.5536618832105517 0.24873508215531315 0.5888390483290405 0.31752600339658865
2 0.4827035694010065 0.27682462251066525 0.4393484486375432 0.26598583919322843 0.430058550477997 0.30314542111230364 0.4734136712414603 0.3139842044297404
2 0.538833997227658 0.6670444654223894 0.5321844576286174 0.6116870515403898 0.47068838462922635 0.6190739676536787 0.47733792422826693 0.6744313815356782
2 0.22569420411690977 0.7460698460562434 0.18326499313012398 0.7259552537593235 0.13566855271329825 0.826353978369551 0.17809776370008404 0.8464685706664711
3 0.4155438801064548 0.6787133470311055 0.36869683922730445 0.6460877297241369 0.29803368809975744 0.7475527686343652 0.3448807289789078 0.7801783859413336
2 0.9057543105085522 0.541689015528802 0.8521336211892627 0.49402618163593026 0.8238577587704743 0.5258365275629184 0.8774784480897637 0.5734993614557902
2 0.2674284621411499 0.9288585818672502 0.2236518411704015 0.9151783767645016 0.19714506250000013 1 0.2409216834707485 1.0136802051027485
2 0.0968750000000001 0.9518518509615385 0.03839285817307704 0.9518518509615385 0.03839285817307704 1 0.09687500000000011 1