2 0.22018960630911738 0.2721181859302621 0.19164130840821145 0.22644090797119862 0.1643004837430079 0.24352892289402725 0.19284878164391386 0.28920620085309073
3 0.5159394221314026 0.1767091463824068 0.4588526612373922 0.13724176047177183 0.42713838707057455 0.1831141977897033 0.484225147964585 0.22258158370033826
2 0.3284046917724736 0.830111178370072 0.2907281320647273 0.8128741519353448 0.24596806373394953 0.9107103647748038 0.2836446234416959 0.927947391209531
2 0.2767686984665636 0.9386617014680447 0.22285520998824151 0.9173625557659701 0.19020833413461544 1.0000000000000002 0.24412182261293752 1.0212991457020748
0 0.6102380457472069 0.8233739129590893 0.5906249999999998 0.777777778846154 0.5730962292412273 0.7853177290957206 0.5927092749884343 0.8309138632086561
2 0.04039752144145415 0.09650810870654114 0.01366692094879616 0.05611519910213331 -0.01219912365098702 0.07323243356960597 0.014531476841670972 0.11362534317401382
2 0.34970191781639215 0.31233047894461874 0.309342230917638 0.26848291825271203 0.2843253384542907 0.2915098308350319 0.3246850253530447 0.3353573915269386
2 0.7240158753130934 0.18166100604797078 0.7154767045063527 0.14723747454154218 0.672720716240716 0.1578436114146021 0.6812598870474568 0.1922671429210307
2 0.24062499999999998 2.7471634236187553e-17 0.2078125 2.5462448081336427e-17 0.2078125 0.026851850961538488 0.24062499999999998 0.026851850961538488
3 0.637114352766588 0.6692960136586801 0.5092380242282911 0.5177389072200203 0.4494547956937693 0.5681810141776027 0.5773311242320662 0.7197381206162626
2 0.8261157024017857 0.5657403814224538 0.7659362483539511 0.5081327120631153 0.7349472959240327 0.5405051072578272 0.7951267499718674 0.5981127766171656
2 0.9182829322900894 0.6489538301779807 0.8524203395852913 0.5767108015834832 0.8167192093376254 0.609258841807562 0.8825818020424235 0.6815018704020593
2 1.027061191097856 0.7272984126537646 0.945618820115542 0.6669707281243468 0.9154298614722395 0.707725820725301 0.9968722324545534 0.7680535052547188
3 0.3572776623250587 0.3793748212411676 0.29850886283282835 0.31746201152748654 0.26599130457910586 0.34832828734064286 0.32476010407133626 0.4102410970543239
1 0.8302073451632835 0.7333573391418968 0.5896234458844998 0.48482621824830474 0.5188275034869788 0.5533583353283388 0.7594114027657626 0.801889456221931