2 0.9221061963880365 0.6268835448640518 0.8529560458011682 0.5696558309975871 0.8215673528891057 0.6075838329209005 0.8907175034759738 0.6648115467873651
3 0.33180641219096757 0.1550692625077193 0.24415627438505666 0.08581483596592229 0.20161772486447646 0.13965269029126506 0.28926786267038734 0.20890711683306204
2 0.8219128936186634 0.551445157490419 0.7534172541609969 0.49376463476265153 0.7249401565477029 0.5275811974198057 0.7934357960053694 0.5852617201475732
2 0.2099680860138656 0.1171685793591588 0.18229467761111845 0.08254834599330153 0.15884547411019106 0.1012922804533234 0.18651888251293824 0.13591251381918068
2 1.0247106856524166 0.7165780075267068 0.9430060515577214 0.6464560257738209 0.9112261549041768 0.6834852819747586 0.992930788998872 0.7536072637276446
3 0.30949138198281 0.012337314676978687 0.2612265627109869 -0.02476626231892026 0.23180044093479385 0.013511622574916116 0.28006526020661704 0.05061519957081506
3 0.7438780432212859 0.15026474197815512 0.7106502198318826 0.14685010366409276 0.6971638701572694 0.2780856852805416 0.7303916935466728 0.281500323594604
2 0.7201104202301849 0.6779802644528146 0.6652199602494814 0.623200470379158 0.6338363743522796 0.6546474572631366 0.6887268343329832 0.7094272513367931
1 1.0630135523591095 0.9307583630175214 0.8125 0.7027777788461543 0.7385013261568437 0.7840902762313611 0.9890148785159533 1.012070860402728
2 0.3097658563097451 0.8252019834849933 0.2718418137340447 0.8096876022956825 0.22809918839662394 0.9166140188524843 0.2660232309723244 0.9321284000417951
2 0.21653864796698408 0.7630877750841504 0.1762516675777013 0.7421431226363556 0.12357412956552355 0.8434682196338833 0.1638611099548063 0.8644128720816779
2 0.632356745959402 0.685051666400158 0.5780638121555126 0.6283349279639471 0.5455448118062345 0.6594642203388557 0.5998377456101239 0.7161809587750666
3 0.42038702691912105 0.08409378993646652 0.2944066263317154 0.022784892033433257 0.2592159269686001 0.09509639255539734 0.38519632755600575 0.15640529045843057
2 0.21887545356584484 0.5080560262175469 0.18773266169092542 0.497407938520377 0.15536459497569938 0.5920758257292446 0.1865073868506188 0.6027239134264143
2 0.6493697186209257 0.14183637487051684 0.6464278156636014 0.10984316397963764 0.6029898974978678 0.11383745327894065 0.6059318004551921 0.14583066416981985
3 0.24687500000000015 0.9481481490384615 0.18291933653846165 0.9481481490384615 0.18291933653846165 1 0.24687500000000015 1
2 0.2818908653359767 0.2752929720381764 0.23744984969391736 0.23029644543122696 0.21196136531456655 0.25547025813214264 0.2564023809566259 0.30046678473909205
3 0.8704278063111679 0.3492315569112814 0.7460064123757152 0.27255111123093173 0.6976193918075365 0.3510637032491469 0.8220407857429893 0.4277441489294965
2 0.27220886778846154 0.08251424519230771 0.2373664534023669 0.059285968934911254 0.2211271375739645 0.0836449426775148 0.2559695519600591 0.10687321893491128
2 0.7938121671722247 0.40839555153855633 0.7369923595815903 0.3700421828900074 0.7133173653080491 0.4051162498294411 0.7701371728986834 0.44346961847799005
2 0.95 0.10555555528846164 0.9151041658653847 0.10555555528846164 0.9151041658653847 0.1416666658653847 0.95 0.1416666658653847