2 0.9271359292158105 0.6426181052366419 0.8574255371691317 0.5880050649657705 0.8270800036835804 0.6267393860299594 0.8967903957302591 0.6813524263008307
3 0.34070669823837874 0.16421568455607122 0.2518676243673745 0.09652877438472267 0.2103563859333978 0.1510122774487162 0.2991954598044021 0.21869918762006477
2 0.8266826920911328 0.5641559828274352 0.7571113783810752 0.510044962167871 0.7297115387831951 0.5452733280910048 0.7992828524932526 0.599384348750569
2 0.22090558737656785 0.12457598623321157 0.19323217547022672 0.08995575321475482 0.1697829739121997 0.10869968868289986 0.19745638581854086 0.1433199217013566
2 1.026283524952363 0.7321594301111921 0.9493462654027213 0.6637707515980823 0.9169324703631477 0.7002362692271517 0.9938697299127893 0.7686249477402615
3 0.9416166570227772 0.3984490527127861 0.8172206327164535 0.32111072949027386 0.7634739455128283 0.4075604213012848 0.887869969819152 0.484898744523797
3 1 0.46388888942307704 0.9572916658653846 0.46388888942307704 0.9572916658653846 0.5671296298076924 1 0.5671296298076924
2 0.33671492753678245 0.2782865360799946 0.2978444446242633 0.23820134584612662 0.27373386228595237 0.2615813017182175 0.3126043451984714 0.30166649195208545
2 0.3213991925810502 0.31035154589486746 0.27815523894256 0.2732379563901816 0.25511717928023814 0.3000814063839482 0.29836113291872834 0.33719499588863405
1 0.27896877033577866 0.2987007767512873 0.14499252947980895 0.1741976027208179 0.1007302796638493 0.22182763214254858 0.234706520519819 0.34633080617301804
2 0.25763785843895126 0.2154302678713014 0.2256413843460162 0.1585476428439797 0.2022981601500383 0.171678205434462 0.23429463424297334 0.22856083046178366
3 0.11171087412060324 0.18424807633478874 0.06695546732511835 0.12059591192967761 0.033758273837368985 0.1439376774909653 0.07851368063285386 0.2075898418960764
2 0.10213963781959261 0.15157654583088134 0.0983164335031968 0.10739729660606899 0.0756098766812114 0.10936228712934717 0.07943308099760722 0.1535415363541595
1 0.24371016538018592 0.2027713799129124 0.11804272935848578 0.09816958531595779 0.0788019643506675 0.14531300522632848 0.2044694003723676 0.2499147998232831
0 0.22994650540721498 0.3812337065026154 0.2271318948388241 0.3487092953397577 0.21377041976907207 0.3498655760408073 0.21658503033746296 0.382389987203665
2 0.31607647724882565 0.8357838696091661 0.27839926783928354 0.8199728985381037 0.23418957421125433 0.9253236627175139 0.2718667836207964 0.9411346337885761
2 0.6986851090003073 0.38565194488039245 0.6431637081860941 0.3393841068646007 0.6186731556766557 0.3687727673326773 0.6741945564908689 0.41504060534846904
2 0.18540229846188064 0.1458205648417072 0.16531968553862272 0.12796934820497513 0.16302083413461538 0.1305555552884616 0.18310344705787326 0.14840677192519364
2 0.2243144671924451 0.7709807444503792 0.18375982307258282 0.7495513021632889 0.13123842954827553 0.8489466291401683 0.17179307366813779 0.8703760714272588
2 0.048584770892710086 0.13042464755578637 0.018699712336046916 0.09680395806500797 -0.0030531624055121307 0.11613984752097999 0.026831896151151037 0.14976053701175837