2 0.5378946391813607 0.3487943562953187 0.4789603481504577 0.33609470895304655 0.4698311914724943 0.3784596945329962 0.5287654825033973 0.39115934187526835
2 0.7323115861213813 0.46376925539245345 0.6755252243153766 0.4277144324544512 0.6495480923590675 0.468628426581946 0.7063344541650722 0.5046832495199483
2 0.8165027936530165 0.4615549027326094 0.7649729406488169 0.4235708413554571 0.7402725363174761 0.45707984903371135 0.7918023893216758 0.4950639104108637
2 0.8500133546036578 0.3890135317579132 0.8042868578530382 0.35852920205642635 0.7826522427374923 0.3909811262899338 0.8283787394881119 0.42146545599142066
2 0.8827674121450465 0.5904734772800341 0.8068107684887299 0.5301904227844412 0.7776170493399012 0.5669745064866413 0.8535736929962178 0.6272575609822341
2 1 0.14722222115384628 0.9692708341346153 0.14722222115384626 0.9692708341346153 0.1814814807692309 1 0.1814814807692309
2 0.64215004174142 0.14235009743800256 0.6410744672914525 0.10786447505629151 0.5979161627662225 0.10921054238653853 0.59899173721619 0.14369616476824956
2 0.6984747787160518 0.1393196913677218 0.6954796425527696 0.10470920522895223 0.659411613871622 0.10783047479471511 0.6624067500349041 0.14244096093348466
3 0.465681033524107 0.2496321513346049 0.3695757497504738 0.17955537575573552 0.326350564727416 0.23883562429019276 0.4224558485010492 0.3089123998690621
2 0.28771153123052995 0.17263999166046745 0.2562534487811669 0.14355874626297166 0.2364996284249878 0.16492706460562753 0.26795771087435083 0.19400831000312335
2 0.2253688792713841 0.7312611132041683 0.18380907645991543 0.7108058967042302 0.1340650258057818 0.8118731690176644 0.17562482861725048 0.8323283855176025
2 0.31930889758815206 0.7864552891838911 0.2821805927399333 0.7710187930037808 0.23911675384446537 0.8745971776183973 0.2762450586926842 0.8900336737985075
3 0.26058762174878486 0.933752721241241 0.20376702057565427 0.9145757690828845 0.17493634375000008 1 0.23175694492313068 1.0191769521583565