0 0.5480570025954873 0.08205245239364618 0.5448232596178075 0.047559248689860265 0.5264947675710775 0.049277547545384257 0.5297285105487571 0.08377075124917016
2 0.8692767513037378 0.4519686209514229 0.800490263917577 0.40722943876416967 0.7744375482864622 0.44728548600335044 0.8432240356726228 0.49202466819060364
2 0.007291665865384623 0.05582788701923077 6.836944314126104e-18 0.05582788701923077 8.294380720127005e-18 0.07962962980769231 0.007291665865384624 0.07962962980769231
0 0.20724350315667148 0.34330046532610586 0.203421867997073 0.3076318837319187 0.19152961606013227 0.3089060540548682 0.1953512512197307 0.34457463564905544
3 0.9528311968112292 0.44366987046594064 0.8733039529068994 0.39065170939242433 0.8364449791202018 0.44594017166733046 0.9159722230245315 0.4989583327408468
2 0.9860764131147298 0.5524691596297522 0.9247332047521254 0.5028988814063743 0.8967925394007383 0.5374754486129631 0.9581357477633428 0.587045726836341
2 0.3030208340192307 0.23134259491826917 0.2668819464585469 0.18315740687083343 0.24265972243119652 0.20132407314455136 0.2787986099918803 0.2495092611919871
2 0.2481995898463542 0.18836534321091614 0.21844844307464875 0.1460525997929857 0.19361589901591186 0.16351298178025367 0.22336704578761732 0.2058257251981841
3 0.27797338294035445 0.262119474465016 0.23625886217967496 0.17672409211378065 0.20161228434856357 0.19364848955107938 0.24332680510924304 0.2790438719023147
3 0.24957426376016656 0.29412173005413256 0.20649177644606997 0.1821809111474519 0.1552544791090869 0.20190052937151892 0.19833696642318355 0.3138413482781996
3 0.1834414935542879 0.18991465436520544 0.09129614711834762 0.10485741401774694 0.04954073384055165 0.15009244640700709 0.14168608027649196 0.2351496867544656
2 0.8214282026591613 0.5629626086605224 0.7612487521649918 0.5053549320202405 0.7302597946811399 0.537727326491386 0.7904392451753093 0.5953350031316679
2 0.9141162658041542 0.6452501278068176 0.8482536751352663 0.5730070967566087 0.8125525423353047 0.6055551371950736 0.8784151330041927 0.6777981682452824
2 0.8743267526639443 0.5220451329850346 0.8081085993230496 0.46628249277885175 0.7766061101451288 0.5036917089007982 0.8428242634860236 0.5594543491069811
2 1.0223806855869584 0.7130929554953362 0.9348718831735668 0.6700222076002368 0.9097617928026189 0.7210395231621916 0.9972705952160104 0.7641102710572909
3 0.08847347016692104 0.12903125033621016 0.042144939867789145 0.08196734880295432 0.017677075363595966 0.10605290408222888 0.06400560566272787 0.15311680561548474
1 0.20674192023303986 0.14175141813512876 0.06879088938836037 0.026341375538023164 0.028984890296483132 0.07392197151524496 0.16693592114116262 0.18933201411235054