2 0.8505965769055308 0.4568107627745089 0.7946793454278442 0.40511838584987636 0.763054765168139 0.43932766543755886 0.8189719966458255 0.4910200423621914
2 0.29152824343815864 0.33305837962576584 0.25171368984855597 0.2949452978526941 0.22691540601166504 0.32085064464760105 0.2667299596012677 0.3589637264206728
3 0.40342630322228995 0.1013448884545495 0.3493859107966471 0.0677197440273653 0.32274237710982 0.11053969441181472 0.3767827695354629 0.14416483883899892
2 0.32948802405628125 0.8339505129925487 0.29201081115360267 0.8166452707893274 0.24767586685718934 0.9126595378485759 0.2851530797598679 0.9299647800517973
2 0.2778103655898083 0.9414394808111309 0.22503344272223644 0.9205893484678016 0.19366134855769238 1.0000000000000002 0.24643827142526425 1.0208501323433294
0 0.6735789693386447 0.9264603743764215 0.6601383553133752 0.8756847127762908 0.6389799759993706 0.8812854592914096 0.6524205900246401 0.9320611208915403
2 0.09680675976068225 0.1482087877608728 0.06577225355700762 0.11329502367381081 0.0430998540935881 0.13344829961521595 0.07413436029726272 0.16836206370227796
2 0.5383755829107938 0.4671721507762242 0.4869589641848028 0.4237893766404595 0.46215238207271275 0.45318976884130835 0.5135690007987037 0.49657254297707304
2 0.7216382713985413 0.18572317131277247 0.7138071190973378 0.1519513276491721 0.6701612786351432 0.16207210243950046 0.6779924309363466 0.1958439461031008
3 0.7983611446790561 0.8474403621588533 0.6407741443046139 0.6606705991330591 0.5746018689477067 0.7165034610080643 0.7321888693221488 0.9032732240338585
2 0.8250740358906901 0.5685181686728572 0.7648945899477828 0.5109104861631244 0.7339056287754401 0.5432828787408465 0.7940850747183474 0.6008905612505793
2 0.918282932866342 0.6517316098887919 0.8524203410006509 0.5794885775258394 0.8167192082006894 0.6120366179643042 0.8825818000663805 0.6842796503272568
2 1.0268489824456057 0.7321566539386677 0.945097985980926 0.6716003579320393 0.9149090273376236 0.7123554505329943 0.9966600238023033 0.7729117465396226
3 0.45280905879245953 0.47667506553327993 0.38749999999999996 0.4092592596153847 0.35292961109484666 0.4427493222311834 0.41823866988730624 0.5101651281490788
1 1.0490770915145597 0.9496928664185463 0.7760416658653847 0.6833333341346155 0.6987455198828474 0.7625667895263527 0.9717809455320224 1.0289263218102835