2 0.9235066274289296 0.6149280713506924 0.8558173844744091 0.5625234948597341 0.8248768792547393 0.6024883131101249 0.8925661222092598 0.654892889601083
3 0.33076474632558284 0.14951370721925772 0.24311460851967193 0.08025928067746078 0.2005760589990918 0.13409713500280354 0.2882261968050027 0.20335156154460046
2 0.8240854909316224 0.5432536483623998 0.7567579406901905 0.4873967032136856 0.7283657218391629 0.5216194580755721 0.7956932720805947 0.5774764032242863
2 0.20840558601386555 0.11068709858992803 0.18073217643872266 0.07606686375736985 0.1572829741101911 0.0948107972802465 0.18495638368533399 0.12943103211280468
2 1.0257906945938493 0.7042442276993304 0.9466723953986219 0.6362610952130558 0.9148707369890109 0.6732716452265317 0.9939890361842382 0.7412547777128062
2 0.31132835630974515 0.8205723536773011 0.27340431373404467 0.8050579724879902 0.22966168839662385 0.9119843890447916 0.2675857309723243 0.9274987702341027
2 0.22070531346735858 0.7501248098917739 0.18041833244039085 0.7291801586971706 0.12774079777429467 0.8305052569249831 0.1680277788012624 0.8514499081195864
2 0.6457238844863104 0.13720674506282446 0.6428576761791711 0.1060367139103018 0.5994197580134375 0.11003100320960482 0.6022859663205767 0.1412010343621275
3 0.24843750000000012 0.9416666658653846 0.1811431634615386 0.9416666658653846 0.1811431634615386 1 0.24843750000000012 1
3 0.28313695432692304 3.088205993388496e-17 0.2212053581730769 2.7089843384090247e-17 0.2212053581730769 0.02962962980769234 0.28313695432692304 0.029629629807692345
2 0.7109558820701357 0.12950980345022625 0.7039460781108596 0.09796568563348414 0.6666666672794117 0.10624999915158367 0.6736764712386877 0.13779411696832577
2 0.44225427401848355 0.10933048859591485 0.400112873527511 0.08978664186291652 0.3873134843996925 0.11738531220883612 0.429454884890665 0.13692915894183447
2 0.21354166586538462 2.4707066947709226e-17 0.1828125 2.282544821683366e-17 0.1828125 0.030555555288461565 0.21354166586538462 0.030555555288461565
2 0.3481978280242116 0.13035069998541518 0.3191032733756081 0.09966504204291825 0.2971700812413146 0.12046096104733883 0.3262646358899181 0.15114661898983578
2 0.8189525456730767 0.3532696754807695 0.769762731971154 0.30407986177884627 0.741984954326923 0.33185763942307706 0.7911747680288458 0.38104745312500027
2 0.6724695132291282 0.3003978755193686 0.6229558043403458 0.2663572086924053 0.5987541737967972 0.30155958870036564 0.6482678826855797 0.3356002555273289
2 0.8528242259732539 0.4315496074840156 0.7950126049894888 0.3937950789389685 0.7716895435587007 0.42950851622925285 0.8295011645424659 0.46726304477430003