2 0.7343291677657386 0.362531213412785 0.6802711004496296 0.3213441224258693 0.6545099032581377 0.3551557002419289 0.7085679705742469 0.3963427912288446
2 0.3365427156309968 0.38207305496786764 0.29594745747342804 0.34020919883527456 0.26889411520025186 0.36644274526554776 0.3094893733578206 0.4083066013981408
3 0.34126602417595947 0.05644586619538017 0.2917735013481138 0.023450857322011506 0.26340812083396603 0.06599893627555593 0.31290064366181175 0.0989939451489246
2 0.3300088572281185 0.8358023680852443 0.292531646140603 0.818497125267993 0.24819669990854706 0.9145113884620378 0.2856739109960626 0.9318166312792889
2 0.26436671193374667 0.932169619270947 0.19996966919736076 0.9281448075829357 0.19547872355769244 1.0000000000000002 0.2598757662940784 1.0040248116880115
0 0.7131623034732599 0.9894233359148832 0.6994341161198627 0.9375612860019271 0.6775313266274788 0.9433590822367101 0.691259513980876 0.9952211321496662
2 0.13013583856014532 0.18386469837448396 0.09893218793660051 0.14688259250937563 0.07565780042652868 0.16652035621570016 0.10686145105007351 0.20350246208080852
2 0.6758214698558412 0.586150107528976 0.6194751733386835 0.531511280990405 0.5908271232174671 0.5610545861642258 0.6471734197346248 0.6156934127027968
2 0.7216382708695707 0.1866490969162016 0.7138071185683672 0.15287725325260126 0.6701612786351432 0.16299802792026977 0.6779924309363469 0.19676987158387013
3 0.9006925076583072 0.9611830753709789 0.7265487765196045 0.7574030677816525 0.6576116769845937 0.8163144588887736 0.8317554081232964 1.0200944664781
2 0.8250740365364009 0.5703700112301463 0.7648945824885666 0.5127623418708073 0.7339056300586482 0.545134737065519 0.7940850841064825 0.602742406424858
2 0.9182829322900894 0.653583459985673 0.8524203395852913 0.5813404313911755 0.8167192093376254 0.6138884716152542 0.8825818020424235 0.6861315002097517
2 1.0268489812958477 0.7330825809716104 0.945097984831168 0.6725262849649819 0.9149090273376236 0.7132813760137634 0.9966600238023033 0.7738376720203919
3 0.515726313395305 0.5420584143090361 0.4463541658653846 0.4712962956730769 0.41056885875655075 0.506378676642038 0.4799410062864711 0.5771407952779971
1 1 0.8342592596153846 0.8916666658653847 0.8342592596153846 0.8916666658653847 1 1 1