2 0.9262984529960087 0.6289098671929428 0.8584211741046305 0.5744134175297313 0.8270857536598697 0.6134428054229295 0.8949630325512479 0.6679392550861409
3 0.337581699287369 0.155882355407778 0.24874263000035207 0.08819543896645611 0.20723138939782787 0.1426789370184713 0.2960704586848447 0.21036585345979322
2 0.826414384894592 0.5564735393597139 0.7593312262965788 0.4987676071116277 0.7307431372487383 0.5320012667528168 0.7978262958467515 0.5897071990009028
2 0.21569725324195244 0.11809450546398079 0.18802384133561137 0.08347427244552406 0.16457463977758435 0.1022182079136691 0.1922480516839254 0.13683844093212583
2 1.0263253172830409 0.7173860668807897 0.9489856950071675 0.6500427214874059 0.9169423653051763 0.6868424824903209 0.9942819875810496 0.7541858278837046
3 0.7750992242626329 0.26595626318134136 0.666727800141624 0.21109323183019751 0.6230699640727426 0.2973309360238352 0.7314413881937514 0.3521939673749791
3 0.9774785445885575 0.4459180241061962 0.856571817112067 0.3491926354286311 0.830894308799707 0.38128951859698906 0.9518010362761976 0.4780149072745541
2 0.767691426455677 0.642045368357706 0.7019588105559056 0.5718884421931129 0.6688690379970755 0.6028914725242519 0.734601653896847 0.673048398688845
2 0.6853439269318624 0.6426910966389627 0.6256773464430689 0.5824507968149935 0.5933968950706048 0.6144238141415663 0.6530634755593983 0.6746641139655356
1 0.49111292815339136 0.48675488347079665 0.31875 0.32500000000000007 0.2657659169648906 0.38145883142132575 0.438128845118282 0.5432137148921223
2 0.4742741760993395 0.3741195531084761 0.4161753719407436 0.3264487379854313 0.38837358110014325 0.3603321695386175 0.44647238525873906 0.4080029846616624
3 0.24200418214264222 0.32050859485243777 0.20361914401435446 0.2357967800389829 0.16594144215192333 0.25286948737928144 0.20432648028021105 0.33758130219273624
2 0.21322858447698972 0.2163455183471599 0.18290263420211358 0.18033345294248646 0.16113465354003081 0.19866438430464928 0.19146060381490695 0.23467644970932275
1 0.38020217742774054 0.30835267413974893 0.23574755024846628 0.18742181804674832 0.18939904455078085 0.2427861504196764 0.3338536717300551 0.363717006512677
0 0.3744792535098173 0.538581264947694 0.37142814434510163 0.5024199744468519 0.35653417657492814 0.503676653092253 0.3595852857396438 0.5398379435930951
2 0.3149741883851365 0.8242760571618143 0.2781452809893553 0.8092096858227502 0.23440265565193458 0.9161361023795517 0.2712315630477158 0.9312024737186158
2 0.2815110035679879 0.048230280939227 0.24640094862167145 0.022528793774860237 0.22887806871411615 0.04646629094914602 0.26398812366043267 0.0721677781135128
2 0.3535659747766825 0.2776411775835407 0.3193729081871683 0.24125328775147387 0.3130208341346154 0.24722222115384615 0.3472139007241296 0.28361011098591293
2 0.22122614777722038 0.761235921068872 0.18093916705641389 0.7402912692725944 0.12838328226833726 0.841382370610382 0.16867026298914375 0.8623270224066596
2 0.13423614994309016 0.20607458642612683 0.10663628501430078 0.16609453552073086 0.07926750657784451 0.18498832307241725 0.10686737150663388 0.2249683739778132
3 1.047811177857341 0.5132315527812581 0.8388329611274681 0.38276577721285376 0.7840578692686021 0.4705037373637835 0.9930360859984748 0.6009695129321877
2 0.9272533500642417 0.5505963088258758 0.8561839608974379 0.4948556118184778 0.825199275446574 0.5343610860364659 0.8962686646133778 0.590101783043864
2 0.01979166586538463 0.07731481490384615 9.468334059866526e-18 0.07731481490384615 1.2104726458342843e-17 0.1203703701923077 0.019791665865384632 0.1203703701923077
2 1 0.12500000000000014 0.9619791658653847 0.1250000000000001 0.9619791658653847 0.15436081250000017 1 0.15436081250000017