3 0.8869259244392721 0.8708804769353983 0.7882724165549525 0.7717503834910117 0.7420974284743879 0.817703377101574 0.8407509363587076 0.9168334705459606
2 0.2351345964376434 0.7458403898261756 0.1976018060548381 0.7261842080041401 0.15170037413169812 0.8138313837496588 0.18923316451450342 0.8334875655716942
1 0.24625551480112448 0.251126244218958 0.12239676385606257 0.12571924743163587 0.07722048328195455 0.1703377920710714 0.20107923422701648 0.29574478885839356
3 0.1991510469899464 0.6083435083151678 0.15443788933851244 0.5773352402693663 0.07655624536770513 0.6896386497947192 0.1212694030191391 0.7206469178405206
2 0.7163136810723884 0.1732422774270378 0.7071389472971599 0.13883702279255355 0.665418251587554 0.14996254068566317 0.6745929853627823 0.18436779532014744
2 0.8385595331373691 0.5645058284475024 0.7698189921053511 0.5064582601123939 0.7407676323868269 0.5408611858859321 0.8095081734188448 0.5989087542210407
0 0.05276642927365854 0.18782645760046168 0.041534138816402805 0.1545455957063375 0.028161528608383203 0.15905885147795737 0.03939381906563894 0.19233971337208156
2 0.27833078427524194 0.7785419371538551 0.2407047215465548 0.7600984470372025 0.18093399496593457 0.8820350812337348 0.21856005769462167 0.9004785713503873
3 0.34330973862338954 0.45055248454967 0.30611763343158527 0.40922792560955207 0.23423687965279721 0.473920607742731 0.27142898484460143 0.5152451666828489
2 0.254610005555345 0.24855984969025288 0.22750504945840008 0.1977380482123969 0.20310637983454666 0.21075066975959966 0.23021133593149162 0.26157247123745564
0 0.7772809756556007 0.10095904681878282 0.7756094037945183 0.0771856129242219 0.7570812132152729 0.07848837810936102 0.7587527850763554 0.10226181200392194
2 0.18433089115687787 0.13126174033256757 0.14921619916542878 0.09669571362295513 0.1285233260797173 0.11771704392878514 0.1636380180711664 0.15228307063839758
0 0.37719020825492267 0.7660813022426566 0.36473384103332285 0.7601126266815492 0.3468151276468176 0.7975082049460673 0.3592714948684174 0.8034768805071747