3 0.9561204665278262 0.48395221670816596 0.8910404792290211 0.32968854218393273 0.8028332250752169 0.36690097730643634 0.867913212374022 0.5211646518306696
1 0.21506846033655733 0.15418140895321342 0.09041280790557481 0.05227313580846937 0.051747054029789505 0.09956963713644226 0.17640270646077202 0.2014779102811863
2 0.3779314978528146 0.06455967787510387 0.34583192673582486 0.04417900535959419 0.3304192289359532 0.06845401339748663 0.36251880005294296 0.08883468591299633
1 0.24032364184464264 0.2429811707495063 0.11347819838717635 0.11740417784075327 0.06787749307107091 0.16346549491654588 0.19472293652853717 0.2890424878252989
2 1.028984089671117 0.7194662533891866 0.9493451586989662 0.652047042747411 0.9162515460210883 0.6911388670299031 0.9958904769932393 0.7585580776716788
2 0.5166842579443669 0.34222526446097756 0.4938041041449829 0.3383082832165759 0.4814361101438434 0.4105531032142156 0.5043162639432274 0.4144700844586173
2 0.8293880027242649 0.5501405697907923 0.7593316629767208 0.498500123462235 0.731783700168248 0.5358721753919227 0.801840039915792 0.5875126217204799
0 0.1812766849191671 0.3159304908862304 0.17636411533797894 0.2809966829074563 0.1634680965476928 0.2828101865960917 0.16838066612888092 0.31774399457486585
2 0.4554755874614328 0.2991472454650271 0.4298666739621958 0.2932542852048839 0.4158041739621957 0.35436539578180704 0.4414130874614327 0.3602583560419502
3 0.3065762020488841 0.11845664803153087 0.2201492255228795 0.059361314871507025 0.18201891691780642 0.11512692461629236 0.2684458934438111 0.1742222577763162
2 0.2724590909759073 0.24381790941522308 0.22871553906695533 0.20752696663433087 0.2051160292890327 0.23597280743899343 0.24885958119798465 0.27226375021988564
2 0.5082377716620995 0.6402608481588051 0.4927619591742897 0.5887554050145014 0.43653802590857455 0.6056489796627096 0.4520138383963843 0.6571544228070133
2 0.30054306926551383 0.22254968865362804 0.2584541808712371 0.18691888229334871 0.23727600832210985 0.21193559765482403 0.2793648967163866 0.24756640401510335
3 0.0894936940552956 0.1498406403931751 0.05103703032270031 0.08147323820189456 0.016220017426101352 0.10105780795623148 0.05467668115869666 0.16942521014751202
2 0.9303948711531033 0.6319448803602714 0.8614402716512894 0.5747381024965814 0.8288316944374194 0.6140430846346077 0.8977862939392333 0.6712498624982979
2 0.06945833426538459 0.0773333331711538 0.0438472192166666 0.043185184698077146 0.022847221589743637 0.05893518518990385 0.04845833663846162 0.09308333366298052
3 1 0.45740740625000015 0.9692708341346153 0.45740740625000015 0.9692708341346153 0.5546296298076924 1 0.5546296298076924
2 0.08333333413461538 8.351107184145009e-18 0.05305059615384615 6.4968242772666576e-18 0.05305059615384615 0.013888889423076931 0.08333333413461538 0.013888889423076931