2 1.0165737945087123 0.537767790152755 0.9382560056123913 0.4847271708989268 0.906996049008161 0.5308844502949733 0.985313837904482 0.5839250695488015
0 0.18912801008186045 0.31361018128972007 0.18233371083117086 0.2739228297005338 0.17146563549262586 0.27578339618260744 0.17825993474331542 0.3154707477717938
2 0.07864583413461551 0.9657407403846154 0.03229166586538473 0.9657407403846154 0.03229166586538473 1 0.07864583413461552 1
2 0.42288587782450016 0.4041832852731263 0.3907226124349685 0.3865939983897346 0.3563026826961732 0.44953329446337054 0.3884659480857049 0.4671225813467622
2 0.2978771866286021 0.19960019146123925 0.2572402760342818 0.15823762399192834 0.23175237185212955 0.1832783733181204 0.27238928244644983 0.22464094078743133
2 0.24062499879807692 0.15833333293269233 0.20341435216346154 0.12112268629807697 0.18845486177884618 0.13608217668269235 0.22566550841346153 0.1732928233173077
3 0.2529462010497264 0.20584396432124372 0.19794957136824157 0.1335778583524962 0.16785875902470615 0.15647785055614633 0.22285538870619098 0.22874395652489385
3 0.25054238559350134 0.23886973096816977 0.17468031609748008 0.15352490278514594 0.13312140760941643 0.1904661547745359 0.2089834771054377 0.27581098295755974
3 0.174032370640802 0.16666631449177416 0.08380371739196842 0.08029358540901625 0.04139402920023713 0.12459656264360675 0.1316226824490707 0.21096929172636464
2 0.8183615150032507 0.5347420705793787 0.7597030656154858 0.478590405348653 0.7287141131855677 0.5109628005433648 0.7873725625733325 0.5671144657740905
2 0.9116460841829672 0.6078684021714862 0.8411396311218184 0.5455457357084611 0.8109228612485209 0.5797303652765038 0.8814293143096695 0.6420530317395289
2 0.8968491015227109 0.511950082365976 0.8303205651858252 0.45207437893658337 0.7946046264956087 0.49175874152215304 0.8611331628324943 0.5516344449515457
2 1.0244387645726027 0.694947897483422 0.9343436721358886 0.6377446557040757 0.9060022567750493 0.6823823782753176 0.9960973492117634 0.739585620054664
3 0.07217475510479689 0.11029442259075194 0.037595583756482295 0.05496774843344858 0.007424963618193614 0.07382438601987901 0.0420041349665082 0.12915106017718236
1 0.1011534354536247 0.049047381897007684 0.028820714783282374 -0.027303831948857358 -0.015717761104900783 0.014890508824903654 0.05661495956544154 0.09124172267076869
3 0.47296258360328014 0.24278292019282108 0.460615224569187 0.14180892235801107 0.4258988313152233 0.14605413182844051 0.43824619034931633 0.24702812966325055
2 0.23307971424855214 0.716053611554218 0.19564435767258995 0.6959390908018956 0.14548734035810187 0.7892868693085144 0.18292269693406407 0.8094013900608368