2 0.9227361106726497 0.6143611130084937 0.8548472222106839 0.5634444442141026 0.8240000000346156 0.6045740718048077 0.8918888884965814 0.6554907405991989
3 0.3302439121909674 0.14951370721925772 0.2425937743850565 0.08025928067746078 0.20005522486447638 0.13409713500280354 0.28770536267038727 0.20335156154460046
2 0.8236175626963681 0.5440848975767554 0.7549298016152365 0.4885796378437225 0.7264541930219678 0.5238182045867986 0.7951419541030993 0.5793234643198315
2 0.20840558601386555 0.11068709858992803 0.18073217643872266 0.07606686375736985 0.1572829741101911 0.0948107972802465 0.18495638368533399 0.12943103211280468
2 1.0256711869883646 0.7036631404724432 0.9461515580638031 0.6353351696658591 0.9143499028082128 0.6723457203270196 0.9938695317327741 0.7406736911336036
3 1 0.09722222115384627 0.9057291658653847 0.09722222115384625 0.9057291658653847 0.17592592548076938 1 0.17592592548076938
2 0.3102866883851366 0.8205723528348913 0.27236264786866016 0.8050579724879903 0.2286200225312393 0.9119843890447918 0.2665440630477158 0.9274987693916928
2 0.21966364777722028 0.7510507359727181 0.17937666705641384 0.7301060841764406 0.1266991295340914 0.831431184217423 0.16698611025489785 0.8523758360137005
2 0.6457238859012959 0.13905859523982878 0.6428576753783463 0.10788856696443094 0.5994197566739656 0.11188285976986292 0.6022859671969154 0.14305288804526078
3 0.24791666586538474 0.9425925937499999 0.1810363245192309 0.9425925937499999 0.1810363245192309 1 0.24791666586538474 1
2 0.9981537668116188 0.9246586905960115 0.9018075383017723 0.8288501068055523 0.8639001340581357 0.8669702343241916 0.9602463625679822 0.9627788181146507
3 0.42333907119197095 0.04484543454391269 0.3313227972957658 0.0008711084099615868 0.29882879073760105 0.06886481451777873 0.39084506463380614 0.11283914065172986
2 0.7218933825791853 0.1267320268947964 0.7148835786199095 0.09518790907805429 0.6776041677884616 0.10347222259615381 0.6846139717477375 0.13501634041289592
2 0.20793623151505802 0.039855538195310666 0.19201797455898095 0.011874221045698831 0.16518933126725935 0.027136734794322753 0.18110758822333642 0.05511805194393459
2 0.5643512059562983 0.18905997566492802 0.520339469208887 0.16297894209264221 0.5030129020662933 0.19221751922581598 0.5470246388137047 0.2182985527981018
2 0.3951021365373813 0.134183602437349 0.3722574358217182 0.10334325765737105 0.34522300279521584 0.12336876437314023 0.36806770351087886 0.15420910915311817
2 0.5329401731712049 0.25459748955160555 0.49072310233157634 0.22372624601943278 0.46924682494922665 0.25309550426383337 0.5114638957888553 0.28396674779600617
2 0.9443789496200931 0.4518123278944453 0.8786099923668081 0.40668431083637446 0.8586564789010401 0.4357642895222149 0.924425436154325 0.48089230658028576
2 0.9326261151633736 0.492360050626592 0.8702812054401009 0.44338626994267816 0.8417663642008535 0.47968641214138474 0.9041112739241262 0.5286601928252985