3 1.0485929831359686 0.4612710317788208 0.9134697443767479 0.3725963825909495 0.8563027391126237 0.459707986326625 0.9914259778718443 0.5483826355144963
2 0.25105021118690735 0.7053545713957218 0.21228905947934595 0.6843900061553208 0.16736348544028093 0.76745240076781 0.2061246371478423 0.7884169660082112
1 0.2417333283863168 0.24148110774266884 0.11704247521843966 0.11714448886625087 0.0713576207345495 0.16295949923024103 0.19604847390242666 0.287296118106659
2 0.6924429685055317 0.17678144213242314 0.6898073236379414 0.13929676648789407 0.6486047723001163 0.14219382484835552 0.6512404171677066 0.17967850049288453
2 0.8316859423685224 0.5508588553014968 0.7637253324613777 0.49716157424049956 0.7353996599307144 0.5330112475047233 0.8033602698378591 0.5867085285657204
0 0.15902918983617764 0.2938794948149714 0.15298435998820997 0.2585700213220585 0.13954226854804855 0.2608712495058463 0.1455870983960162 0.29618072299875914
2 0.13364932362050203 0.9372981678104311 0.09008736397741088 0.9140651065830284 0.044604830585301035 0.9993447976534308 0.08816679022839218 1.0225778588808334
2 0.4013722394991188 0.5747954948931115 0.3661311290230543 0.5504671144370314 0.3094437722864919 0.6325821325310534 0.34468488276255643 0.6569105129871337
2 0.2745424251105226 0.24474383489599233 0.23079887320157066 0.20845289211510012 0.20719936342364806 0.2368987329197626 0.25094291533260005 0.27318967570065483
0 0.5505142731915061 0.0720986113920082 0.5426784756084968 0.0473336213512 0.528268261053242 0.051893103272922896 0.5361040586362513 0.0766580933137311
2 0.29285596352806154 0.2193298655670843 0.25382678403436226 0.17968117719395785 0.23121054086464993 0.20194404263447352 0.2702397203583492 0.24159273100759998
0 0.5987904258181357 0.7836023663399605 0.5782293022293512 0.7409570697488015 0.558367293296787 0.7505333947606588 0.5789284168855714 0.7931786913518178
2 1.002008306856524 0.6903611715729501 0.9265718301406829 0.6283106037383094 0.8932136181441765 0.6688650429702369 0.9686500948600177 0.7309156108048775