2 0.9297043410579786 0.6325282274053158 0.8597843704208752 0.5831729528977841 0.8306144947126399 0.6244969425495188 0.9005344653497432 0.6738522170570505
3 0.34222307805635216 0.15784704135387323 0.2545729402504413 0.08859261481207609 0.21203439282310416 0.14243046648815788 0.299684530629015 0.21168489302995505
2 0.8296634341237611 0.5602136980117269 0.7630347896144524 0.503995800829264 0.7349721860317964 0.5372551956452214 0.8016008305411051 0.5934730928276845
2 0.22246808737656787 0.11902043094474998 0.19479467547022675 0.08440019792629326 0.17134547391219973 0.10314413339443834 0.19901888581854085 0.13776436641289505
2 1.028559292988934 0.724962519591877 0.953901782274182 0.6571255688574825 0.9210997563371437 0.6932256231250805 0.9957572670518957 0.7610625738594751
3 0.9846598280827364 0.4209704400933162 0.8568039668510689 0.3414810996825816 0.8024561037314992 0.42889776221051695 0.9303119649631668 0.5083871026212515
3 1 0.4629629639423078 0.9666666658653846 0.4629629639423078 0.9666666658653846 0.5578703701923078 1 0.5578703701923078
2 0.298694095842418 0.23661986784830627 0.2598236140948484 0.19653467881579262 0.2357130305551832 0.2199146358528329 0.27458351230275285 0.25999982488534656
2 0.27015277887435896 0.2659907400303571 0.2364444445139195 0.22104629606854392 0.20899999948571432 0.24162963068791207 0.24270833384615387 0.2865740746497253
1 0.23957920981030767 0.25339927918541905 0.11312642710509518 0.12985824631493395 0.06900262968917668 0.17502200152340253 0.1954554123943892 0.29856303439388765
2 0.22644970015891053 0.16279574939819358 0.18456136005852697 0.12858065097242052 0.17686165989961644 0.13800712272807306 0.21875 0.1722222211538461
3 0.10262107344805584 0.1709529750153291 0.06152985742874762 0.10520703317747065 0.027364232515744526 0.12656054998003105 0.06845544853505274 0.1923064918178895
2 0.09375 0.13981481490384612 0.08999409877528733 0.09879799775375932 0.0748954120400478 0.10018058128755551 0.07865131326476048 0.14119739843764234
1 0.23687060682903535 0.18614496613902326 0.11050022830100409 0.08225666368146818 0.07914859832241766 0.12039298176678324 0.20551897685044893 0.22428128422433835
2 0.31676544588696254 0.8274894245139429 0.2791337402737166 0.8113615502366212 0.23399784354253367 0.9166786397160546 0.27162954915577964 0.9328065139933762
2 0.8914075952620379 0.5209165394849246 0.8180472522129393 0.4716473719345377 0.7925720243220693 0.5095792378508215 0.8659323673711679 0.5588484054012084
2 0.1094221440739534 0.07693623568939033 0.07840747205932361 0.04640616650961837 0.05760746083854413 0.06753633565907174 0.0886221328531739 0.09806640483884371
2 0.2067131422223545 0.7922756916377884 0.16658265973540345 0.7713146812208547 0.11145229209979121 0.8768634219014456 0.1515827745867423 0.8978244323183795