2 0.17825699706498246 0.2209743180744759 0.1460194965258581 0.18168485775386223 0.12008990927954541 0.2029604129793869 0.15232740981866977 0.24224987330000058
3 0.60202303865241 0.23675860023252115 0.5411611441094794 0.1930141206620424 0.5062135559779898 0.24163685990303901 0.5670754505209205 0.28538133947351774
2 0.328925525907089 0.8254815485623797 0.2912489642115533 0.8082445212182388 0.24648889588077544 0.9060807340576977 0.2841654575763112 0.9233177614018386
2 0.2769444997634706 0.935438989949573 0.2228990327356055 0.9140876768830478 0.1889583341346155 1.0000000000000002 0.24300380116248055 1.0213513130665253
0 0.554363917630468 0.7490302932784658 0.5427235721577515 0.7030437414940818 0.5226797032720543 0.7081173456106351 0.5343200487447709 0.7541038973950193
2 0.2427466607690993 0.2139343135842124 0.2070489290012278 0.17162588912096954 0.18331818095174277 0.19164870701761416 0.21901591271961426 0.233957131480857
2 0.7310609789995007 0.176963340667057 0.7227079905930047 0.14329035332971826 0.681207553003074 0.15358503465930773 0.68956054140957 0.18725802199664648
2 0.3274118596016939 0.05789440630689576 0.295348555268637 0.03295628585286776 0.27610977431716227 0.05769186645852309 0.30817307865021915 0.08262998691255109
3 0.5506950192730945 0.569052263336849 0.4309806700447953 0.4336179008149073 0.37701483557273413 0.48131986237092117 0.4967291848010333 0.6167542248928629
2 0.8271573700253054 0.5629626133843957 0.7669779228280145 0.505354929673885 0.7359889616556716 0.5377273222516071 0.7961684088529627 0.5953350059621179
2 0.9198454328663421 0.6461760546003302 0.8539828410006509 0.5739330222373776 0.8182817082006894 0.6064810626758425 0.8841443000663805 0.6787240950387952
2 1.0270611899480977 0.7226687843982457 0.9456188189657839 0.6623410998688277 0.9154298614722395 0.7030961909176087 0.9968722324545533 0.7634238754470265
3 0.2962171593002407 0.31341368826823024 0.2401585590034319 0.25935717489888827 0.2103130526239042 0.2903080670023863 0.266371652920713 0.3443645803717282
1 0.6957289119295159 0.5981890228053521 0.4945910877216541 0.3796689194032475 0.42792209172865847 0.4410347003423053 0.6290599159365203 0.6595548037444099