2 0.04270833413461549 0.8064814807692307 1.0039490765935802e-16 0.8064814807692307 1.0770877050395396e-16 0.9259259254807692 0.0427083341346155 0.9259259254807692
2 0.30448299713960564 0.4673267869342051 0.2721988870519996 0.4363482850827057 0.2150512386575829 0.4959044566773581 0.24733534874518892 0.5268829585288575
2 0.46218157216331995 0.4180510389532781 0.4546643747341937 0.370128900870226 0.39026318668393745 0.38023104707257327 0.39778038411306377 0.4281531851556254
2 0.6354365396335692 0.4031608219693722 0.5688618141076284 0.370708625943022 0.5445745029366498 0.4205333303685139 0.6111492284625906 0.45298552639486406
2 0.8166793564257401 0.4703778888065111 0.7648630484661739 0.4396719319084567 0.7423926608064235 0.47759071525118457 0.7942089687659897 0.5082966721492389
2 0.8955978993126041 0.5351524578228208 0.8476954744899393 0.4985840931165963 0.8229309093119507 0.5310242290437756 0.8708333341346155 0.5675925937500002
2 0.8553557611385881 0.4039930443461379 0.8080850554791768 0.36914851674847426 0.7843554105338776 0.4013405749839484 0.8316261161932891 0.436185102581612
3 0.77886911249065 0.19049818635799537 0.7396751349528418 0.13758631871702678 0.6529875251926763 0.20179936545354948 0.6921815027304846 0.25471123309451804
2 0.6078125 0.26481481490384623 0.565625 0.26481481490384623 0.565625 0.3037037043269231 0.6078125 0.3037037043269231
2 0.7022785547101908 0.14814238557137088 0.6935302844393042 0.11533636921656393 0.6561102478219658 0.12531504478431482 0.6648585180928526 0.15812106113912178
2 0.6462683826684562 0.15175517522275617 0.6392340695683474 0.12010076284811069 0.5947303924537737 0.1299904678037715 0.6017647055538826 0.16164488017841697
2 0.7226077557364655 0.6948765926332108 0.6519463717016637 0.6656625836515416 0.6299052283830664 0.718974598910343 0.7005666124178683 0.748188607892012
3 0.5625000000000001 0.6009259254807693 0.4812500000000001 0.6009259254807693 0.4812500000000001 0.6759259254807692 0.5625000000000001 0.6759259254807692
2 0.22600666691459567 0.7504427175334623 0.18435387970456865 0.7273909236968906 0.1299083853933977 0.8257696704948985 0.1715611726034247 0.84882146433147
2 0.3880330427313257 0.7047980846385011 0.34993480525803694 0.6813835434685912 0.29961903197046313 0.763253278410295 0.3377172694437519 0.7866678195802052
2 0.1380334889640723 0.9017470747270034 0.09497525814995346 0.8810370008470134 0.04334357227983712 0.9883842300457253 0.08640180309395597 1.0090943039257154
3 1.0586728936687146 0.6554800898344294 0.8927715377074799 0.5341073623674719 0.8225347370824964 0.6301122944905957 0.9884360930437311 0.7514850219575531