2 0.3943474123175002 0.10105981270828367 0.35440332599682056 0.07147159948088314 0.33240745961336443 0.10116601795645591 0.37235154593404407 0.13075423118385646
2 0.06777512128040912 0.12100729112376188 0.04366442033367779 0.08000744944862768 0.01806967724887199 0.09505890260339535 0.04218037819560332 0.13605874427852954
3 0.9418343536639815 0.4898287704577001 0.8526566707060486 0.42390203564444795 0.8119625451492463 0.47894810818898637 0.9011402281071792 0.5448748430022387
2 0.3164558557242249 0.8437212633504855 0.27939948607099463 0.826767973871764 0.2340882537884655 0.9258089166346559 0.2711446234416958 0.9427622061133772
0 0.3782842669356687 0.5309203300181028 0.36587388978802315 0.4904716937423114 0.3518528817790809 0.4947735939644773 0.3642632589267265 0.5352222302402686
3 0.5751213675272914 0.16896798364023108 0.5246075398039568 0.1324356645646021 0.4922938478031091 0.17711632848458378 0.5428076755264436 0.21364864756021276
2 0.8588733202357404 0.1198536663586572 0.8385292414325408 0.10100547424070722 0.8081597411858191 0.13378524974207714 0.8285038199890189 0.15263344186002714
2 0.6299191489627541 0.2754410584178502 0.5875413589071221 0.24315319176459455 0.5642032290599542 0.27378446194343853 0.6065810191155864 0.3060723285966942
2 0.7203609266871134 0.6040697466168676 0.661094673188181 0.5338282491690232 0.6289973129213637 0.5609103923370591 0.6882635664202961 0.6311518897849034
2 0.5181465518256272 0.40687100700825457 0.4673132178159013 0.3616858233941965 0.44202586126082344 0.39013410088636485 0.49285919527054933 0.43531928450042295
3 0.9627507797969559 0.9048925532231594 0.8417980001875924 0.7780816654918856 0.7877867236358616 0.8295978574061448 0.908739503245225 0.9564087451374187
3 0.6550912013909213 0.670564451260674 0.549429184700701 0.5274455283228261 0.4872349663400094 0.5733623533209881 0.5928969830302295 0.7164812762588361
3 0.3261621181791324 0.31720434700593264 0.23254415775117737 0.22642328589949415 0.18736352707777032 0.2730158068828503 0.2809814875057254 0.3637968679892888
2 0.8255948697679307 0.5601848308578654 0.7654154190169735 0.5025771544282974 0.7344264628985642 0.5349495477295867 0.7946059136495214 0.5925572241591547
2 0.9182829328663421 0.6424723502734072 0.852420341000651 0.5702293179104547 0.8167192082006894 0.6027773583489197 0.8825818000663805 0.6750203907118723
2 0.3809996569491186 0.14682831441674382 0.3464894060716425 0.10848360338662277 0.3190377521727147 0.13319009973521845 0.3535480030501907 0.17153481076533947
2 1.0266367726435977 0.7231260073526685 0.9445771522487267 0.6623411010185859 0.9143881956068548 0.7030961909176088 0.9964478160017258 0.7638810972516914
3 0.1471997102056081 0.17611610865511548 0.10130393281525961 0.12878608594583674 0.07622176828417093 0.15310818371574259 0.12211754567451943 0.20043820642502133
1 0.38134859279748823 0.2966414351928205 0.23330401448686147 0.14426808171255973 0.17933033301346193 0.19670842466685887 0.3273749113240887 0.34908177814711955