2 0.9262984529960087 0.6289098671929428 0.8584211741046305 0.5744134175297313 0.8270857536598697 0.6134428054229295 0.8949630325512479 0.6679392550861409
3 0.3375816981285565 0.15495642904410395 0.2487426300003521 0.0872695134856869 0.2072313893978279 0.14175301153770206 0.2960704575260322 0.20943992709611914
2 0.8264224594677725 0.5539496883707444 0.7582257100312724 0.4991967513206752 0.7307251966369245 0.5334496283784748 0.7989219460734246 0.588202565428544
2 0.21569725324195244 0.11809450546398079 0.18802384133561137 0.08347427244552406 0.16457463977758435 0.1022182079136691 0.1922480516839254 0.13683844093212583
2 1.0263253172830409 0.7173860668807897 0.9489856950071675 0.6500427214874059 0.9169423653051763 0.6868424824903209 0.9942819875810496 0.7541858278837046
3 0.762215672504992 0.2584834502316513 0.6538442513874038 0.2036204132793444 0.6106657883012141 0.2889111967697203 0.7190372094188023 0.34377423372202726
3 0.9699836263994074 0.4396906048039903 0.8487593161024803 0.34271115544745495 0.8217719625749326 0.376445346967649 0.9429962728718597 0.4734247963241843
2 0.8179070362673612 0.6799349204634476 0.7435923492424089 0.6152255382647124 0.7128217673699283 0.6505636311923522 0.7871364543948806 0.7152730133910873
2 0.7217054395633891 0.6784804527834756 0.6602481369984741 0.6152261510595589 0.6260761695592802 0.648427322915273 0.6875334721241952 0.7116816246391898
1 0.5078124641522128 0.5064508101621431 0.33437500000000003 0.33981481490384624 0.280693833677199 0.39568704914308217 0.4541312978294118 0.562323044401379
2 0.4948979484590791 0.3919675446873861 0.43648787003157224 0.344041330212538 0.408546373597599 0.3780950316361461 0.46695645202510583 0.4260212461109942
3 0.24937881335746998 0.3347740215005555 0.2108299390958884 0.24796766782746055 0.17479025612727964 0.26397213234414907 0.21333913038886118 0.35077848601724404
2 0.2222988509382602 0.22323435344944192 0.19080459669258204 0.1878033215112504 0.16946479865729913 0.20677203306464376 0.20095905290297728 0.2422030650028353
1 0.39027437205836435 0.31593179868096855 0.2449143126660127 0.1941642104519758 0.19803171565841787 0.25013031099324495 0.34339177505076957 0.37189789922223776
0 0.38757718286475257 0.5514747862782349 0.3824662328359904 0.515130254487704 0.36701654813830437 0.5173028665027686 0.37212749816706653 0.5536473982932995
2 0.3144533563097451 0.8242760580042243 0.27762444685473986 0.8092096858227504 0.23388182151731912 0.9161361023795518 0.27071073097232434 0.9312024745610257
2 0.2580735032696738 0.033415462352480926 0.2229634433287744 0.0077139810640914136 0.20544056713746484 0.03165148203963885 0.24055062707836428 0.057352963328028354
2 0.3693499762700174 0.2890531527135324 0.33540642045433916 0.25333029742912894 0.3291666658653846 0.25925925961538465 0.36311022168106294 0.2949821148997881
2 0.22122614777722038 0.761235921068872 0.18093916705641389 0.7402912692725944 0.12838328226833726 0.841382370610382 0.16867026298914375 0.8623270224066596
2 0.14204864881922014 0.21255606797121096 0.1142806820545547 0.17233251152790913 0.0869119047419684 0.19122629830374208 0.11467987150663385 0.23144985474704394
3 1.0347049311585363 0.5037424563392998 0.8223949951297744 0.371196677653309 0.7676199032709083 0.45893463780423865 0.9799298392996701 0.5914804164902295
2 0.8799335388910071 0.5119448159435963 0.8112649277315003 0.4616775889702982 0.7818005325484102 0.5019280507065788 0.850469143707917 0.5521952776798769
2 0.0332328278556826 0.11919463039809369 0.004439165741832755 0.07506640856083123 -0.016788271394758816 0.08891731002493436 0.012005390719091031 0.13304553186219684
2 0.9872484868806735 0.11868068609431703 0.9410992424563962 0.11731442967567746 0.9402214519807259 0.14696433042808812 0.9863706964050032 0.1483305868467277