2 0.26462233584912037 0.5079544114316062 0.2299632492474911 0.4805675411487762 0.17466142966069642 0.55055401767903 0.2093205162623257 0.5779408879618602
2 0.4276499990752897 0.4239671506851526 0.414497711021706 0.3775604975449801 0.34837463315670014 0.3963006933622316 0.3615269212102839 0.4427073465024041
2 0.594233429646657 0.38132818405328206 0.528553779813843 0.3560293580278681 0.5090911534896423 0.4065573343267008 0.5747708033224563 0.43185616035211477
2 0.8170442038091481 0.4705940946395865 0.7648630484661739 0.4396719319084567 0.7423926608064235 0.47759071525118457 0.7945738161493977 0.5085128779823144
2 0.8883470360799406 0.5360415208218956 0.8802758455423846 0.4982078188149578 0.8302021326271507 0.5088902119306941 0.8382733231647067 0.5467239139376319
2 0.8553557611385881 0.4039930443461379 0.8080850554791768 0.36914851674847426 0.7839347474402459 0.40191125401597433 0.8312054530996575 0.43675578161363793
3 0.80005780270991 0.17621592712565004 0.7582085460664523 0.1244274543742073 0.676602300291533 0.19037187292338237 0.7184515569349907 0.2421603456748251
2 0.6397820012445887 0.2781524422627432 0.6250912777382914 0.24509831993556594 0.5863563130797778 0.26231386268063983 0.6010470365860752 0.29536798500781714
2 0.7022785547101908 0.14814238557137088 0.6935302844393042 0.11533636921656393 0.6561102478219658 0.12531504478431482 0.6648585180928526 0.15812106113912178
2 0.6462683826684562 0.15175517522275617 0.6392340695683474 0.12010076284811069 0.5947303924537737 0.1299904678037715 0.6017647055538826 0.16164488017841697
2 0.7779305194287944 0.7412121013444076 0.7054816340950875 0.6973036827666017 0.6780209961773319 0.7426137320039371 0.7504698815110389 0.7865221505817431
3 0.6191697906239396 0.6164581392948172 0.5326112792230202 0.602745902293069 0.5211073798500296 0.6753642799440004 0.607665891250949 0.6890765169457486
2 0.2254858348858743 0.7513686446952215 0.1838394777353212 0.7283204086509957 0.12939398272197705 0.8266991533936956 0.17104033987253017 0.8497473894379214
2 0.4253330286752978 0.6782257365583864 0.39078440311668516 0.6473086435380708 0.33315112304743555 0.7117115488021194 0.36769974860604815 0.742628641822435
2 0.13907515425719272 0.8989692945273156 0.09601692588911287 0.878259223443901 0.04399573356207528 0.9864162824021013 0.08705396193015513 1.0071263534855157
3 1.058834768331137 0.6548801049647425 0.8691202148768944 0.517218749557633 0.799390816857493 0.6133145752071945 0.9891053703117355 0.7509759306143038
2 0.2793068421840866 0.9151782032047143 0.23709868783019342 0.8967025443282033 0.19273101912395577 0.9980617121712563 0.2349391734778489 1.0165373710477672