2 0.9242804803531276 0.6081197746530271 0.8546373499918748 0.5542025110999664 0.8236606990646068 0.5942140175548465 0.8933038294258596 0.6481312811079072
3 0.3354522463255829 0.14858778173848863 0.24780210851967202 0.07933335519669155 0.20526356016842076 0.13317120804210225 0.2929136979743316 0.20242563458389934
2 0.8121127135452226 0.5201121839929099 0.7418803440392208 0.4732905975691282 0.7157051286911132 0.5125534149283818 0.7859374981971151 0.5593750013521636
2 0.2063222518792502 0.1060574687822357 0.1786488423041073 0.07143723394967752 0.1551996399755757 0.0901811674725542 0.18287304955071865 0.12480140230511237
2 1.0259102018027357 0.6974179036677491 0.9471932272021578 0.6297796121207366 0.9153915685381089 0.6667901619152156 0.9941085431386869 0.7344284534622282
2 0.30820335630974516 0.8159427238696088 0.2698331499162385 0.8002458211168726 0.2264150082006502 0.9063790554939057 0.2647852145941568 0.9220759582466419
2 0.22077673785178129 0.7385743859491132 0.1807407534204358 0.7180708818874197 0.12862682553182403 0.819830678619081 0.16866280996316949 0.8403341826807744
2 0.6452030519169496 0.13165118651198818 0.6423368411700918 0.10048115828196355 0.5988989221768348 0.10447545143180709 0.6017651329236927 0.1356454796618317
3 0.2593831055707762 0.9577714938084512 0.20794352211619713 0.9323692293970809 0.17481992041227748 0.9994445202676995 0.2262595038668566 1.0248467846790694
2 0.7046507345305429 0.12327205899321268 0.6976409305712669 0.09172794117647058 0.6605698521776018 0.09996595859728506 0.6675796561368779 0.13151007641402718
2 0.7598989210299751 0.1642890479475474 0.7389013157888125 0.15534120582806407 0.7207639574921976 0.19790354483051345 0.7417615627333602 0.20685138694999683
2 0.29036716068218066 0.06593876629275847 0.28247993244171166 0.026677881782681087 0.24736438567418723 0.033732341599378254 0.25525161391465623 0.07299322610945563
2 0.3774792527023828 0.09835411062296148 0.3377483138091146 0.08140224522001903 0.3237913296443232 0.1141139304419526 0.36352226853759145 0.13106579584489506
2 0.9229700848742601 0.4292022777366865 0.8741586536612425 0.39666132359467465 0.8524172002588755 0.4292735036982251 0.9012286314718932 0.4618144578402369
2 0.9361535051680328 0.5418022099273695 0.8793751306211527 0.49485368304427924 0.8515207951650925 0.5285400198960594 0.9082991697119724 0.5754885467791495