2 0.9224765355369164 0.6143472033577974 0.8552282594084537 0.5631104215456353 0.8245571298421807 0.6033662791013688 0.8918054059706434 0.6546030609135307
3 0.3302439121909674 0.14951370721925772 0.2425937743850565 0.08025928067746078 0.20005522486447638 0.13409713500280354 0.28770536267038727 0.20335156154460046
2 0.823415949662417 0.5462771375122334 0.7571910912291498 0.48741060131377156 0.727306035138748 0.521031292060458 0.7935308935720152 0.5798978282589198
2 0.20788475187925018 0.11068709858992803 0.1802113423041073 0.0760668637573698 0.15676213997557567 0.09481079728024647 0.18443554955071856 0.12943103211280468
2 1.0256711869883646 0.7045890659532125 0.9461515592520306 0.6362610961676237 0.9143499039964401 0.6732716468287842 0.993869531732774 0.7415996166143729
3 1.005884444694403 0.10518931858459481 0.9299911303527567 0.09905652027966953 0.9241066856583534 0.17187646131045942 0.9999999999999999 0.17800925961538466
2 0.31080752217512975 0.8196464281965318 0.2728834816586532 0.8041320478496308 0.22914085632123254 0.9110584644064321 0.267064896837709 0.9265728447533333
2 0.21966364777722028 0.7510507359727181 0.17937666705641384 0.7301060841764406 0.1266991295340914 0.831431184217423 0.16698611025489785 0.8523758360137005
2 0.6457238844863104 0.13720674506282446 0.6428576761791711 0.1060367139103018 0.5994197580134375 0.11003100320960482 0.6022859663205767 0.1412010343621275
3 0.24843750000000012 0.9416666658653846 0.1811431634615386 0.9416666658653846 0.1811431634615386 1 0.24843750000000012 1
2 1 0.9018518509615384 0.953125 0.9018518509615384 0.953125 0.9965728701923078 1 0.9965728701923078
3 0.37842825721023804 0.0018638240297662782 0.29744300967459053 -0.0019323582986616823 0.2932750128832562 0.0869849335148165 0.3742602604189037 0.09078111584324446
2 0.7187683825791855 0.1276579523755656 0.7117585786199094 0.09611383455882357 0.6744791672794116 0.10439814819004528 0.6814889712386877 0.13594226600678733
2 0.17083333413461538 1.9103214491078348e-17 0.1385416658653846 1.7125920081826266e-17 0.1385416658653846 0.027777778846153862 0.17083333413461538 0.027777778846153862
2 0.5374705104578211 0.1741743359215089 0.49647175218704576 0.14565345595256557 0.4777126086505837 0.17261972038955595 0.518711366921359 0.2011406003584993
2 0.354833892882094 0.10084484724693571 0.32272893881599096 0.07801464890797595 0.3061114660631662 0.1013829609788235 0.33821642012926917 0.12421315931778326
2 0.48983594035580624 0.2286350288224758 0.4527719761327933 0.19451933418262496 0.42852772181705584 0.22085877073985316 0.4655916860400688 0.254974465379704
2 0.9127786012746543 0.43197256950416857 0.8515175646278401 0.38054355224817304 0.8281238822762074 0.40840955685630564 0.8893849189230215 0.45983857411230117
2 0.8711765171666526 0.4460463294983243 0.8109581287977989 0.40054799439894484 0.7836580138451834 0.43668050169047806 0.8438764022140369 0.4821788367898575