2 0.9279030366103209 0.6318684493415408 0.8587735702978436 0.5774714936151262 0.8275112384412927 0.6172007080181576 0.8966407047537701 0.6715976637445723
3 0.3417022463255829 0.15414333702695016 0.25405210851967214 0.08488891048515304 0.21151355899909186 0.13872676481049576 0.29916369680500265 0.20798119135229287
2 0.8278205465471865 0.5566080388294374 0.7608599232791348 0.5005886960713158 0.7334112101261442 0.5333984872994314 0.8003718333941959 0.589417830057553
2 0.19590558601386562 0.09679820916685111 0.16823217761111842 0.06217797580099384 0.14478297528258685 0.0809219093238705 0.17245638368533406 0.11554214268972776
2 1.0248857066785027 0.7198344181654244 0.9507767810382591 0.6524959395542798 0.9179747563168916 0.6885959949915722 0.9920836819571353 0.7559344736027167
3 0.9815348280827363 0.4172667381702385 0.8536789657731958 0.33777739708938004 0.7993311037314993 0.4251940578835948 0.9271869660410398 0.5046833989644534
3 1 0.4583333341346155 0.9640625 0.4583333341346155 0.9640625 0.5555555552884617 1 0.5555555552884617
2 0.29817326356190843 0.23291616008194227 0.2593027774861622 0.19283097499547666 0.23519219632500474 0.2162109346309719 0.27406268240075093 0.2562961197174375
2 0.2682152779891941 0.26178703694766486 0.23488194336007331 0.21734259260700556 0.20743749948571433 0.237925926360989 0.24077083411483508 0.28237037070164833
1 0.23957920953568274 0.25062150622876045 0.11239711455792536 0.12636793752933728 0.06827331571566655 0.17153168802660307 0.19545541069342395 0.29578525672602624
2 0.1120294526730997 0.06893678274913452 0.08651221268664809 0.04022988517661552 0.06275143605283316 0.061350573613876164 0.08826867603928477 0.09005747118639516
3 0.10418357660017612 0.16910111610861053 0.0630923539771954 0.10335518267005349 0.028926730039367965 0.12470870502279838 0.07001795266234868 0.19045463846135544
2 0.09083166079127648 0.1305369558088769 0.08685021074159655 0.08629864183078674 0.06589494871008486 0.08818461626231094 0.06987639875976481 0.1324229302404011
1 0.23141809639936908 0.17903457505215253 0.1052150790540134 0.07528385918227702 0.06956543280196627 0.11864831104731939 0.19576845014732194 0.22239902691719488
2 0.9428019734217019 0.9829064772287233 0.8701372370494789 0.9173515605048915 0.8340458870859788 0.9573572314977121 0.906710623458202 1.0229121482215437
2 0.6710903327992581 0.7154280485570312 0.6100530023710788 0.6430875122682108 0.5741526418776041 0.673378442890875 0.6351899723057834 0.7457189791796954
2 0.3717914706073327 0.10565982890674173 0.3524567578739009 0.07085735401790624 0.32348663446263054 0.0869518707382866 0.34282134719606233 0.1217543456271221