3 0.48870682450640907 0.6799272374418865 0.45004240465031276 0.6353688494723276 0.3747335327517241 0.7007162279269803 0.41339795260782036 0.7452746158965392
2 0.6487930329598453 0.6508317175992604 0.588572634321241 0.635434446973879 0.5752671588432003 0.6874736074756724 0.6354875574818046 0.702870878101054
2 0.2392173490407165 0.7618099486924509 0.20209329037981497 0.7423678224991132 0.15679660585360194 0.8288602542822026 0.1939206645145035 0.8483023804755404
1 0.25219687057800994 0.26563591956772536 0.12657220152889873 0.14071227889288135 0.08154711059216162 0.18599003510682383 0.20717177964127284 0.31091367578166784
3 0.5493457567532638 0.36002657929488957 0.48170713904505225 0.34362934179166893 0.4683506805183058 0.3987247438097674 0.5359892982265173 0.41512198131298805
2 0.7168566174244079 0.1886151953484661 0.7092095579938782 0.1542034318816709 0.668952205506854 0.16314951124436058 0.6765992649373835 0.1975612747111558
2 0.9999999999999999 0.7814814807692307 0.999385568801716 0.7192192167066869 0.9695913210564775 0.7195132393481648 0.9702057522547614 0.7817755034107088
2 0.25328767589744194 0.5309389361309844 0.2212336869657561 0.5097031686717853 0.16776491530562587 0.5904107493268095 0.19981890423731175 0.6116465167860086
2 0.3889429879405277 0.42277169272005166 0.3694431194736723 0.38849458144133003 0.31022785492749905 0.4221814887332298 0.3297277233943544 0.4564586000119514
2 0.28209666925127225 0.795236913810399 0.24447060652258507 0.7767934236937464 0.18562149496593455 0.8968498961375813 0.22324755769462173 0.9152933862542338
3 0.691315165939116 0.43525695794428587 0.6243636806237726 0.39316614674753797 0.5941163250205139 0.4412789135705259 0.6610678103358574 0.4833697247672738
2 0.17163433772580625 0.16784163990055928 0.1333836260947364 0.1338409950797624 0.12372845423431474 0.14470305950612622 0.1619791658653846 0.1787037043269231