3 0.9555996315323099 0.4867299935136663 0.8905196454575979 0.3324663218909873 0.802312391303794 0.36967875701349107 0.8673923773785059 0.52394242863617
1 0.22600596153378302 0.1689962209241864 0.09967695335278609 0.0657199531398537 0.06154771900241472 0.1123601780581475 0.1878767271834116 0.2156364458424802
1 0.2413653075988164 0.24761079968419042 0.11451986266941715 0.12203380861132662 0.06891915766279062 0.16809512658241593 0.19576460259218986 0.29367211765527973
2 1.0289840890349962 0.7231699515109997 0.9493451551711399 0.6557507473862021 0.9162515438267514 0.6948425752916955 0.9958904776906077 0.7622617794164932
2 0.5295856404074268 0.5286046180355187 0.513770908251623 0.44613371921800415 0.48695171679432636 0.45127660398843533 0.5027664489501302 0.53374750280595
2 0.8288671685896496 0.5519924207523306 0.7588108288421054 0.5003519744237732 0.7312628660336323 0.5377240263534611 0.8013192057811765 0.5893644726820184
0 0.1812766853734661 0.3196341950537064 0.17636411517145437 0.2847003871948664 0.1634680961643295 0.28651389114940157 0.1683806663663413 0.32144769900824155
2 0.4514203381249828 0.2297973417222113 0.44204533420625985 0.17979734245697218 0.4183975346110031 0.1842313067996244 0.427772538529726 0.23423130606486353
3 0.33880180990439973 0.15045143514005657 0.25821586194653895 0.08056659691247202 0.2132685848486119 0.1323964218777303 0.29385453280647267 0.2022812601053149
2 0.27297992392926385 0.24752161276213883 0.2292363732015707 0.211230670961254 0.20563686460490696 0.23967651034207768 0.2493804153326001 0.2759674521429625
2 0.6617881788713732 0.6836548262240663 0.5989048197165455 0.6370745583919043 0.5694539777209291 0.6768331935568083 0.6323373368757568 0.7234134613889703
2 0.3005430692655138 0.22625339298055122 0.25845418087123717 0.19062258662027182 0.2372760095075489 0.21563930058144726 0.27936489790182556 0.2512701069417267
3 0.10222397377212698 0.16599076743379088 0.06301619587863498 0.09628805312448935 0.028199183128960827 0.11587262334289673 0.06740696102245283 0.18557533765219825
2 0.9303948699718447 0.6337967327456485 0.8614402716512899 0.5765899558619659 0.8288316944374198 0.6158949379999925 0.8977862927579745 0.673101714883675
2 0.09610272997347478 0.10161238852785148 0.06782686803713528 0.0698020438494695 0.0479885062831565 0.08743614318633952 0.07626436821949602 0.11924648786472149
3 1 0.45370370432692325 0.9614583341346153 0.45370370432692325 0.9614583341346153 0.5578431370192309 1 0.5578431370192309
2 0.1408374514770195 0.04842283100294366 0.11604986140332127 0.016374231744096825 0.0955597586757026 0.03222204658548884 0.12034734874940084 0.06427064584433567
2 0.030208334134615385 1.849726985276523e-18 0 0 1.4741119151205409e-18 0.02407407451923077 0.030208334134615385 0.02407407451923077