2 0.14407318493830157 0.18684109164712456 0.11436659841023208 0.14811250510462243 0.08884950243843814 0.16768527775407774 0.11855608896650763 0.2064138642965799
3 0.6757304117728081 0.2846630923497654 0.6069520611806015 0.24150804561894693 0.5743390330102071 0.29348505538487646 0.6431173836024136 0.33664010211569495
2 0.32892552681650256 0.8245556210938211 0.29124896512096676 0.8073185937496802 0.24648889588077544 0.9051548085769283 0.2841654575763112 0.9223918359210692
2 0.28224870025435583 0.9469504110347773 0.2346617828978951 0.9157823775454141 0.1823718933655138 0.9956178491225699 0.2299588107219745 1.026785882611933
0 0.5109914629085266 0.6954824664158726 0.5003186455407547 0.6504194741191953 0.4812667344268761 0.6549317702953292 0.49193955179464816 0.6999947625920065
3 0.3388651191442596 0.05131541175928968 0.3373960049075514 -0.0009199238345995175 0.29206727720237735 0.0003549426603968378 0.29353639143908555 0.05259027825428604
2 0.16817129567307693 0.14548611057692312 0.13359375 0.11090856490384618 0.11168981490384616 0.13281250000000003 0.1462673605769231 0.16739004567307697
2 0.747335097042346 0.17217268934285904 0.7389418529286811 0.13833742117238743 0.6974993123550421 0.1486177404526282 0.7058925564687072 0.18245300862309982
2 0.39206865498357973 0.10880976485791839 0.3646166086215248 0.07627400777081321 0.33966890147042555 0.09732363669155462 0.3671209478324805 0.1298593937786598
2 1.0314461618761297 0.8969132109880454 0.9466327160016118 0.8140527079787656 0.9092346187475846 0.8523322426432991 0.9940480646221026 0.9351927456525788
3 0.49459438676589124 0.5040871724911391 0.3864271346204893 0.37588895388959315 0.3330329539699756 0.4209402959793935 0.4412002061153776 0.5491385145809394
2 0.8271573688648439 0.5611107610625081 0.7669779226651497 0.5035030787634885 0.7359889616574714 0.5358754714257384 0.7961684078571655 0.5934831537247579
2 0.9203662664247048 0.6443242003702884 0.8545036737199067 0.5720811717757909 0.8188025434722407 0.6046292119998697 0.8846651361770388 0.6768722405943671
2 1.0270611899480977 0.7226687843982457 0.9456188189657839 0.6623410998688277 0.9154298614722395 0.7030961909176087 0.9968722324545533 0.7634238754470265
3 0.2531625034456016 0.2740588309454202 0.2012394633548271 0.21976021992661485 0.17215636983871807 0.24757092451494553 0.22407940992949257 0.30186953553375084
1 0.6075590014333367 0.5153209619956628 0.4222410759607142 0.31257997110449465 0.3599216072676868 0.3695438569175386 0.5452395327403093 0.5722848478087068