2 0.19544449824376436 0.23949283633803978 0.1629974371599573 0.19994797406108986 0.1370678487348627 0.22122353025381997 0.16951490981866973 0.2607683925307699
3 0.5661919237108051 0.20865909993315573 0.502667868486752 0.17355872355727603 0.47428830579272224 0.22491956620193956 0.5378123610167752 0.26001994257781924
2 0.32840469177247356 0.827333399523918 0.2907281329741409 0.8100963735052477 0.24596806373394947 0.9079325883324961 0.2836446225322821 0.9251696143511665
2 0.2767686976451044 0.9368098501819795 0.2227672060384399 0.9154759378286322 0.18937500000000002 1.0000000000000002 0.2433764916066645 1.0213339123533474
0 0.5723870815422856 0.7697429070524261 0.5622138495240592 0.7322795735709271 0.5434970504158254 0.7373621522491066 0.5536702824340518 0.7748254857306056
2 0.2834056522698558 0.2511667140516921 0.2450575914693485 0.21029575720318802 0.22085866438960028 0.23300092484584844 0.2592067251901076 0.2738718816943526
2 0.7268943128582392 0.17974111602411644 0.7185413208253917 0.14606812863809002 0.6770408847731226 0.1563628140406736 0.6853938768059702 0.1900358014267
2 0.29567406961882237 0.03741064681761562 0.26317472293600286 0.013620275851021102 0.24497689116479388 0.03847981437770452 0.2774762378476134 0.06227018534429903
3 0.5837628352584981 0.609501406584487 0.4645932256395017 0.462029040978503 0.4062678982649888 0.5091606270594604 0.5254375078839852 0.6566329926654445
2 0.8271573697679308 0.5648144606655575 0.7669779178161955 0.5072067830865274 0.7359889616977863 0.5395791763878169 0.7961684136495214 0.597186853966847
2 0.9193246004433799 0.6480279048029118 0.8534620066474792 0.5757848750116114 0.8177608765157536 0.6083329151299895 0.8836234703116544 0.68057594492129
2 1.0272807792881848 0.7239116897620677 0.9466604848311679 0.6641929508303667 0.9164715261878656 0.7049480434313218 0.9970918206448824 0.7646667823630227
3 0.31920503979913567 0.3376265008179218 0.26250280207780236 0.28119686353026296 0.23141161150459355 0.3124382495050566 0.28811384922592687 0.3688678867927155
1 0.7437801305066402 0.6427693147482374 0.5242556669516575 0.42410237192200706 0.4583769714416874 0.49023941625348993 0.67790143499667 0.7089063590797202