2 0.9259409108762159 0.6292590058817715 0.8583612038838315 0.5741119977776363 0.8274821387079668 0.6119526395191273 0.8950618457003512 0.6670996476232626
3 0.33654003226317175 0.15495642904410406 0.2477009641349675 0.08726951348568696 0.20625348901249468 0.14166931935318197 0.29509255714069893 0.20935623491159905
2 0.8259704352281628 0.5535867729100962 0.7577736869651848 0.49883383680220944 0.7302731735708369 0.533086713860009 0.7984699218338149 0.5878396499678957
2 0.21517641910733704 0.1180945054639808 0.18750300720099594 0.08347427244552405 0.16405380710966974 0.1022182067412733 0.19172721901601084 0.13683843975973004
2 1.0263253172830409 0.7173860668807897 0.9489856950071675 0.6500427214874059 0.9169423653051763 0.6868424824903209 0.9942819875810496 0.7541858278837046
3 0.7502338003162871 0.26136794617061404 0.646480770743561 0.19050092013282038 0.597018966784429 0.2629155859628128 0.7007719963571551 0.3337826120006064
3 0.9640699596541318 0.41127841692217715 0.832507662640994 0.3424876645146906 0.8119993136635821 0.3817098768759222 0.94356161067672 0.4505006292834088
2 0.8786980787372008 0.740952218441516 0.8026493092131093 0.6660917070851025 0.7698942189176375 0.6993667177347288 0.8459429884417291 0.7742272290911424
2 0.7658618125787375 0.7220659701481179 0.7015373802955588 0.656720511203275 0.667480756057039 0.6902449986733751 0.7318051883402177 0.7555904576182181
1 0.5283847775447346 0.5286547830510254 0.3505208341346153 0.3546296298076923 0.2953780848854611 0.41098876323834027 0.4732420282955804 0.5850139164816733
2 0.5209764219387389 0.41570350098929326 0.4625 0.36666666586538477 0.4335043197975068 0.40124401217326333 0.4919807417362457 0.4502808472971718
3 0.2535958895065053 0.35558232938852974 0.22151156538798722 0.26263021423628785 0.18652299813215287 0.2747072340054467 0.21860732225067103 0.3676593491576886
2 0.23339938570206634 0.2319223024590036 0.20057930341893293 0.19691422175926782 0.17960448320354444 0.21657811968178878 0.21242456548667785 0.25158620038152457
1 0.4011774503661781 0.3265014737539947 0.25520389507083613 0.2028612794640386 0.2074752949303688 0.25921118648080355 0.35344885022571076 0.38285138077075964
0 0.4014088917766181 0.5730287631380844 0.39980169951610445 0.5330274074399146 0.3824190468899793 0.5337258153883528 0.38402623915049294 0.5737271710865225
2 0.31393252217512974 0.8242760580042243 0.27710361272012446 0.8092096858227504 0.23336098738270372 0.9161361023795518 0.270189896837709 0.9312024745610258
2 0.2251943139876549 0.030762176757225427 0.22390600666374724 -0.0013023082287013472 0.1872092958793181 0.00017211561710971207 0.18849760320322576 0.032236600603036486
2 0.39102523746314255 0.3153294599949356 0.3565226414878654 0.26830370093072975 0.3473958341346155 0.275 0.3818984301098926 0.3220257590642059
2 0.2207053132775947 0.761235919818803 0.1804183319191034 0.7402912692757169 0.12786245009450412 0.8413823725620231 0.16814943145299546 0.8623270231051092
2 0.1509028154604582 0.22181532871046555 0.1231348486957927 0.18159177226716375 0.09576607138320646 0.2004855590429967 0.12353403814787195 0.24070911548629853
3 1.0111636252104528 0.4871542727800749 0.8037400098803698 0.3579732550120307 0.7487989402591345 0.44619113320990245 0.9562225555892175 0.5753721509779466
2 0.8291088646010175 0.4800375472080044 0.7690501578279011 0.4228387703671229 0.7354261617202992 0.4581439610425212 0.7954848684934158 0.5153427378834026
2 0.04417032785568261 0.12937981549424754 0.014739647507753263 0.08427532041196704 -0.008829715888509723 0.09965432862066576 0.02060096445941962 0.14475882370294627
2 0.9676567359798772 0.11728493345153801 0.9196393552915821 0.10975279926639528 0.9149239105590159 0.1398137752491219 0.962941291247311 0.14734590943426462