2 0.9282509567941416 0.6328525534288512 0.8582834890570695 0.5815183962563062 0.8288072359707581 0.6216939616190367 0.8987747037078301 0.6730281187915819
3 0.34222307805635216 0.15784704135387323 0.2545729402504413 0.08859261481207609 0.21203439282310416 0.14243046648815788 0.299684530629015 0.21168489302995505
2 0.828598593002744 0.5583893236215496 0.7619699574643418 0.5021714096832374 0.733497339142127 0.5359167334797867 0.8001259746805292 0.5921346474180988
2 0.21986391774463482 0.11624265387838956 0.19219050816949193 0.08162241904583135 0.16874130730766124 0.10036635139631225 0.19641471688280415 0.13498658622887047
2 1.0275176255380862 0.7240365950421139 0.9528601160423248 0.6561996417924048 0.9200580903670375 0.6922996938439534 0.9947155998627988 0.7601366470936627
3 0.9830973280827364 0.420044514612547 0.8552414668510687 0.34055517420181236 0.8008936037314991 0.4279718367297478 0.9287494649631667 0.5074611771404824
3 1 0.4611111105769232 0.9661458341346154 0.4611111105769232 0.9661458341346154 0.5564814807692309 1 0.5564814807692309
2 0.298694095842418 0.2347680168867678 0.25982361409484833 0.19468282785425411 0.23571303055518317 0.2180627848912944 0.2745835123027528 0.25814797392380806
2 0.2692569438545788 0.2636388879092033 0.23592361037930407 0.2191944451070054 0.20847916688956036 0.2397777785725274 0.24181250036483512 0.2842222213747253
1 0.23957920981030767 0.2524733537046498 0.11312642710509516 0.12893232083416473 0.06900262968917664 0.1740960760426333 0.19545541239438918 0.2976371089131184
2 0.17771146669725887 0.12177651485357874 0.14482514983833975 0.0940827779146424 0.13906250000000003 0.10092592548076927 0.17194881685891916 0.1286196624197056
3 0.10366273318966572 0.17002705667208243 0.06257153054522417 0.10428110588972919 0.028405902343334306 0.12563461489237523 0.06949710498777587 0.19138056567472847
2 0.09369966521364827 0.13685259044280526 0.08988650184006629 0.09482308132130747 0.07212277261795522 0.0964347109373511 0.0759359359915372 0.1384642200588489
1 0.2358289409636508 0.1852190406582541 0.10931513220963537 0.08121282510372038 0.07726510712478266 0.12019867534860706 0.2037789158787981 0.22420489090314077
2 0.9276041658653846 0.936111110576923 0.8552083341346154 0.936111110576923 0.8552083341346154 1 0.9276041658653846 1
2 0.23333333413461538 2.645200641140558e-17 0.1984375 2.43152528325789e-17 0.1984375 0.025925925480769257 0.23333333413461538 0.025925925480769257
2 0.2940457695175417 0.8718297821760138 0.25624266096344017 0.8558815958505946 0.21010405971937804 0.965247169827098 0.24790716827347953 0.9811953561525171
2 1 0.5972222211538463 0.9520833341346153 0.5972222211538463 0.9520833341346153 0.6641339879807693 1 0.6641339879807693