2 0.9268120170217075 0.6297630648699621 0.8586360516544354 0.5769816749469816 0.8271895103440426 0.6176001261553759 0.8953654757113149 0.6703815160783564
3 0.3381025334219844 0.15588235540777798 0.2492634641349675 0.08819543896645611 0.20775222353244324 0.1426789370184713 0.2965912928194601 0.21036585345979322
2 0.8267137186858267 0.557656962840067 0.759630565447202 0.4999510252146411 0.7305847083032778 0.5337168345214902 0.7976678615419026 0.5914227721469162
2 0.2162180873765678 0.11994635642551922 0.18854467547022674 0.08532612340706251 0.16509547391219973 0.10407005887520755 0.1927688858185408 0.13869029189366427
2 1.0263253172830409 0.719237917842328 0.9489856961976704 0.6518945734855728 0.9169423664956791 0.6886943344884877 0.9942819875810497 0.756037678845243
3 0.8070335671456706 0.2949032820273155 0.6982303999769941 0.23370150637972037 0.6513384010803486 0.3170650679894821 0.7601415682490251 0.37826684363707724
3 1.0068122616016248 0.43669762299075604 0.8685670873931662 0.3732733117215209 0.838420805529905 0.4389827834449512 0.9766659797383637 0.5024070947141863
2 0.6596323998714867 0.5480867700245248 0.6031417516495327 0.48549770048562774 0.5714167689539159 0.5141315314485867 0.62790741717587 0.5767206009874838
2 0.598678159667278 0.5603991082400088 0.5434806035190276 0.5113346105558387 0.5145150866244667 0.5439208148504863 0.569712642772717 0.5929853125346564
1 0.4484893031013711 0.44606710753729695 0.28372984487141495 0.29384839588042994 0.23236712232625623 0.34944270651178083 0.39712658055621236 0.5016614181686478
2 0.42629591284664997 0.33673547839821427 0.3704933624553194 0.2891172977374349 0.3436282700007455 0.3205998250969667 0.39943082039207606 0.36821800575774605
3 0.22853731941862052 0.2744883931189964 0.1688405555493423 0.214503227974878 0.13625236738915367 0.24693473614614686 0.19594913125843186 0.3069199012902653
2 0.19044967368641427 0.19286863349578234 0.15866200222493568 0.16068361737892062 0.13816445245652884 0.18092811175598159 0.16995212391800743 0.2131131278728433
1 0.3575673929067502 0.29119895965011977 0.21499540488441277 0.17135584068290793 0.16865984939127526 0.22647917458565245 0.3112318374136127 0.34632229355286426
0 0.3456366586602599 0.5091783884938953 0.34370812792288585 0.47660761995432893 0.32944890750077754 0.47745191519537067 0.3313774382381516 0.5100226837349371
2 0.3149741883851366 0.827053833604122 0.27814528183176507 0.81198746260968 0.23440265565193455 0.9189138812257054 0.27123156220530603 0.9339802522201475
2 0.3397373301192576 0.09230274466171512 0.30365716980435936 0.06379496812650673 0.2842896192018228 0.08830702818785155 0.32036977951672096 0.11681480472305994
2 0.3108518172548926 0.23723629965228815 0.28267375384271726 0.21576731399739085 0.27859277072244015 0.2211236080951027 0.3067708341346154 0.24259259375
2 0.22174698159012565 0.7621618505871998 0.18145999832465212 0.7412171966441126 0.12890411297972254 0.8423082950765195 0.16919109624519607 0.8632529490196066
2 0.11352434229231786 0.18690251879579456 0.08523271908269382 0.14867739216340706 0.05914509382868082 0.16798566735156722 0.08743671703830486 0.20621079398395475
3 1.049635245785911 0.529844357785595 0.880221929458069 0.41454918208889235 0.8273700829430148 0.4922090367884459 0.9967833992708569 0.6075042124851486
2 1 0.5981481490384617 0.9546874999999999 0.5981481490384617 0.9546874999999999 0.6683127572115384 1 0.6683127572115384