2 0.8909818226042792 0.44588484954456137 0.8206594902236455 0.39973580655842306 0.7945886677333113 0.43946276352159275 0.864911000113945 0.485611806507731
0 0.18964884456150494 0.3145361065276581 0.18285454087104863 0.27484875517208185 0.1719864687836678 0.27670932232431794 0.1787807724741241 0.31639667367989416
2 0.4572304542428481 0.6828800531750782 0.4256244713948927 0.6376260318835647 0.35792125458292545 0.6849108178151021 0.3895272374308808 0.7301648391066156
2 0.3516034400610008 0.5311311470356272 0.31394270271976354 0.5084063161475055 0.2592290377591471 0.5990805647349965 0.2968897751003844 0.6218053956231182
2 0.4252271040176454 0.14458225149973833 0.3982328584031348 0.10619043736041701 0.3725289980073922 0.12426346507006916 0.3995232436219028 0.16265527920939046
2 0.2971379643573732 0.203177204981819 0.25620745017594576 0.16159697482540586 0.23207022408512756 0.18535704231647473 0.273000738266555 0.2269372724728879
2 0.243847897709601 0.16187195392592202 0.20558767889566051 0.12300440642659811 0.18931985798489998 0.13901803290206638 0.22758007679884046 0.1778855804013903
3 0.2509816743023356 0.21736128370069885 0.20220444551937083 0.13684014182527038 0.17257306234522896 0.15478992150520643 0.22135029112819365 0.2353110633806349
3 0.2337928726570112 0.2633316085069373 0.18916256430605627 0.15143795363683854 0.13865608320716907 0.17158315157305665 0.18328639155812398 0.2834768064431554
3 0.17455320237157118 0.16759223997254338 0.0843245515778991 0.08121951324002546 0.04191486453563017 0.1255224892738383 0.13214351532930227 0.21189521600635622
2 0.81882403589069 0.5388885388651649 0.7597030734044444 0.4822941056128449 0.7287141122321018 0.5146664981905671 0.7878350747183475 0.571260931442887
2 0.9115120992465768 0.6193242015670914 0.845649505450676 0.5470811717757909 0.8099483765157536 0.5796292108030664 0.8758109703116544 0.6518722405943669
2 0.8841494931378121 0.5058228234691176 0.8179772190932949 0.4499899645597831 0.7848474046913392 0.4892549278891764 0.8510196787358564 0.5450877867985109
2 1.0226575370465842 0.6918525230940307 0.9318467910466689 0.6444964011495085 0.9058758155038407 0.6942986984354372 0.9966865615037561 0.7416548203799594
3 0.07890725219601837 0.10727411580701161 0.03195540281951589 0.06105588693434478 0.007096378171988058 0.08630949810393572 0.05404822754849054 0.13252772697660256
1 0.14478673141099857 0.07913615892532583 0.02334852167272244 -0.026772221895820236 -0.020137880961485825 0.0230907902936901 0.10130032877679031 0.12899917111483616
3 0.3036458341346154 3.394355240636968e-17 0.24479166586538462 3.033977396700002e-17 0.24479166586538462 0.05000000000000004 0.3036458341346154 0.05000000000000004
2 0.45603453384593023 0.36338083454913467 0.42500485425477535 0.3473811563945531 0.39383973502711844 0.4078226011980796 0.4248694146182733 0.42382227935266126