2 0.14198985231710134 0.18406331164011253 0.11228326667946285 0.14533472625846855 0.08676616919425378 0.1649075000687821 0.11647275483189229 0.20363608545042608
3 0.6814595791563891 0.2892927210267869 0.611516954859803 0.245407151947096 0.5789039279630785 0.29738416250539507 0.6488465522596647 0.34126973158508594
2 0.32892552681650256 0.8245556210938211 0.29124896512096676 0.8073185937496802 0.24648889588077544 0.9051548085769283 0.2841654575763112 0.9223918359210692
2 0.28224870025435583 0.9469504110347773 0.2346617828978951 0.9157823775454141 0.1823718933655138 0.9956178491225699 0.2299588107219745 1.026785882611933
0 0.5078664637382218 0.6936306150201078 0.49719364499899743 0.6485676230902483 0.4781417338495545 0.653079919891364 0.4888145525887789 0.6981429118212237
3 0.34355261914425955 0.05409319060544353 0.3420076648287899 -0.0008386895229612516 0.2966789371911704 0.00043617697013513746 0.2982238915066401 0.05536805709853991
2 0.16107116408372577 0.14122419086715418 0.1296173422090585 0.10527695846082513 0.1068379232682545 0.12520894592716258 0.13829174514292178 0.16115617833349163
2 0.7437499999999999 0.14074074038461548 0.7036458341346153 0.14074074038461548 0.7036458341346153 0.17962962980769237 0.7437499999999999 0.17962962980769237
2 0.39779782295374244 0.11251347093666968 0.3703457778902324 0.07997770834959472 0.34555018644995755 0.10089898510691955 0.37300223151346756 0.13343474769399452
2 1.0180850907365424 0.8876843223807274 0.9306614856039205 0.7988730452459332 0.8937612989640016 0.8351966682159317 0.9811849040966234 0.924007945350726
3 0.4904277184966605 0.4994575426834465 0.3822604673509177 0.3712593252666835 0.3288662867004043 0.41631066735648425 0.43703353784614707 0.5445088847732472
2 0.8271573688648439 0.5611107610625081 0.7669779226651497 0.5035030787634885 0.7359889616574714 0.5358754714257384 0.7961684078571655 0.5934831537247579
2 0.9203662664247048 0.6443242003702884 0.8545036737199067 0.5720811717757909 0.8188025434722407 0.6046292119998697 0.8846651361770388 0.6768722405943671
2 1.0270611899480977 0.7226687843982457 0.9456188189657839 0.6623410998688277 0.9154298614722395 0.7030961909176087 0.9968722324545533 0.7634238754470265
3 0.2505583377614721 0.27128104687390564 0.1986352935540253 0.21698244564683802 0.16955220046160838 0.24479315705010135 0.22147524466905522 0.29909175827716894
1 0.601643095640022 0.5075503512307104 0.4162325089942597 0.3118391816377771 0.35489278958740084 0.3699504963040137 0.5403033762331632 0.565661665896947