3 1 0.47500000000000014 0.9781249999999999 0.47500000000000014 0.9781249999999999 0.5555555552884617 1 0.5555555552884617
2 0.23305126201371673 0.7430626103101213 0.19551847070330786 0.7234064288821292 0.1496170393136239 0.8110536075322318 0.1871498306240328 0.830709788960224
1 0.2435005959938095 0.24457585118376476 0.11880974282593239 0.1202392323073468 0.07344095246874299 0.16573727807980942 0.1981318056366201 0.29007389695622743
2 0.7147511804739205 0.1686126477789369 0.7055764466986921 0.13420739314445265 0.6638557509890861 0.14533291103756235 0.6730304847643146 0.1797381656720466
2 0.8322067740752066 0.5536366173452315 0.7642461518941699 0.4999393614379437 0.7359204871383175 0.5357890481299955 0.8038811093193542 0.5894863040372832
0 0.12101953405004326 0.25165512237994914 0.11743100257474291 0.21975703905788815 0.10436717510602903 0.22122671846106876 0.10795570658132937 0.25312480178312974
2 0.28855771929455853 0.7474475187212677 0.2509316565658714 0.7290040286046151 0.1913506598812767 0.8505535999988137 0.22897672260996382 0.8689970901154663
2 0.2735007582651308 0.24474383607725114 0.22969525036837962 0.20840149277879613 0.20609574157046423 0.23684733240219982 0.24990124946721542 0.27318967570065483
0 0.6397809758673413 0.1083664551680088 0.6381094033051071 0.08459301901646446 0.6195812126588798 0.08589578462908568 0.6212527852211139 0.10966922078063002
2 0.268450610569158 0.19982813067930202 0.23038928523613636 0.16116265918403835 0.20790530039707558 0.1832953328240597 0.2459666257300972 0.22196080431932336
0 0.5083408942009128 0.6813469937015483 0.47646259166011434 0.6795538447699941 0.47462308064904557 0.7122563646254719 0.506501383189844 0.7140495135570261