2 0.9282336496985037 0.6386372756221446 0.8587147070605674 0.5859598986772203 0.8278808630302895 0.6266516786929393 0.897399805668226 0.6793290556378635
3 0.34070669939719117 0.1614379065928221 0.2518676255261869 0.09375099642147353 0.21035638709221025 0.14823449948546707 0.2991954609632145 0.21592140965681564
2 0.8282085614482086 0.5619391766738445 0.7585744722300023 0.5073242051086865 0.7306313898441091 0.5429516353925157 0.8002654790623154 0.5975666069576737
2 0.22090558737656782 0.12365006075244231 0.19323217547022672 0.0890298277339856 0.16978297391219974 0.10777376320213064 0.19745638581854083 0.14239399622058735
2 1.0264759588819414 0.7305180746616713 0.9518184480418961 0.6626811241858123 0.9190164232880529 0.698781177349419 0.9936739341280982 0.766618127825278
3 0.9695556622173517 0.41726673817023924 0.8416997981740901 0.337777396011507 0.7873519361323933 0.4251940568057212 0.9152078001756548 0.5046833989644534
3 1 0.4657407403846155 0.9624999999999999 0.4657407403846155 0.9624999999999999 0.5643518509615386 1 0.5643518509615386
2 0.3075482635619084 0.25050875383194227 0.26867777748616223 0.2104235687454767 0.2445671963250048 0.2338035283809719 0.28343768240075096 0.27388871346743743
2 0.2874013813369235 0.2845871651646382 0.248383456433238 0.244682471961189 0.223765174187155 0.26875368290968904 0.2627830990908405 0.30865837611313823
1 0.2556270104719904 0.27424961170164724 0.12146451921041465 0.153764621602167 0.07857125648080175 0.20152714356768928 0.21273374774237752 0.3220121336671695
2 0.2419419944253588 0.20049177842392588 0.21253445938584917 0.14366561777150458 0.19265103274215856 0.1539552899755854 0.22205856778166816 0.21078145062800674
3 0.10389837722753816 0.1759147352042878 0.059142963293986266 0.11226258130360559 0.025945771703299446 0.13560435310587435 0.07070118563685134 0.19925650700655656
2 0.09538997296519286 0.14998943550751684 0.08943085227041768 0.10628920561931593 0.0734248232677618 0.10847184536548923 0.07938394396253698 0.15217207525369014
1 0.2358955546339575 0.19225303438143368 0.10997939512354392 0.08873814531569886 0.07164381643891501 0.1353697833741855 0.19755997594932861 0.23888467243992031
0 0.21205273455377596 0.3263287047482248 0.19762451652317495 0.3242997369290844 0.19317580024861597 0.3559350579825323 0.207604018279217 0.3579640258016727
2 0.31607647762604035 0.8330060936932318 0.2783992680960331 0.8171951219200662 0.23418957297643145 0.9225458853124839 0.27186678250643875 0.9383568570856495
2 0.7800344452383592 0.44554161832259787 0.7181050805375021 0.39660977431427885 0.6928321758159128 0.42859579416031646 0.75476154051677 0.47752763816863547
2 0.1723814643272652 0.1337835263801687 0.15229885259764134 0.11593231080444498 0.14999999999999997 0.11851851923076931 0.17008261172962386 0.13636973480649303
2 0.22425149268410222 0.768896607475958 0.1835752656009519 0.7476986099778486 0.13156647798440593 0.8474967751393757 0.17224270506755626 0.8686947726374851
2 0.041813936422413794 0.12116539091511934 0.011928878464854102 0.08754470071286471 -0.009823994114721483 0.10688058745026525 0.02006106384283821 0.14050127765251988