2 0.927460780063305 0.6332053058421975 0.8578079246925301 0.5786373456559056 0.827462392425962 0.6173716681941966 0.897115247796737 0.6719396283804885
3 0.3417022463255829 0.15506926250771938 0.25405210851967214 0.08581483596592229 0.21151355899909186 0.13965269029126498 0.2991636968050026 0.2089071168330621
2 0.827631772286548 0.5550053122514798 0.7594055813444627 0.5014945746208822 0.7322162882606403 0.5361609235380475 0.8004424792027258 0.589671661168645
2 0.19850975324195244 0.09957598623321152 0.17083634133561135 0.06495575321475484 0.14738713977758436 0.08369968868289988 0.17506055168392548 0.11831992170135656
2 1.0248857066785029 0.7216862715308091 0.9507767798418308 0.6543477918325393 0.9179747563168916 0.6904478459531105 0.9920836831535637 0.7577863256513803
3 0.9815348261139815 0.4181926557660719 0.8536789634245214 0.33870332531041036 0.7993311034716286 0.42611999468944095 0.9271869661610886 0.5056093251451024
3 1 0.4583333341346155 0.9640625 0.4583333341346155 0.9640625 0.5555555552884617 1 0.5555555552884617
2 0.29817326356190843 0.23291616008194227 0.2593027774861622 0.19283097499547666 0.23519219632500474 0.2162109346309719 0.27406268240075093 0.2562961197174375
2 0.26873610968626366 0.2627129638685439 0.23540277943901106 0.21826851804436817 0.20795833413901108 0.2388518494747253 0.24129166438626368 0.283296295298901
1 0.23957920953568274 0.25062150622876045 0.11239711455792536 0.12636793752933728 0.06827331571566655 0.17153168802660307 0.19545541069342395 0.29578525672602624
2 0.1151762504615324 0.07754327043428905 0.1014028426961063 0.045778351188932254 0.07208421372004874 0.05849103680577058 0.08585762148547484 0.09025595605112736
3 0.10418357660017612 0.16910111610861053 0.0630923539771954 0.10335518267005349 0.028926730039367965 0.12470870502279838 0.07001795266234868 0.19045463846135544
2 0.08958333413461537 0.13055555528846152 0.08716220149132886 0.08751321487847558 0.06706952488296825 0.08864342840227865 0.06949065752625476 0.1316857688122646
1 0.23245976583224753 0.18181235175059515 0.10625674614312 0.07806163672183536 0.07060709904711839 0.12142609077036881 0.19681011873624593 0.2251768057991286
2 0.9471117427884616 0.9583333341346154 0.8865502451923077 0.9583333341346154 0.8865502451923077 1 0.9471117427884616 1
2 0.6897758611677863 0.7363392883495687 0.6269594388053519 0.6618901987585593 0.5907548357069906 0.6924378340914378 0.653571258069425 0.7668869236824474
2 0.3641240012499439 0.08974192533832867 0.3320266458920394 0.0626597804530707 0.3122017033457046 0.08615600752650798 0.34429905870360905 0.11323815241176595