2 0.9297043410579786 0.6325282274053158 0.8601319925177049 0.5834183332069802 0.8309621168094695 0.624742322858715 0.9005344653497432 0.6738522170570505
3 0.34222307805635216 0.15784704135387323 0.2545729402504413 0.08859261481207609 0.21203439282310416 0.14243046648815788 0.299684530629015 0.21168489302995505
2 0.8296634341237611 0.5602136980117269 0.7630347896144524 0.503995800829264 0.7349721860317964 0.5372551956452214 0.8016008305411051 0.5934730928276845
2 0.22246808737656787 0.11902043094474998 0.19479467547022675 0.08440019792629326 0.17134547391219973 0.10314413339443834 0.19901888581854085 0.13776436641289505
2 1.0290801259825324 0.724962517004528 0.9544226144708022 0.6571255679146512 0.9216205891448579 0.6932256227702316 0.996278100656588 0.7610625718601084
3 0.9846598280827364 0.4209704400933162 0.8568039668510689 0.3414810996825816 0.8024561037314992 0.42889776221051695 0.9303119649631668 0.5083871026212515
3 1 0.4629629639423078 0.9666666658653846 0.4629629639423078 0.9666666658653846 0.5578703701923078 1 0.5578703701923078
2 0.298694095842418 0.23661986784830627 0.2598236140948484 0.19653467881579262 0.2357130305551832 0.2199146358528329 0.27458351230275285 0.25999982488534656
2 0.27015277887435896 0.2659907400303571 0.2364444445139195 0.22104629606854392 0.20899999948571432 0.24162963068791207 0.24270833384615387 0.2865740746497253
1 0.23957920981030767 0.25339927918541905 0.11312642710509518 0.12985824631493395 0.06900262968917668 0.17502200152340253 0.1954554123943892 0.29856303439388765
2 0.22682550218113692 0.17937668546175356 0.195060413979062 0.12708847241844637 0.18020833413461543 0.1361111105769231 0.21197342233669034 0.18839932362023032
3 0.10210023427004576 0.17095298388146055 0.061009030545224205 0.10520703137049839 0.026843402343334325 0.12656054037314435 0.06793460606815589 0.19230649288410653
2 0.09375000000000001 0.14074074038461537 0.08999409877528734 0.09972392323452854 0.07489541204004782 0.10110650676832472 0.0786513132647605 0.14212332391841156
1 0.23687060682903535 0.18614496613902326 0.11050022830100409 0.08225666368146818 0.07914859832241766 0.12039298176678324 0.20551897685044893 0.22428128422433835
2 0.31676544588696254 0.8274894245139429 0.2791337402737166 0.8113615502366212 0.23399784354253367 0.9166786397160546 0.27162954915577964 0.9328065139933762
2 0.8867200941494429 0.5181387622953922 0.8133597522129393 0.46886959549223006 0.7878845254346646 0.5068014597518924 0.861244867371168 0.5560706265550546
2 0.1111889373320125 0.07848020471965612 0.08774066005862001 0.052100893330619305 0.06502155155512143 0.07229565686094112 0.08846982882851392 0.09867496824997793
2 0.21053899143829083 0.7830723935983599 0.16940386581917588 0.7637902906714741 0.11981486285642064 0.8695800934712176 0.1609499884755356 0.8888621963981034