3 0.7946958395114004 0.7774890263550434 0.7032780016053247 0.6947512697225018 0.6610891371900262 0.7413662001428205 0.7525069750961019 0.824103956775362
2 0.23565542787910126 0.7486181655985831 0.19812263845514372 0.7289619851585384 0.15222120758285473 0.8166091628206931 0.18975399700681228 0.8362653432607379
1 0.24729717991132 0.2529780930677493 0.12343842182263225 0.12757110532629848 0.07826214980411746 0.17218964730759592 0.2021209078928052 0.29759663504904676
3 0.2682343233904293 0.5210006410230097 0.22764799844170927 0.4877936482314729 0.15240820893596407 0.5797533919253298 0.19299453388468413 0.6129603847168665
2 0.7163136810723884 0.17509413079242245 0.707138946698692 0.14068887391368343 0.6654182509890862 0.15181439180679307 0.6745929853627826 0.18621964868553206
2 0.8479345331373689 0.5746910135436559 0.7781295037654716 0.5157445439383017 0.7490781440469474 0.55014746971184 0.8188831734188446 0.6090939393171942
0 0.03453726340827392 0.17301164269661554 0.02347899800556234 0.14024641061356521 0.01253777179543304 0.14393907431745834 0.023596037198144622 0.17670430640050863
2 0.027083334134615496 0.9240740745192307 1.1351434672246314e-16 0.9240740745192307 1.1816346880307937e-16 1 0.0270833341346155 1
2 0.2793724501406266 0.7794678626346244 0.24174638741193938 0.7610243725179718 0.18197566083131914 0.8829610067145043 0.21960172356000637 0.9014044968311569
3 0.39632083362503445 0.4252774324354039 0.3690707534299157 0.3752942675713131 0.2949794302874303 0.4156877581172807 0.32222951048254905 0.46567092298137147
2 0.24819085566677462 0.24064766251226233 0.21664448116943819 0.1918493590230747 0.19639224664074595 0.2049417111986288 0.2279386211380824 0.25374001468781643
0 0.8210736235259717 0.08948000097547198 0.8024990374782145 0.07957356137011688 0.7908112301783318 0.10148821396477059 0.809385816226089 0.11139465357012569
2 0.1567711575444742 0.11314140296439433 0.1252426567307454 0.0764928878586094 0.10321686715723723 0.09544154437271073 0.13474536797096603 0.13209005947849567
0 0.3527832003586251 0.8061574149633183 0.33899284488152037 0.8013092435179706 0.3231927165385411 0.846251834531877 0.336983072015646 0.8511000059772247