2 0.9257861897279549 0.6371104335131333 0.8577602750938086 0.5826897018058164 0.8261884598968104 0.6221544708020641 0.8942143745309568 0.676575202509381
3 0.3391441993971911 0.16143790659282214 0.2503051255261869 0.09375099642147355 0.2087938870922102 0.14823449948546707 0.2976329609632144 0.2159214096568157
2 0.826465719042787 0.5632436796823925 0.758271745354754 0.5084929711898769 0.7307712331339282 0.5427458467860127 0.7989652068219613 0.5974965552785283
2 0.21778058718626137 0.12272413611432129 0.1901071776111184 0.08810390128176306 0.16665797411019106 0.10684783574178493 0.194331383685334 0.14146807057434316
2 1.0262317332852549 0.7270173542639564 0.9484648645357769 0.6593019804192685 0.916421532491708 0.6961017417715796 0.9941884012411859 0.7638171156162675
3 0.8623320202394277 0.3369040743906288 0.7464590576812093 0.26829507736073094 0.69612262659349 0.3533077090451723 0.8119955891517083 0.4219167060750702
3 1.0272532814843163 0.46336243178703346 0.9093749999999999 0.40648148076923096 0.8731805285166033 0.4814897572018904 0.9910588100009198 0.5383707082196929
2 0.512559511410792 0.41509037940320803 0.4590096333542206 0.3754238015393696 0.4349101347122275 0.4079581234547405 0.4884600127687989 0.4476247013185789
2 0.46937839388714225 0.4458111945862729 0.42169994306580977 0.4011126512392105 0.3956997864006475 0.4288461543487331 0.44337823722197994 0.47354469769579544
1 0.3738834974136485 0.38078227568462647 0.2253423546490675 0.24273590470315248 0.17622014909815215 0.29559255349277425 0.3247612918627332 0.43363892447424823
2 0.35597238016347366 0.280681830335643 0.30395026037741735 0.23645046465402592 0.2786995557966707 0.2661487377717348 0.3307216755827271 0.31038010345335193
3 0.17871706507413831 0.23128929050071287 0.1232221927549966 0.1749135499027508 0.0914139684124773 0.2062247722452655 0.146908840731619 0.2626005128432276
2 0.1497943232108605 0.1622850803532456 0.11899581557729808 0.12956167210046204 0.09861047458048756 0.1487478789727134 0.12940898221405 0.1814712872254969
1 0.3127970565718438 0.25857851370648416 0.17768067837512225 0.14465181389593648 0.13316065936068028 0.19745228767849798 0.2682770375574018 0.3113789874890457
0 0.29739583413461546 0.42777777884615387 0.2822916658653847 0.42777777884615387 0.2822916658653847 0.4611111105769231 0.29739583413461546 0.4611111105769231
2 0.31500006257610735 0.8323481480572134 0.2781890623892658 0.8173759821030042 0.23497583153253018 0.9236212811470038 0.2717868317193718 0.9385934471012128
2 0.4643619800809998 0.1941294658219359 0.4215211167373478 0.1587687522120147 0.40082203072553324 0.18384649031857395 0.4436628940691852 0.21920720392849516
2 0.25348804992930923 0.1958214952936151 0.2304003064167236 0.1784563570807317 0.2279368164100354 0.18173167943768462 0.25102455992262107 0.19909681765056803
2 0.22278864796698405 0.7677174048918427 0.18250166659388273 0.7467727519325742 0.13058203289679995 0.8466400221003041 0.17086901426990128 0.8675846750595727
2 0.08026908018374887 0.16037836893910884 0.05242021776037599 0.12275146646846077 0.026775356697026267 0.14173204049197638 0.05462421912039915 0.17935894296262445
3 1 0.47500000000000014 0.925 0.47500000000000014 0.925 0.6185185192307692 1 0.6185185192307692