0 0.7702851810146083 0.06598361818104782 0.7520781128273172 0.06393531993753464 0.7486067428328933 0.09479189582532523 0.7668138110201844 0.0968401940688384
2 0.8896367770801006 0.4512412994606543 0.819314437227505 0.405092281998976 0.791635971807843 0.4472690077213835 0.8619583116604386 0.4934180251830617
0 0.1917321786276745 0.3173138849740015 0.1849378750056641 0.2776265340182358 0.1740698029182832 0.2794871011704719 0.18086410654029358 0.3191744521262376
2 0.3272413804968671 0.021436778801518362 0.2902945389882239 -0.01140485430563429 0.2691451142875928 0.012388251227933616 0.306091955796236 0.04522988433508627
2 0.9879241435175987 0.5370353400284817 0.9275295083678781 0.48568531939352827 0.8976498419610912 0.5208278865964107 0.9580444771108119 0.5721779072313642
2 0.30160650206165623 0.20992000289851148 0.2596059818984867 0.16843800608016662 0.23543089119078514 0.19291528448028067 0.27743141135395466 0.23439728129862553
2 0.24801456924611076 0.16742749921136055 0.20975433852417916 0.12855996524197932 0.1926268351100286 0.14541985228375306 0.2308870658319602 0.18428738625313426
3 0.25498068105656724 0.22869871359023256 0.21330047764520665 0.1430227409132527 0.17909560138837505 0.15966295117874083 0.22077580479973563 0.24533892385572068
3 0.23789848570950126 0.2708532969397469 0.19313163692986027 0.15715971328408784 0.14235774157694003 0.1771519346754166 0.187124590356581 0.29084551833107564
3 0.17896290013068705 0.17204451590640896 0.08481683369681156 0.08993808928680527 0.043303545752496245 0.1375386599802687 0.13744961218637172 0.21964508659987242
2 0.8214282036025633 0.5472218633411465 0.7612487483539512 0.48961419283234603 0.7302597947232552 0.5219865892814419 0.7904392499718674 0.5795942597902425
2 0.9146370986260259 0.6304353140997746 0.8487745068660355 0.5581922818527626 0.8130733753788177 0.5907403210944241 0.8789359671388082 0.6629833533414362
2 0.8861346592626977 0.5173384795898351 0.8226021910722282 0.457892883404865 0.7888075199124007 0.4940109309686973 0.8523399881028701 0.5534565271536674
2 1.0233329422846678 0.7010318952496287 0.9344509569120538 0.6546815862456625 0.9084799818831709 0.7044838825460426 0.997361967255785 0.7508341915500087
3 0.08359475335454113 0.1109778132046311 0.036642897694057756 0.06475959314487381 0.011783876583922402 0.09001320891620591 0.058735732244405765 0.13623142897596321
1 0.19001225506704705 0.11086386820762062 0.05175943464972026 0.0006340088973929314 0.012840726471560253 0.04944674626546342 0.15109354688888704 0.1596766055756911