2 0.23357209516038455 0.7449144631581112 0.19603930483792323 0.7252582822475139 0.15013787443618687 0.8129054590111651 0.1876706647586482 0.8325616399217624
1 0.24460013512696002 0.24966976083107678 0.11990928195908292 0.12533314195465883 0.075003452468743 0.1703669078875017 0.1996943056366201 0.2947035267639197
2 0.7152720152070037 0.1704645009847301 0.7060972806737159 0.13605924350752327 0.6643765849641101 0.1471847614006329 0.6735513194973978 0.1815900188778397
2 0.832727609713839 0.5573403372400566 0.764766999806694 0.5036430561790591 0.7364413281999451 0.5394927282739539 0.80440193810709 0.5931900093349513
0 0.09654036971540571 0.23035882581024045 0.09295182998561083 0.1984607427258533 0.07988800187585422 0.1999304255927218 0.08347654160564909 0.23182850867710897
2 0.2772891158805801 0.7766900814399935 0.23966305127360032 0.7582465917981144 0.17989232713147446 0.8801832302459155 0.21751839173845422 0.8986267198877947
3 0.17632523572181485 0.6413684446380853 0.12830077910296434 0.6107259730794914 0.052082445393504706 0.7301792637121276 0.10010690201235525 0.7608217352707217
2 0.2659982928564252 0.2561243849567935 0.23334257855830934 0.2063632917178016 0.20634219931668138 0.22408228889137022 0.23899791361479725 0.27384338213036213
0 0.6856143069787124 0.10836645933218964 0.683942742008206 0.08459302142831385 0.6654145499225905 0.08589578112938664 0.6670861148930969 0.10966921903326243
2 0.2420645755062602 0.17899381879226997 0.20535553007076962 0.14273797005412 0.18318645725497748 0.16518415541679482 0.21989550269046804 0.20144000415494479
0 0.46005603271664125 0.7099161325102812 0.45056360661811856 0.6858884485864069 0.42185398449484024 0.6972305307939618 0.43134641059336293 0.7212582147178362