2 0.34852310145872695 0.4007614075705409 0.3247153397072888 0.3660417565424987 0.2625040494474865 0.40870092888149157 0.2863118111989246 0.4434205799095337
2 0.5844501728249308 0.3778111892410256 0.5320446754283952 0.354519853145573 0.5134020615866887 0.396465727231213 0.5658075589832243 0.4197570633266655
2 0.7240533898065846 0.4770869972092682 0.665052278210593 0.4218812676933824 0.6345641350692272 0.4544654641456848 0.6935652466652188 0.5096711936615707
2 0.817780172079751 0.4732120037846998 0.7676688214892601 0.42866858317910794 0.7398527299241213 0.4599616876943657 0.7899640805146121 0.5045051082999575
2 0.851230490940795 0.3944320552566087 0.8047164909927476 0.36489936085245134 0.783198565287948 0.3987900983997251 0.8297125652359955 0.4283227928038825
2 0.9138661515141886 0.6149082987301588 0.8346237272378845 0.5565456223355545 0.800276992385822 0.6031801960698132 0.8795194166621262 0.6615428724644177
2 0.6457374913042929 0.15016210928675958 0.6394143233112506 0.11933666292669062 0.5945559508144254 0.12853837964730647 0.6008791188074677 0.15936382600737536
2 0.7021659809249202 0.14172084394271314 0.6925755123638229 0.11025211884693392 0.6565539095702622 0.12123013108163724 0.6661443781313594 0.15269885617741646
3 0.5733375466462166 0.3253275277030751 0.570816456937182 0.24017072190823582 0.47002760332519034 0.24315460251830442 0.47254869303422503 0.32831140831314376
2 0.3868497337101776 0.25144595755384996 0.35330710415298144 0.21910127549790748 0.3317966507747766 0.24140840988323078 0.36533928033197266 0.27375309193917324
2 0.43148745076172096 0.6678443824690066 0.3975312208695049 0.6351726793809523 0.3400502940725327 0.6949135370728576 0.37400652396474876 0.7275852401609119
2 0.22719653011086652 0.7391170789553995 0.18445396935908345 0.7185090563283142 0.13655373945563867 0.8178576703958031 0.17929630020742177 0.8384656930228883
3 0.32432316701329317 0.7930092284339104 0.2735606899855816 0.7728381297914211 0.2166528432320397 0.916052107112326 0.2674153202597513 0.9362232057548152
2 0.9641343396630432 0.5843231209675719 0.9065912397534543 0.5331736897459355 0.8783153734232896 0.5649840337205637 0.9358584733328784 0.6161334649422001