3 1.0005680080724122 0.5480052754748701 0.9993009577307946 0.42749489743297003 0.9348561730790522 0.42817247215919046 0.9361232234206699 0.5486828502010904
2 0.23357209614833205 0.7365811295408908 0.19603930483792323 0.7169249481128985 0.15013787344823934 0.8045721267630008 0.18767066475864816 0.824228308190993
1 0.24277499425170143 0.2433329587042073 0.11808414228916675 0.11899634102970755 0.07239928660335838 0.16481135259904017 0.19709013856589305 0.28914797027353994
2 0.7137095152070037 0.16676079665780702 0.7045347806737159 0.1323555391806002 0.6628140849641101 0.14348105707370987 0.6719888194973979 0.1778863145509167
2 0.832727609713839 0.5517847819515951 0.764766999806694 0.4980875008905977 0.7364413281999451 0.5339371729854924 0.80440193810709 0.5876344540464897
0 0.13456119991542786 0.261840307476103 0.1309726684701709 0.2299422244210946 0.11790884100145703 0.23141190382427526 0.12149737244671396 0.26330998687928364
2 0.31276553670190516 0.707768067501614 0.27377205235905405 0.6872050973662642 0.21658198929787756 0.7956544027858635 0.25557547364072863 0.8162173729212133
2 0.27402158833550827 0.24566976894285106 0.23027804155464468 0.20937881695681962 0.20667852748318227 0.23782465238676403 0.25042207426404584 0.2741156043727955
0 0.6095828695738603 0.09991934504696663 0.6012915105140682 0.07675617324999556 0.5856364334699381 0.08235997682315585 0.5939277925297303 0.10552314862012692
2 0.2788672764157649 0.20816146479484174 0.2408059510827433 0.16949599329957807 0.21818970913388072 0.19175885753831967 0.25625103446690234 0.23042432903358334
0 0.5429841330675412 0.7253541511696044 0.5254875117266782 0.6911385416660557 0.5024418218956298 0.7029232713366176 0.5199384432364929 0.7371388808401664
2 1.000508853398153 0.7532493690351347 0.998900855687807 0.6922645197055708 0.9697381872882828 0.6930334566551498 0.9713461849986289 0.7540183059847139