0 0.47618200281888473 0.04316356535347188 0.4729482596178076 0.008670359266783337 0.45461976734768 0.010388658143250868 0.4578535105487571 0.04488186422993941
2 0.797610182736732 0.3963100825022392 0.7349071137084177 0.3560009700205025 0.7099766843837941 0.39478164105501473 0.7726797534121086 0.4350907535367515
2 0.008854165865384624 0.05462962980769231 6.6902001282595226e-18 0.05462962980769231 8.334401794821015e-18 0.08148148076923077 0.008854165865384626 0.08148148076923077
3 0.9994791658653847 0.5907407403846154 0.9927083341346153 0.5907407403846154 0.9927083341346153 0.6314814807692308 0.9994791658653847 0.6314814807692308
0 0.2349949201394545 0.36423554591599255 0.22829352907120892 0.3329623991960701 0.21366276922871036 0.33609756318222905 0.2203641602969559 0.3673707099021515
3 0.8833171162510689 0.3939903284753384 0.810852058180161 0.34357985234721894 0.7746170956739586 0.39566760996997324 0.8470821537448665 0.4460780860980927
2 0.9735764131147296 0.5441358254951367 0.9122332047521252 0.4945655472717589 0.8842925382255971 0.5291421159325848 0.9456357465882015 0.5787123941559625
2 0.3346164899038824 0.24719006656363784 0.28960386120536685 0.2100367846731649 0.26789823135341223 0.23633398932048788 0.3129108600519277 0.27348727121096084
2 0.26298543730952084 0.19392245277507364 0.22624740361008286 0.15517530180345523 0.20306859567932817 0.17715224218538436 0.23980662937876618 0.2158993931570028
3 0.3601470862146186 0.30656966931150786 0.2903155265063967 0.24016652925501958 0.25437916039786423 0.277958303762516 0.3242107201060861 0.34436144381900424
3 0.3106843809295649 0.3179983615728281 0.23476559670173294 0.22191360408988312 0.18928052308572602 0.25785241040943513 0.26519930731355806 0.3539371678923801
3 0.1927905041446175 0.2005885530547934 0.1024896270469389 0.11245175077780446 0.06038146544657424 0.15559381887251303 0.1506823425442529 0.24373062114950197
2 0.8214282024017857 0.5648144559416846 0.7612487471531734 0.5072067854328839 0.7302597947232552 0.5395791806275958 0.7904392499718675 0.5971868511363965
2 0.9141162670009574 0.6471019800810995 0.8482536751352664 0.574858947718147 0.8125525423353049 0.6074069881566119 0.8784151342009958 0.6796500205195642
2 0.8035375951699848 0.46243322651451785 0.7388377763261685 0.40794915447859476 0.7077914890124981 0.44481661114819077 0.7724913078563144 0.49930068318411386
2 1.0249391059806146 0.7286585976441621 0.9404104859809259 0.6660448026435778 0.9102215273376236 0.7067998952445328 0.9947501473373122 0.769413690245117
3 0.09003597016692103 0.1299571758169794 0.04370744106956318 0.08289327550457333 0.019239576565370002 0.10697883078384787 0.06556810566272785 0.15404273109625394
1 0.21911699664977521 0.15614234913411565 0.08668555680720323 0.03611733825565508 0.04487636618509872 0.08224815109386072 0.17730780602767068 0.20227316197232126