0 0.7874726810146077 0.06598361818104748 0.7692656128273165 0.06393531993753482 0.7657942428328935 0.09479189582532567 0.7840013110201848 0.09684019406883831
2 0.8901576146644478 0.45031538866172904 0.8198352822838141 0.4041663456755901 0.7931829513096745 0.4447794105672075 0.8635052836903083 0.49092845355334647
0 0.1917321786276745 0.3173138849740015 0.1849378750056641 0.2776265340182358 0.1740698029182832 0.2794871011704719 0.18086410654029358 0.3191744521262376
2 0.34450543831163366 0.038213223474891964 0.3111800611428227 0.0026661298853095394 0.28863443003619316 0.023802644414798325 0.32195980720500406 0.059349738004380745
2 0.9870853011099326 0.5342567640900979 0.9246556255431302 0.4850933856670045 0.8971053041458538 0.5200779144313092 0.9595349797126562 0.5692412928544026
2 0.30108566794206365 0.20806815195181036 0.25908514776387137 0.16658615511862815 0.2349100594449931 0.19106343110005866 0.2769105796231854 0.23254542793324087
2 0.2480145692461107 0.1655756458459759 0.20975433972595323 0.12670811309744445 0.19262683511002862 0.14356800132221462 0.23088706463018613 0.18243553407074606
3 0.25498068105656724 0.22869871359023256 0.21330047764520665 0.1430227409132527 0.17909560138837505 0.15966295117874083 0.22077580479973563 0.24533892385572068
3 0.23789848489003595 0.26992736937779604 0.19313163692986027 0.15623378780331856 0.14235774157694003 0.17622600919464734 0.18712458953711572 0.2899195907691248
3 0.1789629013214456 0.1692667380987364 0.08481683369681153 0.08716031044065144 0.043303545752496245 0.13476088113411486 0.1374496133771303 0.21686730879219981
2 0.8214282036025633 0.5462959378603777 0.7612487483539514 0.4886882673515766 0.7302597947232552 0.5210606638006725 0.7904392499718671 0.5786683343094735
2 0.9146370992465768 0.628583461182476 0.8487745054506759 0.5563404313911756 0.8130733765157536 0.588888470418451 0.8789359703116545 0.6611315002097514
2 0.8861346592626977 0.5173384795898351 0.8226021910722282 0.457892883404865 0.7888075199124007 0.4940109309686973 0.8523399881028701 0.5534565271536674
2 1.0233329422846678 0.7010318952496287 0.9344509569120538 0.6546815862456625 0.9084799818831709 0.7044838825460426 0.997361967255785 0.7508341915500087
3 0.08359475335454114 0.11005188772386189 0.03664289769405777 0.0638336676641046 0.01178387658392242 0.08908728343543668 0.05873573224440579 0.13530550349519396
1 0.19001225506704705 0.11086386820762062 0.05175943464972026 0.0006340088973929314 0.012840726471560253 0.04944674626546342 0.15109354688888704 0.1596766055756911