2 0.17409033350550004 0.21634468132948148 0.14206238846328295 0.17731063067147285 0.11613280395016574 0.19858619120782867 0.14816074899238282 0.2376202418658373
3 0.6128733156934371 0.244316222011721 0.5521096604741584 0.19807329527047257 0.5162332711125495 0.24521521961015477 0.5769969263318282 0.2914581463514032
2 0.328925525907089 0.8254815485623797 0.2912489642115533 0.8082445212182388 0.24648889588077544 0.9060807340576977 0.2841654575763112 0.9233177614018386
2 0.28224870025435583 0.9469504110347773 0.2346617828978951 0.9157823775454141 0.1823718933655138 0.9956178491225699 0.2299588107219745 1.026785882611933
0 0.5491555834958527 0.7444006634707735 0.5375152380231362 0.6984141116863894 0.5174713691374389 0.7034877158029429 0.5291117146101555 0.7494742675873269
2 0.23337165958431713 0.20652690593002607 0.1976739290012279 0.16421848287096952 0.1731825807694409 0.1848830571467484 0.20888031135253016 0.22719148020580499
2 0.7326234789995009 0.17603741518628785 0.7241044369603309 0.14169502408609994 0.6826039993704002 0.15198970541568949 0.69112304140957 0.1863320965158774
2 0.3347035256248575 0.061598115058033504 0.30264022642858124 0.03665998935025073 0.2834014435751167 0.0613955632274131 0.31546474277139297 0.08633368893519587
3 0.5427428639391395 0.558718909355968 0.42327634286344407 0.42597837250257636 0.36952404315880377 0.47435545758717257 0.48899056423449927 0.6070959944405642
2 0.8271573700253054 0.5629626133843957 0.7669779228280145 0.505354929673885 0.7359889616556716 0.5377273222516071 0.7961684088529627 0.5953350059621179
2 0.9198454316695389 0.6452501278068176 0.8539828410006509 0.5730070967566085 0.8182817082006895 0.6055551371950734 0.8841442988695773 0.6777981682452824
2 1.0270611899480977 0.7226687843982457 0.9456188189657839 0.6623410998688277 0.9154298614722395 0.7030961909176087 0.9968722324545533 0.7634238754470265
3 0.29047598260221524 0.3108463496328285 0.23613529623378607 0.25401948074272085 0.20675293798374442 0.28211635719597 0.2610936243521736 0.33894322608607763
1 0.6833410835521871 0.5851077713150753 0.48135532273846565 0.37518068555323186 0.417286157591883 0.43682618032046616 0.6192719184056045 0.6467532660823097