3 1.000077895609358 0.42976547233130663 0.9377811045981341 0.4294348874394517 0.9371476877933796 0.5487985827595365 0.9994444788046033 0.5491291676513914
2 0.2335720961483321 0.7375070550216598 0.1960393048379233 0.7178508735936677 0.15013787344823937 0.8054980522437702 0.1876706647586482 0.8251542336717623
1 0.24277499425170143 0.2433329587042073 0.11808414228916675 0.11899634102970755 0.07239928660335838 0.16481135259904017 0.19709013856589305 0.28914797027353994
2 0.7137095152070037 0.16676079665780702 0.7045347806737159 0.1323555391806002 0.6628140849641101 0.14348105707370987 0.6719888194973979 0.1778863145509167
2 0.832727609713839 0.5517847819515951 0.764766999806694 0.4980875008905977 0.7364413281999451 0.5339371729854924 0.80440193810709 0.5876344540464897
0 0.13351953405004324 0.261840307476103 0.1299310025747429 0.229942224154042 0.11686717510602901 0.23141190355722266 0.12045570658132936 0.26330998687928364
2 0.3112030367019052 0.7105458439439215 0.27220955235905425 0.6899828738085717 0.2150194892978776 0.7984321792281711 0.25401297364072856 0.8189951493635209
2 0.27402158833550827 0.24566976894285106 0.23027804155464468 0.20937881695681962 0.20667852748318227 0.23782465238676403 0.25042207426404584 0.2741156043727955
0 0.6116662045639688 0.10084526869736057 0.6033748409281408 0.07768209938896391 0.5877197656475983 0.08328590602565708 0.5960111292834264 0.10644907533405375
2 0.2788672764157649 0.20816146479484174 0.2408059510827433 0.16949599329957807 0.21818970913388072 0.19175885753831967 0.25625103446690234 0.23042432903358334
0 0.5409007989329256 0.723502300208066 0.5234041766176302 0.6892866887989603 0.5003584896665711 0.7010714169968 0.5178551119818665 0.7352870284059058
2 1 0.7537037043269231 0.9994701434013948 0.6934178903818332 0.9721854685128364 0.6936576974622132 0.9727153251114415 0.7539435114073031