0 0.5027445025954873 0.06075615672056925 0.4995107593944101 0.026262950633880733 0.48118226734767994 0.027981249489404725 0.48441601054875716 0.06247445557609324
2 0.8304302048083249 0.4223400557842041 0.7650947663913708 0.38033869732368797 0.7391076261968009 0.42076313262882664 0.804443064613755 0.4627644910893427
2 0.008333334134615393 0.05533768990384616 6.7769124812954e-18 0.05533768990384616 8.354412405764582e-18 0.08110021875 0.008333334134615395 0.08110021875
3 0.9994791658653847 0.5907407403846154 0.9927083341346153 0.5907407403846154 0.9927083341346153 0.6314814807692308 0.9994791658653847 0.6314814807692308
0 0.22509908526232097 0.3577540661551761 0.21806402548720433 0.32492378044014986 0.20343326731131503 0.3280589422604306 0.2104683270864317 0.3608892279754568
3 0.9094332952187505 0.4151719213119393 0.8343941336731511 0.3612430623111053 0.7966291710477122 0.4137910149976254 0.8716683325933116 0.46771987399845927
2 0.9855555789801144 0.5543210105912905 0.9242123720717468 0.5047507335430538 0.8962717055452186 0.5393273022038797 0.9576149124535861 0.5888975792521164
2 0.3163254340940261 0.23919220212194367 0.27724496791937264 0.1952266935284093 0.2566774370821153 0.21350894975368548 0.29575790325676876 0.2574744583472198
2 0.25575701124186795 0.19097274685779125 0.22152733495211813 0.14967979677773352 0.19702587802103885 0.1699902114551079 0.23125555431078865 0.21128316153516563
3 0.325866341955645 0.2775017366965254 0.2604926986107662 0.21293517288492061 0.22680188046968347 0.24704712494076866 0.29217552381456235 0.31161368875237344
3 0.2720167598492308 0.3175939517541139 0.2279947693307533 0.20215850069419997 0.17659003134254683 0.22176200089750506 0.22061202186102433 0.33719745195741907
3 0.1860456592879589 0.19269243531757402 0.09390031611750752 0.10763519043495345 0.05214490265712503 0.15287021900707207 0.14429024582757644 0.2379274638896926
2 0.8214282024017857 0.5648144559416846 0.7612487471531734 0.5072067854328839 0.7302597947232552 0.5395791806275958 0.7904392499718675 0.5971868511363965
2 0.9141162670009575 0.6461760546003303 0.8482536751352664 0.5739330222373777 0.8125525423353047 0.6064810626758426 0.8784151342009958 0.6787240950387953
2 0.8358292624600475 0.4939147005149934 0.7711294389624272 0.4394306377950734 0.7400831578140964 0.47629809609898766 0.8047829813117168 0.5307821588189078
2 1.0247268961786065 0.7261094318273938 0.9398896522487266 0.6632670264993552 0.9097006956068548 0.704022116398378 0.9945379395367347 0.7668645217264166
3 0.08951513725315544 0.12995717461520534 0.04318660933879395 0.08289327550457333 0.018718744828242206 0.1069788307901071 0.06504727274260368 0.1540427299007391
1 0.21182533198052234 0.1524386458912683 0.07939389213795033 0.03241363501280787 0.037584700431770014 0.07854444904714522 0.17001614027434203 0.19856945992560565