3 0.9591743480335897 0.47586759840834514 0.8926845481869328 0.3220403516017067 0.8046661836426792 0.36008512951243604 0.871155983489336 0.5139123763190745
1 0.1725850076510763 0.11092088795499397 0.05042207783404265 0.014208565396361976 0.011975832284913676 0.06277224241796696 0.13413876210194733 0.15948456497659896
2 0.4702122954480958 0.24419584970781544 0.44784595938689264 0.24279795471208832 0.44467750261151545 0.29349329967726717 0.4670438386727186 0.2948911946729943
1 0.24136530759881641 0.2374256145880366 0.11451986266941713 0.11184862351517275 0.06891915766279062 0.15790994148626206 0.19576460259218992 0.2834869325591259
2 1.0300005887888084 0.7049553800411031 0.9487754665920979 0.6464147516134203 0.9168683400471451 0.6906858898326018 0.9980934622438556 0.7492265182602846
2 0.5650737909925908 0.245783949126687 0.5406769100696388 0.22862988455789474 0.507573649758427 0.27571005595024134 0.531970530681379 0.29286412051903354
2 0.8304296685896495 0.5418072356561768 0.7603733288421056 0.4901667893276196 0.7328253660336326 0.5275388412573073 0.8028817057811766 0.5791792875858645
0 0.18023501582321375 0.30667123240469 0.1753224506567686 0.27173742357305264 0.16242643340844543 0.2735509253708473 0.1673389985748906 0.3084847342024846
2 0.34582118517878097 0.5458723222498417 0.30940359152442104 0.5249857611561082 0.26308756541400524 0.6057419091406563 0.29950515906836517 0.6266284702343897
2 0.8121646342428743 0.18046134913299602 0.7973171826053806 0.15123042731634748 0.7544755377154544 0.17299126176979843 0.7693229893529481 0.20222218358644697
3 0.159375 1.5180517565366358e-17 0.08854166586538462 1.0843226769321775e-17 0.08854166586538462 0.0629629639423077 0.159375 0.0629629639423077
2 0.2724590883355083 0.23641050932746646 0.22871554155464474 0.20011955734143505 0.2051160274831823 0.22856539277137944 0.24885957426404587 0.2648563447574108
2 0.2881468995992002 0.8742242069346877 0.24816849735217728 0.8581135078916439 0.20496109145435468 0.9653318879519048 0.2449394937013776 0.9814425869949487
2 0.3005430692655138 0.215142282403628 0.2584541796857981 0.1795114750398024 0.23727600832210982 0.20452818900097794 0.27936489790182556 0.24015899636480353
3 0.011979165865384622 0.04629629567307692 6.945334829017512e-18 0.04629629567307692 9.4786425831756e-18 0.08766835096153845 0.011979165865384627 0.08766835096153845
2 0.9329990368172366 0.6245374719490051 0.8640444384966818 0.5673306950653225 0.8314358603028045 0.6066356783846077 0.9003904586233593 0.6638424552682903