0 0.42231806134162225 0.023302197251791383 0.4130385636493607 -0.0008086330917572288 0.39962040900028756 0.004355591172870731 0.4088999066925491 0.02846642151641934
2 0.7195725386406837 0.34142718915482867 0.6637820169509623 0.3001008752025986 0.6371729221582234 0.33602315179117015 0.692963443847945 0.3773494657434002
2 0.011979165865384622 0.05 6.20119189047624e-18 0.05 8.18557320711276e-18 0.08240740625 0.011979165865384623 0.08240740625
3 1.0005120892117922 0.6273269277964287 0.9994791658653848 0.5740740745192309 0.9859425928296967 0.5743366377709337 0.986975516176104 0.6275894910481316
0 0.262151124577988 0.3901161124176315 0.2552058545985293 0.3592482427257915 0.24063119687824214 0.3625275403817731 0.24757646685770085 0.3933954100736131
3 0.825225576768295 0.3496936881626672 0.756580774102461 0.3020236856238455 0.7214970494290361 0.3525442484249155 0.7901418520948701 0.4002142509637371
2 0.8533247400083793 0.0348552847983682 0.8430705919485371 -0.0052498396029294625 0.8185380002586875 0.0010226961698615801 0.8287921483185298 0.04112782057115924
2 0.9193685974989977 0.49789045262903386 0.8604661461930915 0.45029250369207063 0.8326900819678441 0.48466537704138474 0.8915925332737503 0.532263325978348
2 0.3856568550996095 0.2918382584835412 0.3415448715618318 0.25032110102919214 0.3180586340844114 0.2752752304661 0.3621706176221891 0.31679238792044906
2 0.2900687690402901 0.2161446739289197 0.2533307376790609 0.1773975254233814 0.22987766121418154 0.19963451296740392 0.26661569257541073 0.2383816614729422
3 0.4321216110329816 0.37891315711397683 0.3589495209831582 0.30303098392204464 0.32128153260033687 0.3393536842613194 0.39445362265016026 0.4152358574532516
3 0.3587767798231578 0.34824828340525793 0.27348479589416663 0.2594891469850307 0.22615336008424824 0.30497169926362244 0.3114453440132395 0.3937308356838496
3 0.21362383827923295 0.21725521892017802 0.12332295995048187 0.12911841544161953 0.08121479597577393 0.17226048596897003 0.171515674304525 0.2603972894475285
2 0.8224698700253056 0.5638885388651648 0.7622904228280141 0.5062808551546545 0.7313014616556719 0.5386532477323767 0.7914809088529631 0.5962609314428869
2 0.915157932866342 0.6461760546003302 0.849295341000651 0.5739330222373777 0.8135942082006894 0.6064810626758426 0.8794568000663804 0.6787240950387952
2 0.71982695242787 0.3967874850159618 0.6573904676188618 0.34683830293212403 0.6285512655585046 0.382887309667072 0.6909877503675127 0.4328364917509098
2 1.0249391059806146 0.7286585976441621 0.9404104859809259 0.6660448026435778 0.9102215273376236 0.7067998952445328 0.9947501473373122 0.769413690245117
3 0.09107763725315543 0.12903124913443612 0.044749108137019905 0.08196734880295434 0.020281243626468163 0.10605290408848811 0.06660977274260368 0.15311680441996986
1 0.2395036494027987 0.1742923430122396 0.10543555800333489 0.05278400520511558 0.06372574041467725 0.09880517328007923 0.19779383181414112 0.22031351108720323