3 0.774172848728568 0.7499274201380284 0.6807619214074616 0.6807341379796322 0.6426382127192295 0.7322011427292452 0.736049140040336 0.8013944248876415
2 0.23565542816841256 0.750470019633868 0.19812263967205845 0.7308138387997799 0.15222120826631358 0.818461013557351 0.1897539967626677 0.8381171943914391
1 0.24729717991132003 0.2539040185485185 0.12343842182263216 0.12849703080706776 0.07826214980411747 0.17311557278836517 0.20212090789280535 0.29852256052981596
3 0.2845116542198887 0.5002380705684375 0.24415222728335925 0.4672167216031093 0.17086427399166182 0.5567908876769954 0.2112237009281913 0.5898122366423235
2 0.7163136810723884 0.17509413079242245 0.707138946698692 0.14068887391368343 0.6654182509890862 0.15181439180679307 0.6745929853627826 0.18621964868553206
2 0.8522073774249745 0.574829962784648 0.7803665031016038 0.520094053275203 0.7516083328315463 0.5578391481253175 0.8234492071549169 0.6125750576347626
0 0.030891429273658545 0.1711597917350771 0.019833163870946965 0.13839455965202677 0.008891938389153689 0.1420872231101065 0.01995020379186527 0.17485245519315679
2 0.06675648139982532 0.8852594477889851 0.028323472138152964 0.8655372463358144 -0.03219833035630501 0.9834771731399115 0.0062346789053673475 1.003199374593082
2 0.2798932842752419 0.7803937881153936 0.24226722154655472 0.761950297998741 0.18249649496593445 0.8838869321952735 0.22012255769462163 0.9023304223119261
3 0.4112311090550577 0.42158920487474244 0.38611873469725577 0.36861778537501827 0.31308563139574347 0.4032408830367518 0.3381980057535454 0.456212302536476
2 0.2466283556667746 0.23972173703149321 0.21508198116943839 0.19092343354230545 0.19519706851803156 0.20377832513678656 0.2267434430153678 0.25257662862597435
0 0.8304486235259717 0.09410963078316481 0.8118740374782144 0.08420319117780938 0.8001862301783315 0.10611784377246287 0.8187608162260889 0.11602428337781831
2 0.14947948946823833 0.10665991962528508 0.11795099086536082 0.07001140708937864 0.09592520129185264 0.08896006360347995 0.12745369989473015 0.1256085761393864
0 0.3458912041855205 0.8194444452771494 0.3309129898190046 0.8156998916855205 0.31835171535633494 0.865944989536199 0.3333299297228508 0.8696895431278281