2 0.2033872896654902 0.2496678795274444 0.17239732567553026 0.20899357190429296 0.1456123968222803 0.2294011468365185 0.17660236081224026 0.2700754544596699
3 0.549910813867638 0.20135537077409513 0.4920145696990354 0.1586116595158672 0.4579423726047504 0.20476236061933661 0.515838616773353 0.24750607187756454
2 0.32840469177247356 0.827333399523918 0.2907281329741409 0.8100963735052477 0.24596806373394947 0.9079325883324961 0.2836446225322821 0.9251696143511665
2 0.27676869764510453 0.9377357756627487 0.22281120697368112 0.9164192463865717 0.1897916658653847 1.0000000000000002 0.24374915653680815 1.0213165292761772
0 0.582354355501136 0.7817043749259577 0.5718490770403433 0.7443522702687487 0.5532668747266887 0.7495785141848879 0.5637721531874814 0.7869306188420968
2 0.016666665865384622 0.04797979807692308 5.875830613864019e-18 0.04797979807692308 8.494183170146019e-18 0.09074074038461538 0.016666665865384626 0.09074074038461538
2 0.305354668867652 0.2697546867888079 0.263936375180151 0.22959150607539783 0.24092538922279624 0.2533215931225738 0.28234368291029727 0.29348477383598387
2 0.7260086349213078 0.18036995207704923 0.7176858375222565 0.14681867224867748 0.6731836531934577 0.15785797286190262 0.6815064505925091 0.19140925269027434
2 0.279268637794839 0.025728239753169103 0.24754972293600283 0.0025091652740980063 0.22935189116479388 0.02736870380078142 0.2610708060236301 0.050587778279852516
3 0.5983461654597272 0.6270940173245463 0.47917658123856194 0.47962162127185876 0.420851250672564 0.5267531901563077 0.5400208348937292 0.6742255862089953
2 0.8271573697679308 0.5648144606655575 0.7669779178161955 0.5072067830865274 0.7359889616977863 0.5395791763878169 0.7961684136495214 0.597186853966847
2 0.9188037664247047 0.6489538301779807 0.8529411737199067 0.5767108015834831 0.8172400434722408 0.6092588418075617 0.8831026361770385 0.6815018704020593
2 1.0272807792881848 0.7239116897620677 0.9466604848311679 0.6641929508303667 0.9164715261878656 0.7049480434313218 0.9970918206448824 0.7646667823630227
3 0.3307337607655524 0.35182239863443626 0.27523268459934586 0.2933521287416989 0.243074720424314 0.32387707111502423 0.2985757965905206 0.3823473410077616
1 0.7698593440194228 0.6687640205939155 0.5407876323442331 0.44589712782213375 0.4748299161338835 0.513691167405945 0.7039016278090731 0.7365580601777268