2 0.921149674484666 0.6263206793079734 0.8517557396163588 0.5696932084461712 0.8208618030885686 0.6075520742335397 0.8902557379568758 0.664179545095342
3 0.3307647463255829 0.1550692625077193 0.24311460851967207 0.08581483596592232 0.20057605899909187 0.13965269029126504 0.2882261968050027 0.20890711683306204
2 0.8196336207472787 0.5521743329673348 0.7536817542409827 0.4935504459914938 0.7240265799234733 0.526912513890801 0.7899784464297693 0.5855364008666419
2 0.20892641774463483 0.11624265387838956 0.1812530081694919 0.08162241904583133 0.15780380730766122 0.10036635139631225 0.18547721688280414 0.1349865862288705
2 1.0247151288182812 0.7166070727690663 0.9419848933023276 0.6455203542382709 0.9101832358554168 0.6825309050803506 0.9929134713713703 0.7536176236111459
3 0.8306218602226623 0.14456904621976627 0.7962769849476079 0.10394963005056503 0.7129843527895436 0.17437592694472714 0.7473292280645979 0.2149953431139284
2 0.30924502217512984 0.8261279089657627 0.27132098165865326 0.8106135286188615 0.22757835547882269 0.917539947234887 0.26550239599529923 0.9330543275817882
2 0.21601781346735854 0.7621618483533121 0.1757308314565723 0.7412171966472351 0.12305329679047614 0.8425422948750476 0.16334027880126237 0.8634869465811247
2 0.9519841274038462 0.9555555552884616 0.8885416658653846 0.9555555552884616 0.8885416658653846 1 0.9519841274038462 1
2 0.04632098696564077 0.8739673648596812 0.005218887569896276 0.8659949733998208 -0.016485199393627213 0.9778915785979123 0.024616900002117283 0.9858639700577727
2 0.646765550501964 0.1418363747965224 0.6439881376239937 0.11163199682961311 0.6005502193885739 0.11562628645317202 0.6033276322665441 0.14583066442008133
3 0.24635416586538475 0.9472222211538461 0.18197115384615398 0.9472222211538461 0.18197115384615398 1 0.24635416586538475 1
2 0.45221623471717337 0.4209514696384717 0.39750718262160095 0.3723212001070767 0.37130028597814935 0.40180395822348536 0.42600933807372177 0.45043422775488035
3 0.6977022001039301 0.23699126402009105 0.5908965584028439 0.17157155938031152 0.5471632789217181 0.24297146869500943 0.6539689206228044 0.308391173334789
2 0.44724367343701704 0.17774496484106866 0.40585999569199205 0.14944842526386473 0.3858490415871723 0.178714437589679 0.4272327193321974 0.20701097716688294
2 0.8145833341346154 0.08981481490384625 0.7786458341346154 0.08981481490384625 0.7786458341346154 0.12314814903846164 0.8145833341346154 0.12314814903846164
2 0.6886593575857465 0.36870058034107783 0.643049702631697 0.3401945492839549 0.6210492093856927 0.3753953425391921 0.6666588643397421 0.403901373596315
2 0.9107409365177309 0.43878169245232185 0.8457162776333814 0.3950413798851251 0.8237077710567428 0.42775938185416335 0.8887324299410923 0.4714996944213601
2 0.9909413600418429 0.5555953378278715 0.9295832994056066 0.5119629385239006 0.9049194749050364 0.5466464412275841 0.9662775355412727 0.590278840531555