2 0.9259409108762159 0.6292590058817715 0.8583612038838315 0.5741119977776363 0.8274821387079668 0.6119526395191273 0.8950618457003512 0.6670996476232626
3 0.33654003226317175 0.15495642904410406 0.2477009641349675 0.08726951348568696 0.20625348901249468 0.14166931935318197 0.29509255714069893 0.20935623491159905
2 0.8255184121620752 0.5532238583916306 0.7573216638990969 0.4984709222837437 0.7298211505047492 0.5327237993415432 0.7980178987677273 0.5874767354494301
2 0.2146555860138656 0.11716857935915881 0.18698217761111838 0.08254834599330155 0.16353297411019108 0.10129228045332342 0.1912063825129383 0.13591251381918068
2 1.0263253172830409 0.7173860668807897 0.9489856950071675 0.6500427214874059 0.9169423653051763 0.6868424824903209 0.9942819875810496 0.7541858278837046
3 0.7391964299430712 0.25503268084691694 0.6370161837150241 0.18523992202520453 0.5879924855504293 0.2570131780769396 0.6901727317784765 0.32680593689865195
3 0.9557336045453522 0.40686507134266275 0.8277371501768109 0.33993881206168436 0.8084141248549679 0.37689409322398326 0.9364105792235091 0.44382035250496166
2 0.9215053482960719 0.779211500726109 0.8416872045198625 0.7006405113991335 0.807956576311206 0.7349065446396754 0.8877747200874155 0.8134775339666509
2 0.7939697390122491 0.7492118558949336 0.7287982605915899 0.6833820817149637 0.6943408260223519 0.7174949429762086 0.759512304443011 0.7833247171561784
1 0.5409409128808179 0.5418618246553619 0.3619791658653847 0.36574074038461546 0.3064224540479103 0.4221935282291633 0.4853842010633435 0.5983146124999098
2 0.5394719821783821 0.43369731722480104 0.4796875000000001 0.3805555552884616 0.45003232692307704 0.41391762500000007 0.509816809101459 0.4670593869363395
3 0.25598161131969 0.3698809124271661 0.22671368952217982 0.2726039482309034 0.1931040381617808 0.28271615368247455 0.22237195995929102 0.3799931178787373
2 0.23964938291296858 0.23747786778368069 0.20682930555096493 0.20246977718542303 0.1858544854407239 0.22213366650095406 0.21867456280272754 0.2571417570992117
1 0.4099112326485246 0.33433798293580874 0.26040237853941356 0.20886185769071444 0.2122227300724793 0.26626946427404535 0.36173158418159035 0.39174558951913957
0 0.4099313640216452 0.5819572396300271 0.40504235584520765 0.5419760015645515 0.3884873681535106 0.5440003878542653 0.3933763763299482 0.5839816259197409
2 0.3139325221751298 0.8252019834849934 0.27710361272012457 0.8101356113035195 0.2333609873827038 0.9170620278603211 0.27018989683770905 0.9321284000417951
2 0.20937499999999998 2.3440505139929808e-17 0.17343750000000002 2.123996792271191e-17 0.17343750000000002 0.019444444711538483 0.20937499999999998 0.019444444711538486
2 0.4058038196059339 0.3282389458135224 0.36990928108000737 0.2788357148198213 0.35525129560868873 0.28948565842937585 0.39114583413461523 0.338888889423077
2 0.2207053132775947 0.761235919818803 0.1804183319191034 0.7402912692757169 0.12786245009450412 0.8413823725620231 0.16814943145299546 0.8623270231051092
2 0.1612121948178391 0.21762112386812696 0.12386801430796031 0.1876123994725868 0.10188826134850427 0.21496497371937673 0.13923244185838304 0.2449736981149169
3 0.9973329681587513 0.4773434868037346 0.7922816783052001 0.3496399208896041 0.7375893781352078 0.4374583511318376 0.9426406679887589 0.5651619170459682
2 0.7962108711657212 0.4437422432655123 0.7309031295102371 0.4050413611821406 0.7051840101183235 0.4484423772425817 0.7704917517738076 0.4871432593259533
2 0.05042032895580722 0.1358612979494932 0.020989647507753267 0.0907568011811978 -0.002667389692766151 0.10619301654193869 0.026763291755287806 0.15129751331023408
2 0.9539584074335067 0.11565066602327588 0.9065096038322422 0.10653137414939526 0.9006931917174094 0.1367948858252502 0.9481419953186738 0.14591417769913081