2 0.922268394582929 0.6273093044902314 0.8535086327371525 0.5692973015123975 0.8218344908396696 0.6068396434717405 0.8905942526854461 0.6648516464495743
3 0.3318064121909675 0.15599518798848852 0.2441562755543856 0.08674076237060567 0.2016177260338054 0.14057861669594843 0.28926786267038734 0.20983304231383126
2 0.8216081591531298 0.5511885390632559 0.7534172541609969 0.49376463476265153 0.7246760386917585 0.5278948374594512 0.7928669436838912 0.5853187417600557
2 0.2099680860138656 0.1171685793591588 0.18229467761111845 0.08254834599330153 0.15884547411019106 0.1012922804533234 0.18651888251293824 0.13591251381918068
2 1.0247106856524166 0.7165780075267068 0.9430060515577214 0.6464560257738209 0.9112261549041768 0.6834852819747586 0.992930788998872 0.7536072637276446
3 0.7791251855759058 0.13787631672221098 0.7422077098151904 0.12184174900886584 0.6939852442319013 0.2328676111411734 0.7309027199926168 0.24890217885451854
2 0.8588270949955075 0.8129340907488416 0.7977564111523903 0.7477920217191905 0.7626443744010594 0.7807095530084163 0.8237150582441765 0.8458516220380674
2 0.3097658563097452 0.8261279089657627 0.27184181373404476 0.8106135277764518 0.22809918755421418 0.9175399463924774 0.26602323012991463 0.9330543275817882
2 0.21653864796698422 0.7621618496033811 0.17625166659388294 0.7412171966441126 0.12357412858170512 0.84254229364164 0.16386110995480638 0.8634869466009086
2 0.7680753350602608 0.8148388350852745 0.7008217849427516 0.748636075310054 0.666360183949021 0.7836446613181101 0.7336137340665302 0.8498474210933306
3 0.3378865963373531 0.03373663345115137 0.22045854699706796 -0.018453606594210914 0.19099119492830952 0.047847940776526036 0.3084192442685947 0.10003818082188833
2 0.16467686570796097 0.6492825871974173 0.13028214160058008 0.6336048203306609 0.08090264941301628 0.7419361933373069 0.11529737352039719 0.7576139602040635
2 0.6478072186209258 0.1418363748705168 0.6450298059394132 0.11163199663655393 0.6015918877736793 0.11562628593585697 0.6043693004551921 0.14583066416981985
3 0.24739583413461552 0.9481481490384615 0.18301281971153857 0.9481481490384615 0.18301281971153857 1 0.24739583413461552 1
2 0.3493198030792126 0.33088301268177794 0.3017723253422716 0.28711772029134813 0.2769261180479995 0.31411113044916894 0.32447359578494045 0.35787642283959875
3 0.7958500079939124 0.3037549165610939 0.6789423625039804 0.22694603044073178 0.6316470120339736 0.29893233756417104 0.7485546575239055 0.3757412236845331
2 0.16332163600599095 0.014905592804070512 0.14520518638825822 -0.010107460011785675 0.1202575850824458 0.007961584397440862 0.13837403470017856 0.03297463721329705
2 0.6310707228788436 0.29383723712456733 0.5824060332556145 0.2664633478954489 0.5619776209197684 0.3027805236353798 0.6106423105429977 0.33015441286449815
2 0.8815237253877448 0.12771702129362347 0.8804037613937805 0.09386927342639614 0.8466478272735198 0.0949861994607551 0.8477677912674841 0.12883394732798242
2 0.9107100662116842 0.5363284465789804 0.8545597131395403 0.4947355908517404 0.8289470772094039 0.5293126480275373 0.8850974302815477 0.5709055037547772
2 1.0134799424972973 0.5107206236196655 0.9627011679240726 0.4941705046441722 0.9492212254267753 0.5355294194860453 1.0000000000000002 0.5520795384615386