2 0.9271359292158105 0.6426181052366419 0.8574255371691317 0.5880050649657705 0.8270800036835804 0.6267393860299594 0.8967903957302591 0.6813524263008307
3 0.34018586755659974 0.16514161502316282 0.25134679826958284 0.09745469858184082 0.20983555766705864 0.15193819663385594 0.2986746269540755 0.21962511307517796
2 0.8266826920911328 0.5641559828274352 0.7571113783810752 0.510044962167871 0.7297115387831951 0.5452733280910048 0.7992828524932526 0.599384348750569
2 0.22038475187925016 0.12550191349377415 0.1927113423041073 0.09088167866121596 0.16926213997557568 0.10962561218409263 0.19693554955071857 0.14424584701665083
2 1.026283524952363 0.7321594301111921 0.9493462654027213 0.6637707515980823 0.9169324703631477 0.7002362692271517 0.9938697299127893 0.7686249477402615
3 0.9358874883457985 0.39474534904171144 0.8114914657731961 0.31740702689707206 0.7577447796474437 0.4038567169743619 0.8821408022200461 0.48119503911900124
3 1 0.4620370360576924 0.9541666658653847 0.4620370360576924 0.9541666658653847 0.5680555552884617 1 0.5680555552884617
2 0.3450482635619085 0.28569393892809614 0.30617777748616226 0.24560875384163056 0.28206719632500477 0.2689887134771258 0.32093768240075093 0.30907389856359135
2 0.32800812774291754 0.32490316955223225 0.28933425095527665 0.28243096297609277 0.26357364359950236 0.30588777473994644 0.3022475203871433 0.34835998131608586
1 0.2857061776670248 0.3031642989755179 0.14857048232394993 0.1785570394549958 0.10413464585217991 0.22746060539614185 0.24127034119525476 0.3520678649166639
2 0.2621800814694766 0.22072755297175012 0.23032888434601623 0.1641031981324413 0.20698565932040688 0.17723376118959125 0.23883685644386726 0.23385811602890005
3 0.11483587412060325 0.1879517806617118 0.07008046732511836 0.1242996162566007 0.036883273837368995 0.14764138181788838 0.08163868063285389 0.2112935462229995
2 0.10370746995197375 0.15262433209414256 0.10211517297146858 0.10874777073663504 0.07726550741870114 0.1096495744833743 0.07885780439920631 0.15352613584088182
1 0.24683516419821389 0.20554915777522825 0.1211677281765137 0.10094736317827359 0.08120062413409034 0.14896339874990516 0.2068680601557905 0.25356519334685984
0 0.234634005050407 0.38678926187143614 0.23181939504193433 0.3542648506834904 0.2184579201231092 0.35542113114056506 0.2212725301315819 0.3879455423285108
2 0.3160764763911122 0.8367097971338483 0.2783992669815701 0.8208988260627861 0.2341895742112543 0.9262495881982834 0.27186678362079647 0.9420605592693457
2 0.6826588123921138 0.37284645887394574 0.6280595364328155 0.32734707274105695 0.6035689900351179 0.35673573520029256 0.6581682659944159 0.40223512133318134
2 0.18852729133298596 0.1485983553467522 0.16844470294922195 0.1307471141784387 0.1661458341346154 0.13333333413461537 0.1862284225183794 0.15118457530292886
2 0.2253561330578298 0.7709807444503792 0.1848014889379675 0.7495513021632887 0.13228009541366015 0.8489466291401683 0.1728347395335225 0.8703760714272586
2 0.04962643642241379 0.13135057601127317 0.019741378464854097 0.09772988580901855 -0.0020114941147214914 0.1170657725464191 0.0278735638428382 0.15068646274867373