3 1.0089422710983762 0.41928786509279037 0.8767958933439577 0.34495548472189225 0.8227219421940782 0.44108689797236234 0.9548683199484967 0.5154192783432605
1 0.05104166586538461 3.125400636259599e-18 0 0 4.479032329175273e-18 0.07314814903846154 0.05104166586538462 0.07314814903846154
2 0.32520777894725145 0.5810803816204154 0.2911547261863166 0.5598547467105137 0.24891022746834723 0.6276291218850895 0.28296328022928213 0.6488547567949913
1 0.24253851746134567 0.24166984715781373 0.11608236266941711 0.11647825332286504 0.0704816576627906 0.16253957129395438 0.19693781245471917 0.287731165128903
2 0.6564119124219518 0.17943030480278732 0.6401725023873627 0.14991830352093427 0.599281853768641 0.17241898055594265 0.6155212638032302 0.20193098183779573
2 0.8306442740752064 0.5490069875375391 0.76268365189417 0.4953097316302516 0.7343579871383177 0.5311594183223033 0.802318609319354 0.5848566742295908
0 0.17971418525065289 0.30852308458961514 0.17480161566946478 0.27358927661084104 0.16190559654769282 0.2754027803460917 0.1668181661288809 0.3103365883248659
2 0.20066728614884768 0.7995883300599689 0.1565105206446957 0.7773070207804538 0.09805714538603058 0.8931490456742096 0.14221391089018257 0.9154303549537247
2 0.5291572726103461 0.4168328185419273 0.49853171983062583 0.39251252607838727 0.4528669311259408 0.4500163327758884 0.483492483905661 0.4743366252394284
2 0.2740215897946484 0.24289198295444664 0.23027803906695526 0.20660104115356165 0.20667853047029153 0.23504688053438524 0.25042208119798465 0.27133782233527026
0 0.4885351071073659 0.03506157223909345 0.4806993097431122 0.010296582889661475 0.466289093002767 0.014856065502760632 0.47412489036702066 0.03962105485219261
2 0.29754346074870736 0.22210764677331177 0.25851428652690733 0.18245895517792463 0.2358980407445597 0.2047218183737682 0.2749272149663597 0.24437050996915535
0 0.6616287186388874 0.8739425787034918 0.6436692772918808 0.8292435364730356 0.623105065873795 0.8375059450254702 0.6410645072208017 0.8822049872559263
2 0.9553490741841354 0.6471899084705713 0.8841920137666863 0.588019884634697 0.8511242544360805 0.6277867191907271 0.9222813148535296 0.6869567430266016