3 0.9555996315323101 0.48580406803289694 0.890519645457598 0.331540396410218 0.802312391303794 0.36875283153272176 0.8673923773785059 0.5230165031554007
1 0.22340179448694483 0.16529251831039213 0.09707278660304729 0.06201624999232122 0.05905284229523948 0.10852278941737116 0.18538185017913703 0.21179905773544208
2 0.3022735591572222 0.014141939175690118 0.272831275683341 -0.0045515672080253065 0.25741857788346933 0.019723440829867107 0.28686086135735056 0.038416947213582534
1 0.24084447706990952 0.24575894750864954 0.11399903092650789 0.12018195523392337 0.06839832352817522 0.16624327562087748 0.1952437696715769 0.29182026789560367
2 1.0289840890349962 0.7222440260302304 0.9493451551711399 0.6548248219054329 0.9162515438267516 0.6939166498109264 0.9958904776906077 0.7613358539357239
2 0.5143550429339219 0.48349856017924353 0.51030183747396 0.40423599826413603 0.4865004395370518 0.4054531170872183 0.4905536449970137 0.48471567900232587
2 0.8288671685896495 0.5510664952715613 0.7588108288421055 0.499426048943004 0.7312628660336326 0.5367981008726919 0.8013192057811764 0.5884385472012492
0 0.1812766852506529 0.31778234420499984 0.17636411566946475 0.28284853622622574 0.16346809687917857 0.2846620399148612 0.16838066646036673 0.31959584789363527
2 0.4536458341346154 0.22037037019230776 0.43281250000000004 0.22037037019230776 0.43281250000000004 0.2750000000000001 0.4536458341346154 0.2750000000000001
3 0.33197831992889976 0.1426659906161577 0.24869439028966253 0.07603884306089448 0.20637279892348873 0.1289408292165743 0.28965672856272595 0.19556797677183752
2 0.2729799224701236 0.24566976894285103 0.22923637568926009 0.20937881695681962 0.2056368616177977 0.23782465238676403 0.2493804083986612 0.2741156043727954
2 0.602305335939697 0.6223588080785712 0.541973510167004 0.605390481264216 0.5266077479562306 0.6600242998314504 0.5869395737289237 0.6769926266458056
2 0.3010639034001292 0.22532746749978186 0.2589750124201136 0.18969665895051724 0.23779684005287904 0.2147133740971318 0.2798857310328946 0.2503441826463964
3 0.0993895278462972 0.16095175371775955 0.060932864100064196 0.09258435014213993 0.026115850299855834 0.11216892001514367 0.06457251404608884 0.18053632359076327
2 0.9309157041064603 0.6337967327456485 0.8619611043620665 0.5765899546807071 0.829352526168189 0.6158949379999925 0.8983071259125828 0.6731017160649339
2 0.08948735487442742 0.09559157112437287 0.06231424484438111 0.062474349521476964 0.0418846869006477 0.07923706689332712 0.06905779693069401 0.11235428849622303
3 1 0.45462962980769245 0.9635416658653846 0.45462962980769245 0.9635416658653846 0.5568082788461539 1 0.5568082788461539
2 0.12373156255797352 0.03439571796159288 0.09996950143648692 0.0034170311406697216 0.07954986364469575 0.019079821629240233 0.10331192476618235 0.050058508450163394