2 0.7314023042755663 0.80601888608845 0.658919576564532 0.7387885286858945 0.6249175951575432 0.7754469142006611 0.6974003228685774 0.8426772716032166
2 0.5229563884520667 0.6577341054326039 0.5064180530055219 0.6032461927415045 0.4374662309208073 0.624174657550797 0.4540045663673521 0.6786625702418966
2 0.22361368564145673 0.7524645568623851 0.1832576032915987 0.7297642604314538 0.1282640947039949 0.8275304974504973 0.16862017705385293 0.8502307938814285
2 0.13495126739933355 0.8987976056713364 0.09239812574812192 0.8791033107810164 0.04223598628909587 0.9874878270998486 0.08478912794030749 1.0071821219901684
2 0.13955823647579962 0.674764852477244 0.10135966655023293 0.6506394398011065 0.032525784009594716 0.7596264200767853 0.07072435393516141 0.7837518327529227
2 0.31955998912076733 0.448939111250364 0.28813374387280005 0.411927343866816 0.21891289959016996 0.47070192780263304 0.25033914483813724 0.5077136951861811
3 1.0600028080591644 0.6586105202095672 0.7841242272813009 0.45476059340003105 0.7104697640736265 0.5544402405586683 0.9863483448514898 0.7582901673682044
2 0.8067519033993731 0.4567186336344345 0.755054685042021 0.4447308802229774 0.7465414130712281 0.4814443881592502 0.7982386314285801 0.49343214157070725
2 0.8520490426160237 0.4043080292742394 0.8063048840545759 0.37214416623938185 0.7830005488405601 0.40528810806141186 0.828744707402008 0.43745197109626943
2 0.6437203555063756 0.15761902456148566 0.6374223748356423 0.12573549864218814 0.5932029598281403 0.1344701982388793 0.5995009404988736 0.1663537241581768
2 0.7020271534749541 0.15037149175238573 0.6933817377119914 0.11876168884935111 0.6564645211461759 0.12885870486055095 0.6651099369091387 0.16046850776358557
2 0.7850841800270781 0.19539594952484224 0.7704655870250069 0.16773690569158456 0.7370442445114624 0.1854010377828341 0.7516628375135336 0.21306008161609175
3 0.9755208341346153 0.1203703701923078 0.8786458341346154 0.1203703701923078 0.8786458341346154 0.1944444447115386 0.9755208341346153 0.1944444447115386
3 0.21562500000000015 0.9907407403846153 0.18541666586538474 0.9907407403846153 0.18541666586538474 1 0.21562500000000015 1