3 1 0.91759259375 0.9395833341346154 0.91759259375 0.9395833341346154 1 1 1
2 0.7067414481465343 0.7845540749875722 0.636287038926686 0.7192050423727759 0.6025259164267516 0.7556037440085402 0.6729803256465998 0.8209527766233365
2 0.5013208772002767 0.6565888690069274 0.47949957079560696 0.6074909324289934 0.4109965637974486 0.6379367150735511 0.43281787020211837 0.6870346516514851
2 0.22361368564145664 0.7515386313816159 0.18325760329159857 0.7288383349506847 0.12826409470399472 0.8266045719697281 0.1686201770538528 0.8493048684006593
2 0.13739129242869805 0.9007362694918968 0.09450971034007748 0.8794347032133845 0.04147701365226751 0.9861933286902927 0.08435859574088808 1.0074948949688052
2 0.16239578773083516 0.6388972537115618 0.12543367749253564 0.6148798466808777 0.05953969109056926 0.7162888283548295 0.09650180132886878 0.7403062353855137
2 0.33910721063532967 0.4376223062923354 0.30941325719859286 0.3961531630488175 0.23876259513979095 0.4467425243271367 0.26845654857652773 0.48821166757065454
3 1.0590430412952394 0.6580575610852262 0.7851658937935823 0.45568651793204545 0.711511430527702 0.5553661657004065 0.9853885780293592 0.7577372088535873
2 0.8051705810680859 0.47586884681998415 0.7927692434206558 0.4369209014304374 0.744552238544759 0.4522735818307304 0.7569535761921892 0.4912215272202772
2 0.8520490426160237 0.4043080292742394 0.8063048840545759 0.37214416623938185 0.7830005488405601 0.40528810806141186 0.828744707402008 0.43745197109626943
2 0.6437203555063756 0.15761902456148566 0.6374223748356423 0.12573549864218814 0.5932029598281403 0.1344701982388793 0.5995009404988736 0.1663537241581768
2 0.702027153474954 0.1512974172331551 0.6933817383236952 0.11968761656666291 0.6564645217578798 0.12978463257786263 0.6651099369091387 0.16139443324435482
2 0.773625846229111 0.20095150417656565 0.7590072532780469 0.1732924638900078 0.7248454533060691 0.19134795110475128 0.7394640462571332 0.2190069913913091
3 0.9593750000000001 0.11759259375000011 0.8625 0.11759259375000011 0.8625 0.1907407403846155 0.9593750000000001 0.1907407403846155