2 0.6296133207521386 0.38902078226198594 0.5698704967593404 0.35541542437834217 0.5487110563556746 0.39303218561621533 0.6084538803484729 0.4266375434998591
2 0.8073945825385143 0.5212815070054607 0.747877354808211 0.4703367236281422 0.7169422198243491 0.506477292919912 0.7764594475546522 0.5574220762972305
2 0.8227527936530163 0.45785119840568633 0.7712229406488168 0.4198671370285342 0.7465225363174762 0.45337614470678833 0.7980523893216757 0.4913602060839405
2 0.8515955598668743 0.3821147060737101 0.8051291419469814 0.35047799959273 0.7829504542173318 0.3830529508943223 0.8294168721372247 0.4146896573753024
2 0.9643010723436286 0.6514298336299572 0.8834492396383407 0.581879871630448 0.8521440967377052 0.6182721010990302 0.9329959294429931 0.6878220630985395
2 0.9235942926102777 0.15246974716556488 0.9223673391427245 0.11865182808108701 0.8734564608590637 0.12042637167619416 0.8746834143266169 0.154244290760672
2 0.6437115293624274 0.1358361572517146 0.6426359549124598 0.10135053487000359 0.598495711160188 0.10272722797038568 0.5995712856101555 0.13721285035209668
2 0.7007151151192516 0.1307760595613754 0.697477009683162 0.09623624333456454 0.6609060742445829 0.09966476605943711 0.6641441796806725 0.13420458228624796
3 0.41632229100650436 0.21617714205033894 0.3295964266833742 0.1439055856680553 0.28474214555575944 0.19773072095099548 0.3714680098788896 0.27000227733327914
2 0.23941198719174178 0.13105163690610636 0.2099096298430278 0.10168040073408881 0.1898727919327517 0.12180668853161802 0.2193751492814657 0.15117792470363559
2 0.22276471435842 0.7294092603075527 0.18078564429936617 0.7087476856985643 0.13104159364523282 0.809814958011999 0.17302066370428665 0.8304765326209874
2 0.30606416118896895 0.8127666747035941 0.26804478062545434 0.7968800059299874 0.2239513201235886 0.9024028237763465 0.2619707006871032 0.9182894925499532
3 0.2428085549654812 0.9387097591391627 0.177076066741294 0.9348848081889505 0.1732870360576924 1 0.2390195242818796 1.0038249509502122