2 0.24761957416905053 0.4968954903242309 0.21570853071165783 0.475043362700125 0.1617300812983693 0.5538690347179822 0.193641124755762 0.575721162342088
2 0.4755208341346154 0.3481481490384616 0.4234375 0.3481481490384616 0.4234375 0.39629629567307695 0.4755208341346154 0.39629629567307695
2 0.6420684964699466 0.416878230090266 0.5787648360407055 0.3812699193868798 0.5571293883127302 0.41973293572076337 0.6204330487419711 0.4553412464241495
2 0.8186225724765737 0.4776946081146454 0.7694589936877291 0.43237509173316313 0.7407647057360947 0.4635032678289785 0.7899282845249392 0.5088227842104609
2 0.8522127282698662 0.4011837862818768 0.8047603560883103 0.3697941043261777 0.7829618230715899 0.4027473563910187 0.8304141952531457 0.43413703834671785
2 0.812811254063127 0.5416713042347447 0.7426610394691385 0.48687383202535633 0.7108024812006355 0.5276582808161835 0.780952695794624 0.582455753025572
2 0.6462583236053121 0.15201396302826659 0.6399351551390837 0.12118851436141523 0.5950767826422585 0.13039023108203096 0.6013999511084869 0.16121567974888235
2 0.7026868157298757 0.14635047354611147 0.692838142371306 0.11403451395513502 0.6568165389074054 0.1250125263941323 0.6666652122659749 0.15732848598510873
3 0.6689436701702081 0.28374209384043875 0.6426105133288178 0.2101764661424833 0.539320582483177 0.24714957483751332 0.5656537393245673 0.32071520253546876
2 0.46477126249306777 0.27971315383015416 0.4227609534653469 0.2610419062710455 0.4084997854820876 0.2931295357760535 0.45051009450980845 0.3118007833351622
2 0.5219386431718349 0.661748066042879 0.5082635658998815 0.6094408986728912 0.4450176474807056 0.6259757803154049 0.4586927247526591 0.6782829476853924
2 0.22770281457011846 0.7462559026539082 0.18625735186072628 0.7236285079789441 0.13307580899513308 0.821038469811741 0.17452127170452522 0.8436658644867051
3 0.395391876955107 0.696439130625276 0.348991234405002 0.6679964306176481 0.2815458746937827 0.7780249450267678 0.3279465172438877 0.8064676450343955
2 0.9078376447446949 0.5435408693136607 0.8542169532659151 0.4958780324436341 0.8254813215683023 0.5282056181034483 0.879102013047082 0.5758684549734749
2 0.2427083341346155 0.9601851850961538 0.19591346153846168 0.9601851850961538 0.19591346153846168 1 0.2427083341346155 1
2 0.08437500000000012 0.9759259254807693 0.035937500000000115 0.9759259254807693 0.035937500000000115 1 0.08437500000000014 1