0 0.8021653870720311 0.06964103321014138 0.7839583212585424 0.06759273523368137 0.7808984111021238 0.09479189582532523 0.7991054769156125 0.09684019380178524
2 0.8901576146644478 0.4493894631809596 0.819835282283814 0.40324042019482115 0.7930062583483948 0.44412273143150743 0.8633285907290287 0.49027177441764586
0 0.1917321786276745 0.3173138849740015 0.1849378750056641 0.2776265340182358 0.1740698029182832 0.2794871011704719 0.18086410654029358 0.3191744521262376
2 0.36065127713521833 0.0502502474906631 0.32732588046308364 0.014703163859434957 0.3047802595335216 0.035839687139144545 0.33810565620565625 0.07138677077037268
2 0.9870853022783563 0.5333308371256164 0.9246556267115538 0.4841674587025228 0.8971053053142773 0.5191519874668276 0.9595349808810799 0.5683153658899212
2 0.3010856721309712 0.20714221536130747 0.2590851417129176 0.16566022995341548 0.234910058891435 0.19013751307809132 0.2769105893094886 0.23161949848598334
2 0.2480145692461107 0.1655756458459759 0.20975433972595323 0.12670811309744445 0.19262683511002862 0.14356800132221462 0.23088706463018613 0.18243553407074606
3 0.25498068105656724 0.22869871359023256 0.21330047764520665 0.1430227409132527 0.17909560138837505 0.15966295117874083 0.22077580479973563 0.24533892385572068
3 0.23789848489003593 0.26900144389702674 0.193131636110395 0.1553078602413677 0.14235774075747476 0.17530008163269648 0.18712458953711572 0.2889936652883555
3 0.1789629013214456 0.16834081261796716 0.08481683369681156 0.0862343849598822 0.043303545752496224 0.13383495565334563 0.13744961337713027 0.2159413833114306
2 0.8214282024017857 0.5453700112301462 0.761248748353951 0.4877623418708076 0.7302597959240328 0.5201347370655194 0.7904392499718675 0.577742406424858
2 0.9141162670009574 0.626731609888792 0.8482536751352664 0.5544885775258395 0.8125525423353047 0.5870366179643043 0.8784151342009958 0.6592796503272568
2 0.8861346592626977 0.5173384795898351 0.8226021910722282 0.457892883404865 0.7888075199124007 0.4940109309686973 0.8523399881028701 0.5534565271536674
2 1.0231978607569792 0.7003071313544851 0.9339301251812843 0.6537556607648931 0.9079591496384561 0.703557958050822 0.997226885214151 0.750109428640414
3 0.08359475215276711 0.10912596106009667 0.03664289769405777 0.06290774218333535 0.011783876583922407 0.08816135795466745 0.058735731042631745 0.13437957683142876
1 0.18817449596292313 0.10993248145674715 0.0504207039211287 -0.001517024606240335 0.011044106730675693 0.04715322771072868 0.14879789877247013 0.15860273377371617