2 0.9221061963880365 0.6268835448640518 0.8529560458011682 0.5696558309975871 0.8215673528891057 0.6075838329209005 0.8907175034759738 0.6648115467873651
3 0.33180641219096757 0.1550692625077193 0.24415627438505666 0.08581483596592229 0.20161772486447646 0.13965269029126506 0.28926786267038734 0.20890711683306204
2 0.8219128936186634 0.551445157490419 0.7534172541609969 0.49376463476265153 0.7249401565477029 0.5275811974198057 0.7934357960053694 0.5852617201475732
2 0.2099680860138656 0.1171685793591588 0.18229467761111845 0.08254834599330153 0.15884547411019106 0.1012922804533234 0.18651888251293824 0.13591251381918068
2 1.0247106856524166 0.7165780075267068 0.9430060515577214 0.6464560257738209 0.9112261549041768 0.6834852819747586 0.992930788998872 0.7536072637276446
3 0.296875 3.2689139771926176e-17 0.23697916586538462 2.9021577694165294e-17 0.23697916586538462 0.04259259375000003 0.296875 0.04259259375000003
3 0.7466746796155397 0.14789885997589697 0.7131704067988889 0.1437108256541635 0.6968019941287189 0.274658120147659 0.7303062669453697 0.2788461544693925
2 0.7326104214321053 0.6900173017100045 0.676499424163614 0.6340194311015956 0.6451158370644917 0.6654664191899227 0.7012268343329832 0.7214642897983315
1 1.0625903810197281 0.9309019736207123 0.828125 0.7185185192307693 0.7551668754811321 0.7990622438487597 0.9896322565008604 1.0114456982387028
2 0.3097658563097451 0.8252019834849933 0.2718418137340447 0.8096876022956825 0.22809918839662394 0.9166140188524843 0.2660232309723244 0.9321284000417951
2 0.21653864796698408 0.7630877750841504 0.1762516675777013 0.7421431226363556 0.12357412956552355 0.8434682196338833 0.1638611099548063 0.8644128720816779
2 0.6459217416211628 0.6977257165894636 0.5891725151727896 0.6392030821859735 0.556620475676127 0.6707686991405364 0.6133697021245003 0.7292913335440265
3 0.4125954788772229 0.08118248044930952 0.2877321546853322 0.01812019580158177 0.252894201413857 0.0870993436047036 0.37775752560574777 0.15016162825243135
2 0.21605545316670494 0.5212485976391611 0.1841646129528963 0.5094023545558364 0.1485137452476793 0.6053767590546867 0.18040458546148794 0.6172230021380114
2 0.6493697186209257 0.14183637487051684 0.6464278156636014 0.10984316397963764 0.6029898974978678 0.11383745327894065 0.6059318004551921 0.14583066416981985
3 0.24687500000000015 0.9490740745192308 0.18330662500000014 0.9490740745192308 0.18330662500000014 1 0.24687500000000015 1
2 0.2884154467377521 0.2790535620256231 0.2435257307855037 0.23612777668196427 0.21870465460855099 0.2620844609986817 0.2635943705607994 0.30501024634234053
3 0.8616624121292289 0.3443435594451327 0.7392476830678161 0.2688405951676812 0.691468393392237 0.34630627954650667 0.8138831224536498 0.42180924382395807
2 0.2617922004674935 0.07510683851381134 0.22694978741192998 0.05187856146831978 0.2099626072763759 0.07735932983409569 0.24480502033193946 0.10058760687958722
2 0.7769303214566269 0.4007986269389947 0.7250573399220102 0.35703080613394084 0.6984404720029963 0.38857672897579526 0.750313453537613 0.4323445497808492
2 0.9427083341346154 0.10370370432692318 0.9078124999999999 0.10370370432692318 0.9078124999999999 0.13888888942307703 0.9427083341346154 0.13888888942307703