2 1.0063436264854355 0.5335995172543279 0.9304241192578346 0.47309661665554675 0.896624236635052 0.5155089705704284 0.9725437438626527 0.5760118711692095
0 0.18912801008186045 0.31361018128972007 0.18233371083117086 0.2739228297005338 0.17146563549262586 0.27578339618260744 0.17825993474331542 0.3154707477717938
2 0.08854166586538474 0.9472222211538461 0.026041665865384735 0.9472222211538461 0.026041665865384735 1 0.08854166586538476 1
2 0.42960349272805387 0.3889925536520768 0.3985296176154169 0.37248455714834705 0.365216161870649 0.43519223722020767 0.39629003698328596 0.4517002337239374
2 0.29839801958256557 0.19960019025950437 0.2570424116452111 0.15750609160569873 0.23155450746305883 0.18254684093189083 0.2729101154004133 0.22464093958569648
2 0.24062499879807692 0.15833333293269233 0.20341435216346154 0.12112268629807697 0.18845486177884618 0.13608217668269235 0.22566550841346153 0.1732928233173077
3 0.2529462010497264 0.20584396432124372 0.19794957136824157 0.1335778583524962 0.16785875902470615 0.15647785055614633 0.22285538870619098 0.22874395652489385
3 0.25054238559350134 0.23886973096816977 0.1749102015086206 0.1537835238726791 0.13335129302055698 0.19072477586206904 0.2089834771054377 0.27581098295755974
3 0.174032370640802 0.16666631449177416 0.08380371739196842 0.08029358540901625 0.04139402920023713 0.12459656264360675 0.1316226824490707 0.21096929172636464
2 0.8183615150032507 0.5347420705793787 0.7597030656154858 0.478590405348653 0.7287141131855677 0.5109628005433648 0.7873725625733325 0.5671144657740905
2 0.9116460841829672 0.6078684021714862 0.8411396311218184 0.5455457357084611 0.8109228612485209 0.5797303652765038 0.8814293143096695 0.6420530317395289
2 0.8954205542291219 0.5048721265316556 0.8241087171686216 0.45266999845393957 0.7918147043969511 0.49678592747075234 0.8631265414574514 0.5489880555484683
2 1.0244387645726027 0.694947897483422 0.9343436721358886 0.6377446557040757 0.9060022567750493 0.6823823782753176 0.9960973492117634 0.739585620054664
3 0.07217475510479689 0.11029442259075194 0.037595583756482295 0.05496774843344858 0.007424963618193614 0.07382438601987901 0.0420041349665082 0.12915106017718236
1 0.10418792276433105 0.04359077116502342 0.021444310390092702 -0.025632649789418278 -0.01782558108651266 0.021307137836176507 0.06491803128772568 0.0905305587906182
3 0.47111260470900523 0.2282543943757715 0.4595774319516892 0.1341705863589516 0.4205803048787968 0.13895184051210407 0.4321154776361128 0.23303564852892397
2 0.24422137835399577 0.702865701825985 0.20584353384826268 0.6812781629742232 0.15457158569095103 0.7724282874696206 0.19294943019668412 0.7940158263213823