0 0.7562226810146078 0.06598361818104745 0.7380156128273166 0.06393531993753482 0.7345442428328937 0.09479189582532567 0.7527513110201849 0.0968401940688383
2 0.8885475849960158 0.4510426874559901 0.8181026702069172 0.40522486630512317 0.7920499597160222 0.44528091708311657 0.8624948745051209 0.49109873823398353
2 0.0020833341346153905 0.04537037019230769 5.55626786321401e-18 0.04537037019230769 6.350020478184495e-18 0.05833333413461539 0.0020833341346153914 0.05833333413461539
0 0.1917321786276745 0.3173138849740015 0.1849378750056641 0.2776265340182358 0.1740698029182832 0.2794871011704719 0.18086410654029358 0.3191744521262376
2 0.2989583341346154 3.3996705462894544e-17 0.2557291658653846 3.134968233535875e-17 0.2557291658653846 0.026851850961538495 0.2989583341346154 0.026851850961538495
2 0.9889658126066707 0.5388871974466833 0.9285711788105477 0.48753716765826194 0.8986915059994272 0.5226797353414944 0.9590861397955501 0.5740297651299158
2 0.30160650206165623 0.20992000289851148 0.2596059818984867 0.16843800608016662 0.23543089119078514 0.19291528448028067 0.27743141135395466 0.23439728129862553
2 0.24801456924611076 0.16742749921136055 0.20975433852417916 0.12855996524197932 0.1926268351100286 0.14541985228375306 0.2308870658319602 0.18428738625313426
3 0.2549806799067451 0.22962464028041307 0.21330047879711594 0.14394866632320225 0.17909560139164718 0.16058887597990448 0.22077580250127637 0.24626484993711534
3 0.23789848570950126 0.2708532969397469 0.19313163692986027 0.15715971328408784 0.14235774157694003 0.1771519346754166 0.187124590356581 0.29084551833107564
3 0.17896290013068705 0.17204451590640896 0.08481683369681156 0.08993808928680527 0.043303545752496245 0.1375386599802687 0.13744961218637172 0.21964508659987242
2 0.8214282026591613 0.5481477937566763 0.7612487521649918 0.49054011711639445 0.7302597946811397 0.5229125115875399 0.7904392451753093 0.5805201882278218
2 0.9146370986260259 0.6304353140997746 0.8487745068660355 0.5581922818527626 0.8130733753788177 0.5907403210944241 0.8789359671388082 0.6629833533414362
2 0.886305918379634 0.5146377402913076 0.8200877763261685 0.45887507995936405 0.7885852835317954 0.496284280497472 0.8548034255852609 0.5520469408294155
2 1.0234680233407525 0.7017566576452781 0.9349717910466689 0.6556075117264317 0.9090008155038409 0.7054098090123605 0.9974970477979244 0.7515589549312067
3 0.08411558392678754 0.11190374561470393 0.0371637357711349 0.06568551794381111 0.012304712306603434 0.09093912791162798 0.05925656046225609 0.1371573555825208
1 0.19103381997496158 0.11594703115584126 0.054537818757532344 0.002906866241725609 0.015796164255496063 0.049687414767047425 0.1522921654729253 0.16272757968116308