2 0.6051341497344844 0.37883558779655363 0.5461826186057974 0.3456753477104865 0.5251483690056944 0.3830695649070639 0.5840999001343813 0.416229804993131
2 0.7847294239358149 0.5038808596889882 0.725693401586731 0.4572351158779749 0.6969673684527806 0.49359150331103385 0.7560033908018645 0.5402372471220472
2 0.8191069619740909 0.45785120141235036 0.767577110216722 0.41986713667839165 0.7428767044227995 0.4533761425686897 0.7944065561801684 0.49136020730264846
2 0.8510550212086874 0.3834579753599842 0.8049011759082778 0.3526887466390012 0.783266560053087 0.38514067198197605 0.8294204053534966 0.41590990070295913
2 0.941078555416823 0.6341141222998687 0.8608449543559242 0.5661914944507205 0.8302301014612665 0.6023552880416199 0.9104637025221654 0.6702779158907681
2 0.9522154391510197 0.12728100881319684 0.9009194106519298 0.12439561545016632 0.8989339989688888 0.1596919239468123 0.9502300274679787 0.16257731730984284
2 0.6437115305912589 0.13676208198033615 0.6426359534082368 0.10227646150004008 0.5984957087551813 0.10365315820262563 0.5995712859382035 0.13813877868292168
2 0.700194280761239 0.1326279105438573 0.6969561753251494 0.09808809431704645 0.6603852398865706 0.10151661704191899 0.6636233453226601 0.13605643326872985
3 0.43141674520760376 0.22726102038013613 0.34420486200857425 0.15178919687377251 0.2963248703713806 0.20711718610516236 0.38353675357041017 0.282589009611526
2 0.25289577947968095 0.14262365043881325 0.22293046156030114 0.11279151131679546 0.20289362246164885 0.13291780032459372 0.23285894038102858 0.16274993944661154
2 0.22432721435842 0.7294092603075529 0.1823481442993661 0.7087476856985643 0.1326040936452328 0.809814958011999 0.1745831637042867 0.8304765326209874
2 0.3071058307577855 0.8090629727285822 0.26908645133637843 0.7931763030221539 0.2249929879194867 0.8986991184787131 0.2630123673408938 0.9145857881851414
3 0.24332938886749403 0.937783833495112 0.17724110473759241 0.9339381792474207 0.17339699038461553 1 0.23948527451451712 1.0038456542476912