3 0.959174348909058 0.4777194513953202 0.892684548186933 0.3238922025632452 0.8046661836426794 0.36193698047397455 0.8711559843648045 0.5157642293060495
1 0.19643436713452925 0.13123620805969374 0.07143773773755814 0.032473439628265946 0.03155159151955497 0.08295434367812284 0.15654822091652604 0.18171711210955063
2 0.45834282173631424 0.18225931835537232 0.4475730971250536 0.14013775505382192 0.4237071561214957 0.1462398460507022 0.43447688073275637 0.18836140935225257
1 0.24032364184464258 0.23742561546104474 0.11347819718531396 0.11184862136244794 0.06787749186920852 0.15790993843824053 0.19472293652853714 0.2834869325368373
2 1.0298654515921284 0.7076357603059271 0.9487754677323227 0.649192528877512 0.9172956684302156 0.6928707505453964 0.9983856522900213 0.7513139819738115
2 0.5397469652983599 0.28100689027842357 0.515637472747387 0.2703934732493722 0.4896294282781751 0.32947348044022134 0.513738920829148 0.3400868974692728
2 0.830950502724265 0.5445850145023305 0.7608941629767206 0.4929445681737734 0.7333462001682476 0.5303166201034614 0.803402539915792 0.5819570664320185
0 0.18023501615469925 0.3085230857234595 0.17532245098825414 0.27358927689182216 0.16242643340844543 0.27540277873623187 0.1673389985748906 0.3103365875678693
2 0.4114771804277319 0.44256068227721607 0.3790225436174701 0.42339216314840594 0.3402590804743349 0.48902342602085064 0.37271371728459657 0.5081919451496607
2 0.9238799699280424 0.17565632610560267 0.922598071238422 0.13888183976707424 0.8728844125502888 0.14061477692741706 0.8741663112399093 0.17738926326594545
3 0.24410840794108546 0.06951591351397492 0.16293331335031763 0.010311285764341517 0.12466065539863208 0.06278668756242843 0.20583574998939994 0.12199131531206184
2 0.2724590909759073 0.23918827960753067 0.2287155390669553 0.20289733682663863 0.20511602928903278 0.23134317763130122 0.24885958119798476 0.26763412041219325
2 0.3809216378688689 0.6958016562251869 0.3449201173386378 0.6763773680380475 0.30170243888283604 0.7564782254391249 0.3377039594130672 0.7759025136262642
2 0.3005430692655138 0.21699413336516646 0.2584541808712371 0.1813633270048872 0.23727600832210985 0.20638004236636254 0.27936489671638653 0.2420108487266418
3 0.06212566504944986 0.10372999418911578 0.009330795109978786 0.04928528956114698 -0.018741126413538905 0.0765065492945281 0.03405374352593216 0.13095125392249687
2 0.9329990379984956 0.6273152493713204 0.8640444384966818 0.5701084715076303 0.8314358603028046 0.6094134548269156 0.9003904598046183 0.6666202326906057
2 0.019791665865384618 0.00648148076923077 7.937524677773586e-19 0.006481480769230769 3.175010165495684e-18 0.04537037019230769 0.019791665865384625 0.04537037019230769