2 0.9214875281828129 0.6202261934753311 0.8518039879770016 0.5665440578056186 0.8210956785452649 0.6064058048885727 0.8907792187510762 0.6600879405582852
3 0.3302439129754299 0.15229149078675744 0.2425937824378306 0.08303705500489536 0.20005522567815348 0.13687490684460796 0.2877053562157527 0.20612934262647004
2 0.8198169665044942 0.5485505767639536 0.7520786854146437 0.4918806459835889 0.7236649786728125 0.5258439070565957 0.791403259762663 0.5825138378369604
2 0.20788475324195246 0.1143908011370577 0.18021134133561137 0.079770568118601 0.15676213977758435 0.09851450358674604 0.18443555168392545 0.13313473660520272
2 1.024715128818281 0.711977442961374 0.9419848944905549 0.640890725451574 0.9101832370436441 0.6779012762936537 0.9929134713713702 0.7489879938034536
3 0.9178861778357652 0.16057051836500058 0.9102197657942136 0.09157280430441062 0.8129319117265283 0.10238256497657233 0.82059832376808 0.1713802790371623
2 0.308724187216437 0.8233501307943546 0.2708001468338392 0.8078357511124905 0.22705752289993766 0.9147621684444889 0.2649815632825355 0.930276548126353
2 0.21601781346735846 0.758458144026389 0.1757308324403908 0.7375134928317858 0.1230532977742947 0.8388385910595986 0.16334027880126237 0.8597832422542019
2 0.646244720035911 0.13998452072059803 0.643378509492806 0.10881449222601013 0.5999405907884255 0.11280878503144208 0.6028068013315308 0.14397881352602998
3 0.24635416586538475 0.9444444447115384 0.18030181730769243 0.9444444447115384 0.18030181730769243 1 0.24635416586538475 1
2 0.703409477314261 0.650769193308855 0.6335768510163345 0.5820277435799415 0.6025124524488036 0.6135852470206026 0.67234507874673 0.6823266967495161
3 0.5454305722621208 0.1291714104693384 0.446533435770777 0.07625557440453602 0.40918425169534844 0.14605939174996216 0.5080813881866922 0.19897522781476454
2 0.1567708341346154 1.7080360424228615e-17 0.1221726201923077 1.4961830826195492e-17 0.1221726201923077 0.018518519230769248 0.1567708341346154 0.018518519230769248
2 0.7411458341346153 0.09444444471153855 0.7072916658653846 0.09444444471153855 0.7072916658653846 0.1296296298076924 0.7411458341346153 0.1296296298076924
2 0.38870036115244516 0.15883668750051586 0.35534257959154125 0.1341272187272599 0.33677895367801103 0.15918811274664513 0.37013673523891494 0.1838975815199011
2 0.7015379400169688 0.2908731839357771 0.6512128533144563 0.2562408644325801 0.6323679903563482 0.2836248045171075 0.6826930770588606 0.31825712402030454
2 0.6150702253356826 0.2792327283523473 0.5736750919890287 0.25393570507181495 0.5540671813334563 0.28602138041929054 0.5954623146801102 0.3113184036998229
2 0.7692137267386413 0.4291972958244256 0.7159315753725249 0.3857822099056112 0.6911256537849095 0.4162258412110731 0.7444078051510258 0.4596409271298875