2 0.9257861897279549 0.6371104335131333 0.8577602750938086 0.5826897018058164 0.8261884598968104 0.6221544708020641 0.8942143745309568 0.676575202509381
3 0.3391441993971911 0.16143790659282214 0.2503051255261869 0.09375099642147355 0.2087938870922102 0.14823449948546707 0.2976329609632144 0.2159214096568157
2 0.8269177426629236 0.5617547479243817 0.7584070795516601 0.506749769663712 0.7304545422360361 0.5415656522927403 0.7989652053472996 0.5965706305534101
2 0.21778058718626137 0.12272413611432129 0.1901071776111184 0.08810390128176306 0.16665797411019106 0.10684783574178493 0.194331383685334 0.14146807057434316
2 1.0262317320947523 0.726091427746559 0.948464864535777 0.6583760549384992 0.9164215324917081 0.6951758162908102 0.9941884000506833 0.7628911890988701
3 0.8592070225849403 0.33412630488574596 0.743334062478078 0.2655172999325974 0.6929976293033141 0.3505299235257265 0.8088705894101764 0.419138928478875
3 1.0269467495884628 0.4621959932651487 0.9057291658653847 0.40370370432692293 0.8695554073725227 0.47866906605721565 0.9907729910956007 0.5371613549954414
2 0.5219727621892413 0.4256682305255786 0.469274404214178 0.38308369123481134 0.44483146767791776 0.4133318198045354 0.49752982565298104 0.4559163590953027
2 0.47823255967756284 0.4532186009162347 0.4305541101356162 0.40852005876859654 0.40455395234599373 0.4362535630775434 0.45223240188794034 0.4809521052251816
1 0.38059522134184015 0.3858410051641392 0.23149514986464995 0.2472751950631255 0.18191122038554303 0.3006286696616962 0.33101129186273326 0.43919447976270987
2 0.36050524152798796 0.2851799799563917 0.3086377603774173 0.24108009446171821 0.28338705579667073 0.2707783675794271 0.33525453694724133 0.3148782530741006
3 0.1778183907465915 0.24748427634075487 0.13351846117158972 0.1758884177958809 0.0977755903961191 0.19800431514445885 0.14207551997112092 0.2696001736893328
2 0.15321120582270029 0.16612707393904935 0.12309626271132508 0.132247766196378 0.10221623575905515 0.150807791938569 0.13233117887043036 0.1846870996812403
1 0.3164428893803992 0.2613562879514287 0.18056578980775526 0.14678817077318967 0.13585281756244633 0.19981748758139742 0.27172991713509026 0.31438560475963645
0 0.30156250000000007 0.4305555552884615 0.28645833413461547 0.4305555552884615 0.28645833413461547 0.46388888942307693 0.30156250000000007 0.46388888942307693
2 0.31500006257610735 0.8323481480572134 0.2781890623892658 0.8173759821030042 0.23497583153253018 0.9236212811470038 0.2717868317193718 0.9385934471012128
2 0.45394531431449453 0.18394427856993914 0.4121785843828719 0.1494701569762014 0.3914794999571444 0.17454789729484851 0.43324622988876693 0.20902201888858626
2 0.258365659317052 0.20141762764828877 0.2344073299127642 0.18012132665359543 0.23072916586538467 0.18425925961538467 0.2546874952696725 0.205555560610078
2 0.22278864796698405 0.7677174048918427 0.18250166659388273 0.7467727519325742 0.13058203289679995 0.8466400221003041 0.17086901426990128 0.8675846750595727
2 0.08235241070568211 0.1631561488911782 0.05450355615338953 0.12552924496740117 0.02885869295671916 0.14450981447224986 0.05670754750901174 0.1821367183960269
3 1 0.4703703701923078 0.9197916658653846 0.4703703701923078 0.9197916658653846 0.617283951923077 1 0.617283951923077