2 0.9244346655630259 0.6256031044724067 0.8550185533312491 0.5702829848240957 0.8233506152333969 0.6100201574680558 0.8927667274651737 0.6653402771163669
3 0.33341503237299414 0.15403049945991737 0.24457595850198985 0.08634358928856882 0.20312848579394047 0.14074339983325912 0.29196755966494475 0.20843031000460768
2 0.8234285872565095 0.550936491135652 0.7561914715107468 0.49420517199769814 0.7264495991350574 0.5294547968223408 0.7936867148808199 0.5861861159602946
2 0.21205141910733707 0.11439080113705771 0.18437800720099595 0.07977056811860096 0.16092880710966975 0.09851450241435024 0.18860221901601085 0.133134735432807
2 1.0253020956346428 0.714730462804596 0.9455646115197675 0.6464778014760453 0.9138162827785297 0.6835683970572511 0.993553766893405 0.7518210583858019
3 0.504813751667853 0.16489438022780642 0.46228520990568295 0.055342403667176784 0.39534814818475533 0.08132765481652461 0.4378766899469254 0.19087963137715425
3 0.825434955824833 0.34078945943189576 0.724926303243608 0.23525537248203704 0.6753051099472966 0.282513651032875 0.7758137625285215 0.3880477379827338
1 0.8839608505104463 0.9367404073851973 0.6312500000000001 0.6462962956730772 0.5591742094898187 0.709008306647134 0.8118850600002651 0.999452418359254
3 0.03541666586538472 0.8475308629807692 1.037925958527993e-16 0.8475308629807692 1.1137597313610384e-16 0.9713768125000001 0.03541666586538473 0.9713768125000001
2 0.4393701086028078 0.41226249564536555 0.39624593974787486 0.37546320212920875 0.3718497305186151 0.4040525076755492 0.41497389937354795 0.44085180119170597
1 0.6941973023463566 0.5917324398822338 0.5010416658653847 0.41944444471153847 0.44278511490115346 0.484757069479931 0.6359407513821252 0.6570450646506264
0 0.6401041658653847 0.8259259254807693 0.6234375000000001 0.8259259254807693 0.6234375000000001 0.86759259375 0.6401041658653847 0.86759259375
2 0.3113283563097452 0.8242760580042242 0.2734043137340448 0.8087616768149133 0.22966168839662396 0.9156880933717146 0.2675857309723244 0.9312024745610257
2 0.9039773683378823 0.7655432806932824 0.8303866539370532 0.6961243698561006 0.7969307912327971 0.7315907983495819 0.8705215056336264 0.8010097091867636
2 0.21758031346735862 0.7603099949879274 0.1772933324403909 0.7393653437933241 0.12473744907512 0.8404564460666223 0.16502443010208773 0.8614010972612256
2 0.37075271269614024 0.41889012263873576 0.3287149521587367 0.376101684929124 0.3013790994285586 0.40295795948992247 0.34341685996596216 0.44574639719953424
3 0.669998961819531 0.2528648125730935 0.5203181120604247 0.1548282513253464 0.47327731394901124 0.2266494835783774 0.6229581637081176 0.3246860448261245
2 0.27970563717142183 0.07648007218786695 0.23829787651462978 0.054828952712464366 0.22347013755010878 0.08318699982507717 0.26487789820690083 0.10483811930047976
2 0.22103424794098575 0.30683866419987493 0.18880749296418153 0.24954665321976588 0.16032084596782223 0.26557039155880086 0.19254760094462645 0.3228624025389099
2 0.7094703213713568 0.13072709922651954 0.7072865537969067 0.09878952360811598 0.6640350427961894 0.10174689421125296 0.6662188103706395 0.13368446982965654
3 0.24895833413461552 0.9453703701923076 0.1844270841346155 0.9453703701923076 0.1844270841346155 1 0.24895833413461552 1
2 0.12611758860196656 0.1435015262252693 0.08912132337832832 0.10419300176215272 0.06643083142673162 0.12554876287915354 0.10342709665036987 0.16485728734227012
3 1.048987103573102 0.4709499228885997 0.9064895745021178 0.3783039074595793 0.8524901172052123 0.46135971078096905 0.9949876462761965 0.5540057262099894
2 0.6781215132131612 0.36203438205256827 0.6297492739842816 0.3251793390963348 0.6040518378540681 0.3589072207741745 0.6524240770829477 0.3957622637304079