3 0.7855531220410087 0.7693490906743892 0.6949446706607431 0.6873438628111874 0.6530322066131753 0.7336533916038668 0.7436406579934409 0.8156586194670686
2 0.23565542816841256 0.750470019633868 0.19812263967205845 0.7308138387997799 0.15222120826631358 0.818461013557351 0.1897539967626677 0.8381171943914391
1 0.24729717991132003 0.2539040185485185 0.12343842182263216 0.12849703080706776 0.07826214980411747 0.17311557278836517 0.20212090789280535 0.29852256052981596
3 0.275278465941823 0.5114652106998843 0.2346354171662284 0.47821180558656234 0.16068481725413253 0.5685958678794099 0.2013278660297271 0.6018492729927319
2 0.7163136810723884 0.17509413079242245 0.707138946698692 0.14068887391368343 0.6654182509890862 0.15181439180679307 0.6745929853627826 0.18621964868553206
2 0.8506448774249744 0.5739040373038792 0.778804003101604 0.5191681277944336 0.7500458328315465 0.556913222644548 0.8218867071549169 0.6116491321539935
0 0.032453929273658554 0.1711597917350771 0.021395663870946966 0.13839455965202677 0.010454438389153681 0.1420872231101065 0.02151270379186527 0.1748524551931568
2 0.049048149214142626 0.9167409302417054 0.012584479551950113 0.8980293101086546 -0.03145856829869839 0.9838567871695807 0.0050051013634941225 1.0025684073026315
2 0.2793724501406266 0.7794678626346244 0.24174638741193938 0.7610243725179718 0.18197566083131914 0.8829610067145043 0.21960172356000637 0.9014044968311569
3 0.4022613783416858 0.42518056958102757 0.37631295367236856 0.372356990446213 0.3027832879791958 0.4084768259902962 0.328731712648513 0.4613004051251109
2 0.24714918976577807 0.24064765822272569 0.21560280616333044 0.1918493611238807 0.19571789471046822 0.20470425733720668 0.2272642783129158 0.25350255443605163
0 0.8247194576605872 0.08948000097547198 0.8061448716128298 0.07957356137011688 0.7944570643129472 0.10148821396477052 0.8130316503607045 0.11139465357012562
2 0.15416698937138534 0.1094376993759268 0.12263849266727345 0.07278918345035779 0.100612701630647 0.0917378383294285 0.1321411983347589 0.1283863542549975
0 0.3501790352754657 0.8117129708793466 0.3363886779579268 0.8068647976681623 0.32058854640073403 0.8518073874533536 0.33437890371827295 0.856655560664538