3 0.9561204665278262 0.48395221670816596 0.8910404792290211 0.32968854218393273 0.8028332250752169 0.36690097730643634 0.867913212374022 0.5211646518306696
1 0.21663096033655738 0.15603325991475187 0.09197530908350779 0.05412498773298956 0.05330955520772247 0.10142148906096245 0.17796520646077207 0.20332976124272478
2 0.36647316524683704 0.05622634694443565 0.3343735954818098 0.03584567142394256 0.3189608962972724 0.06012067704110014 0.3510604660622997 0.08050135256159324
1 0.24032364184464264 0.2429811707495063 0.11347819838717635 0.11740417784075327 0.06787749307107091 0.16346549491654588 0.19472293652853717 0.2890424878252989
2 1.028984089671117 0.7194662533891866 0.9493451586989662 0.652047042747411 0.9162515460210883 0.6911388670299031 0.9958904769932393 0.7585580776716788
2 0.5143853781257431 0.3494225586028571 0.4903675423451301 0.3468244762528867 0.4824680912676748 0.41985053669991856 0.5064859270482879 0.42244861904988906
2 0.8293880027242649 0.5501405697907923 0.7593316629767208 0.498500123462235 0.731783700168248 0.5358721753919227 0.801840039915792 0.5875126217204799
0 0.1812766849191671 0.3159304908862304 0.17636411533797894 0.2809966829074563 0.1634680965476928 0.2828101865960917 0.16838066612888092 0.31774399457486585
2 0.4585049004147257 0.28510756870429355 0.4337683802012906 0.27961056579809374 0.42077818756920454 0.33806644950475795 0.4455147077826396 0.34356345241095776
3 0.31178453999408523 0.12308630065283727 0.22535758445594503 0.06399093017875597 0.1872272587186909 0.11975651622570083 0.27365421425683106 0.17885188669978216
2 0.27297992511052266 0.24381790941522308 0.2292363732015707 0.20752696663433087 0.2056368634236481 0.23597280743899343 0.24938041533260005 0.27226375021988564
2 0.5223970893257325 0.6399243293223427 0.5081808910968864 0.587502104761014 0.45194687174410725 0.6027520101782978 0.46616306997295326 0.6551742347396267
2 0.30054306926551383 0.22254968865362804 0.2584541808712371 0.18691888229334871 0.23727600832210985 0.21193559765482403 0.2793648967163866 0.24756640401510335
3 0.09209786394781282 0.1516924913343463 0.05364119397432761 0.08332509170140434 0.01882418315596924 0.10290966419785069 0.05728085312945445 0.17127706383079266
2 0.9303948711531033 0.6319448803602714 0.8614402716512894 0.5747381024965814 0.8288316944374194 0.6140430846346077 0.8977862939392333 0.6712498624982979
2 0.07362499717307644 0.08103704034134543 0.047784725092948954 0.04658333181129869 0.02678472185256487 0.06233332856250029 0.05262499393269235 0.09678703709254705
3 1 0.45740740625000015 0.9682291658653847 0.45740740625000015 0.9682291658653847 0.5546840961538463 1 0.5546840961538463
2 0.09062500000000001 9.21674288639732e-18 0.05989583413461538 7.335124155521751e-18 0.05989583413461538 0.01944444471153847 0.09062500000000001 0.01944444471153847