2 0.890252298808854 0.4465996592980038 0.819929957853607 0.4004506411127109 0.7928188977466124 0.44176274887733175 0.8631412387018594 0.48791176706262473
0 0.18912801008186042 0.31546203225125863 0.18233371083117084 0.2757746806620723 0.17146563549262586 0.27763524714414595 0.17825993474331542 0.31732259873333224
2 0.6581804706060596 0.7042064671521644 0.5826207469065304 0.6614656051763078 0.5543761754930698 0.7113979629565097 0.6299358991925991 0.7541388249323663
2 0.4577610349333811 0.34369987896324766 0.4242550915339921 0.32715121222338844 0.38881814096649003 0.39890010164309087 0.42232408436587904 0.4154487683829501
2 0.30404489700781784 0.03815325605818006 0.27530674667468663 0.007054963345372922 0.2522305107621619 0.028379874744892453 0.28096866109529317 0.05947816745769959
2 1 0.549074074519231 0.9802083341346154 0.549074074519231 0.9802083341346154 0.5945473245192309 1 0.5945473245192309
2 0.29663087223344053 0.20522785074380473 0.25629865842724464 0.16201476844055046 0.23166938840729354 0.18500208920985348 0.2720016022134894 0.22821517151310777
2 0.243847898911375 0.16372380610831108 0.2055876788956605 0.12485625738813658 0.1893198567831259 0.14086988504660042 0.22758007679884046 0.17973743376677492
3 0.2501159128494276 0.2205764350664256 0.20247434361449976 0.1358803160540386 0.17319640226877775 0.15234915885277853 0.22083797150370557 0.23704527786516552
3 0.23373181902465134 0.2652977395701037 0.18935052754513032 0.15258334905289864 0.13857663011102836 0.1725755712636927 0.1829579215905494 0.2852899617808978
3 0.17455320206610175 0.16944408996490312 0.08432454896233708 0.0830713662459074 0.04191486308663862 0.12737434374106377 0.1321435161904033 0.21374706746005948
2 0.8188240377371786 0.5416663080526851 0.7597030656154862 0.4850718861178836 0.7287141119847901 0.5174442825669794 0.7878350841064825 0.574038704501781
2 0.9104704334868926 0.6230279036061087 0.8446078407820946 0.5507848750116113 0.8089067093376255 0.5833329163267927 0.8747693020424234 0.6555759449212901
2 0.8836286600028566 0.5076746756497195 0.8174563847735571 0.4518418157407258 0.7843265715563839 0.4911067776659331 0.8504988467856833 0.5469396375749268
2 1.0223873754483594 0.6959585526056448 0.9308051251812842 0.6482001054764317 0.9048341506240044 0.6980024008724596 0.9964164008910795 0.7457608480016726
3 0.07942808392678759 0.10634819032624236 0.0324762357711349 0.06012996265534957 0.007617212306603436 0.08538357262316645 0.05456906046225613 0.13160180029405927
1 0.16006416155105746 0.0899508356963028 0.025961341168859405 -0.01841507455415943 -0.01337779355397221 0.03026710700583424 0.12072502682822582 0.13863301725629645
2 0.47778759502991713 0.2109801917188739 0.45520628199012536 0.20928659431567326 0.45075756748449486 0.26860282536707675 0.47333888052428663 0.2702964227702774