2 0.9225864991184513 0.6256256988244091 0.8530418328840669 0.5692308027455342 0.821547993490456 0.6080681568565282 0.8910926597248404 0.6644630529354031
3 0.33180641219096757 0.1550692625077193 0.24415627438505666 0.08581483596592229 0.20161772486447646 0.13965269029126506 0.28926786267038734 0.20890711683306204
2 0.8219128936186634 0.551445157490419 0.7534172541609969 0.49376463476265153 0.7249401565477029 0.5275811974198057 0.7934357960053694 0.5852617201475732
2 0.2099680860138656 0.1171685793591588 0.18229467761111845 0.08254834599330153 0.15884547411019106 0.1012922804533234 0.18651888251293824 0.13591251381918068
2 1.0247106856524166 0.7165780075267068 0.9430060515577214 0.6464560257738209 0.9112261549041768 0.6834852819747586 0.992930788998872 0.7536072637276446
3 0.30989583413461536 3.4156164632469147e-17 0.2479166658653846 3.036103513073271e-17 0.2479166658653846 0.05092592548076927 0.30989583413461536 0.05092592548076927
3 0.7402475216300013 0.15633486023968557 0.7074515086097042 0.15422654514591252 0.6993453139307104 0.2803229085512394 0.7321413269510075 0.28243122364501244
2 0.7076682913848015 0.6664071242981824 0.6535017334315008 0.6123497773128377 0.622118147997604 0.6437967663714832 0.6762847059509048 0.6978541133568279
1 1.061749254854012 0.9324617521546389 0.796354165865385 0.6898148149038463 0.7235382647723243 0.7694572071356764 0.9889333537609513 1.012104144386469
2 0.30924502217512967 0.8252019834849934 0.2713209816586532 0.8096876031380924 0.22757835632123252 0.9166140196948939 0.265502396837709 0.932128400041795
2 0.21653864796698422 0.7621618496033811 0.17625166659388294 0.7412171966441126 0.12357412858170512 0.84254229364164 0.16386110995480638 0.8634869466009086
2 0.6220938591158348 0.6725289918912494 0.5664129340071401 0.6177180784140146 0.5346790415859892 0.6499556817526888 0.5903599666946839 0.7047665952299235
3 0.42857989047799244 0.09152991770858529 0.3022541069036277 0.02665149262835911 0.26586304634233976 0.09750908873711527 0.39218882991670456 0.16238751381734143
2 0.22436273113732177 0.49644426679681 0.19388000216640514 0.4855964599446078 0.16082751013264573 0.5784751560908188 0.19131023910356237 0.589322962943021
2 0.6493697186209257 0.14183637487051684 0.6464278156636014 0.10984316397963764 0.6029898974978678 0.11383745327894065 0.6059318004551921 0.14583066416981985
3 0.24635416586538475 0.9481481490384615 0.18239850480769246 0.9481481490384615 0.18239850480769246 1 0.24635416586538475 1
2 0.27564086533597665 0.26881149126894566 0.23171421172008305 0.22433575619345847 0.20622572734073225 0.24950956889437406 0.2501523809566258 0.2939853039698613
3 0.8771986397840801 0.35386118779264997 0.7527772458486274 0.27718074211230037 0.7043902252804488 0.3556933341305156 0.8288116192159015 0.43237377981086517
2 0.28418803365384615 0.09177350480769234 0.24905181619822486 0.06834935983727813 0.23521634652366863 0.08910256434911248 0.2703525639792899 0.11252670931952667
2 0.8102831188615786 0.41958689055625087 0.751762818132681 0.3805733642395884 0.7278311962587877 0.416470803953782 0.7863514969876853 0.4554843302704445
2 0.9578125 0.10833333413461549 0.9223958341346153 0.10833333413461549 0.9223958341346153 0.14351851923076933 0.9578125 0.14351851923076933