0 0.5673278314535479 0.09131171391659251 0.5640941031686719 0.05681850773662557 0.545765608456459 0.05853679891143971 0.5489993367413349 0.09303000509140666
2 0.8771367770801006 0.4577227826337308 0.8081492873889722 0.41244976024757823 0.7813401821470275 0.4533017461329457 0.8503276718381559 0.4985747685190983
2 0.005729165865384623 0.05610021875 6.870295332365383e-18 0.05610021875 8.112618112302305e-18 0.07638888942307692 0.005729165865384624 0.07638888942307692
0 0.2004726690220561 0.340522686479952 0.1966510338624576 0.3048541048857648 0.18475878192551687 0.30612827520871433 0.18858041708511536 0.34179685680290156
3 0.9701701734044798 0.45591026710320204 0.8896157806584271 0.4017235282430513 0.8525408934995576 0.45683932011454687 0.9330952862456103 0.5110260589746976
2 0.9865972455677533 0.5515432232071047 0.925254030959707 0.5019729607356185 0.8973133742849709 0.5365495317125019 0.9586565888930173 0.5861197941839881
2 0.3033373794046126 0.22486792056304178 0.2623508366202347 0.18205162199249722 0.23747041853761955 0.20586877467224474 0.27845696132199743 0.24868507324278927
2 0.2516459369161328 0.16848314784813795 0.2087635355606294 0.14528107661484124 0.19381820625071483 0.17290324893789646 0.23670060760621825 0.1961053201711932
3 0.26755671802299896 0.25378614227114704 0.2258421958511906 0.1683907570311361 0.1923464449535002 0.18475299065249587 0.23406096712530855 0.2701483758925068
3 0.24488676275216129 0.2894921010286428 0.2014266981605147 0.17657022151319743 0.1501894007161704 0.19628983888042367 0.19364946530781704 0.3092117183958691
3 0.1823998263909799 0.18898872768635314 0.09025448125296301 0.10393148853697766 0.04849906797516704 0.14916652092623778 0.14064441311318396 0.23422376007561324
2 0.8219490377371786 0.5620366782449929 0.7617695824885667 0.504429007736192 0.7307806288578705 0.5368014041852878 0.7909600841064824 0.5944090746940888
2 0.9141162658041542 0.6452501278068176 0.8482536751352663 0.5730070967566087 0.8125525423353047 0.6055551371950736 0.8784151330041927 0.6777981682452824
2 0.8810975867172975 0.5257488446710771 0.8148794389624272 0.46998619308353484 0.7833769473653424 0.5073954012871194 0.8495950951202128 0.5631580528746617
2 1.0225051777555103 0.7091941698712406 0.9353927129842501 0.6663185085859141 0.9102826261746217 0.717335833731069 0.9973950909458821 0.7602114950163956
3 0.08743180550331048 0.1271793981916753 0.04110327520417857 0.0801154966584195 0.016635409491852785 0.10420105312694965 0.06296393979098469 0.15126495466020548
1 0.20261804794973207 0.1385107217223004 0.06773854896405862 0.024927956418977767 0.02903274247853829 0.07089108975757674 0.16391224146421174 0.1844738550608994