3 0.5579848235985717 0.6901142943201032 0.547969286749412 0.618892702372417 0.46982707856255057 0.6298814509269998 0.47984261541171025 0.7011030428746859
2 0.7827650704285832 0.751910870273198 0.7191081540633701 0.7007580011693034 0.6886195764379265 0.7386993497191819 0.7522764928031396 0.7898522188230767
2 0.23930126201371665 0.7578774252139675 0.2021772024330872 0.7384352994092163 0.1562757710434033 0.8260824780593187 0.1933998306240327 0.8455246038640699
1 0.25109131316698735 0.2617907238842298 0.12339856484494297 0.1392777547209333 0.08035787230420785 0.1841381834391781 0.2080506206262522 0.30665115260247455
3 0.4548323160135335 0.40750451924006426 0.44270748764495516 0.35092197519487467 0.37332401866767917 0.36578985834085304 0.3854488470362575 0.4223724023860426
2 0.7163357852092761 0.18583741925904979 0.7086887260463801 0.1514256530260181 0.6664460791572397 0.16081290789027153 0.6740931383201357 0.19522467412330322
2 0.9622964306455141 0.6855875153765791 0.8859739606294034 0.6140351852884117 0.8534624769503018 0.6487140942103148 0.9297849469664125 0.7202664242984821
2 0.16470511503876947 0.6754505156404101 0.12678976231078626 0.6553535555817102 0.0701485678543295 0.7622140389820918 0.10806392058231272 0.7823109990407919
2 0.2982239051068674 0.49601479671276844 0.27006097142664776 0.47454055882703994 0.21692088682463848 0.5442324699612766 0.24508382050485814 0.5657067078470052
2 0.28157583416661436 0.789681358056247 0.24394977238796967 0.7712378684052847 0.18510066083131915 0.8912943408491196 0.22272672260996382 0.9097378305000816
3 0.5864641788371169 0.37603883930369625 0.5230848332188256 0.3565086090093087 0.5061749909315255 0.4113842926301815 0.5695543365498168 0.430914522924569
2 0.20428372243633305 0.1991498037080116 0.1653176707213651 0.15681631579513147 0.15260416586538456 0.16851851923076921 0.19157021758035248 0.21085200714364932
0 0.9692994276478563 0.14467749662850127 0.9574098118543647 0.11777573388671417 0.9370864657664563 0.1267579250889304 0.9489760815599477 0.1536596878307175
2 0.043040799904309375 0.022616254639724723 0.01399505600276468 -0.01180832907004083 -0.0063890478817842196 0.005390759409426562 0.022656696019760468 0.03981534311919212