3 0.9977543821798955 0.41232551244243515 0.8660036332079076 0.3382157417990832 0.8118647959743236 0.4344625968638965 0.9436155449463116 0.5085723675072484
1 0.09455287034610894 0.05175164313183671 0.013241182634750851 -0.015911988247915683 -0.02470976803042709 0.029693838485166154 0.05660191968093101 0.09735746986491854
2 0.36664701184604626 0.5117026671830884 0.3341051175382159 0.4915204336349988 0.2956408349937646 0.553540358942351 0.328182729301595 0.5737225924904407
1 0.24201768571843643 0.24074391926117972 0.11556153092650787 0.11555232542623108 0.06996082352817522 0.16161364581318516 0.19641697832010377 0.2868052396481338
2 0.6383015149507683 0.190667499980512 0.6205060406142198 0.16140763232730215 0.5798843813446688 0.18611320186736138 0.5976798556812171 0.21537306952057123
2 0.8306442740752064 0.5480810620567699 0.7626836518941699 0.4943838061494824 0.7343579871383177 0.530233492841534 0.8023186093193542 0.5839307487488214
0 0.18023501627751243 0.30944901109139705 0.17532245049024417 0.27451520237969357 0.16242643302508247 0.2763287044433876 0.16733899881235073 0.31126251315509107
2 0.22218968681511064 0.7583347615408947 0.18077058733511092 0.73667723933632 0.12420955306360966 0.8448478362796827 0.1656286525436094 0.8665053584842575
2 0.5802827109927124 0.35875803865179506 0.5523248052668196 0.33485402866097574 0.511282271233476 0.3828569912474485 0.5392401769593691 0.40676100123826775
2 0.273500757083872 0.2419660586549362 0.2297572037510811 0.20567511469278518 0.20615769613442453 0.23412095289235 0.24990124946721542 0.270411896854501
0 0.46200680777004544 0.02204953544501624 0.4545033006946638 -0.0012171582178901975 0.440149012500229 0.0034120987186346563 0.4476525195756106 0.026678792381541097
2 0.29806429247947663 0.22210764677331177 0.25903511944067265 0.1824589563796986 0.23641887487917504 0.2047218183737682 0.27544804791797906 0.24437050876738134
0 0.690795384504272 0.910053689280415 0.6724214284223505 0.8643229662040404 0.6524337840591495 0.8723537182893982 0.6708077401410708 0.9180844413657728
2 0.9424880297696474 0.6353368644843431 0.8722613419771448 0.5789541469726592 0.8397302455100941 0.6194727891375378 0.9099569333025967 0.6758555066492218