3 0.7642811663001657 0.7422916072549277 0.6724285872728462 0.6742526572104016 0.6343048794362868 0.7257196608102573 0.7261574584636062 0.7937586108547833
2 0.23617626230302796 0.750470019633868 0.19864347192022272 0.7308138378118324 0.15274203999708286 0.818461013557351 0.19027483037988807 0.8381171953793866
1 0.24729717991132 0.2548299440292878 0.12343842182263226 0.12942295628783693 0.07826214980411744 0.1740414982691344 0.20212090789280518 0.29944848601058527
3 0.29123349915468605 0.49167526325109306 0.25206528482440305 0.45962854092271205 0.17934715287756678 0.5485062535513465 0.2185153672078498 0.5805529758797274
2 0.7163136810723884 0.17509413079242245 0.707138946698692 0.14068887391368343 0.6654182509890862 0.15181439180679307 0.6745929853627826 0.18621964868553206
2 0.8542907094999754 0.5766818091299004 0.7824498326510659 0.5219459055908366 0.7536916632060263 0.5596910048021193 0.8255325400549359 0.6144269083411831
0 0.02880809513904316 0.16930793836969246 0.017749830464667597 0.1365427084446749 0.006808604254538293 0.14023537214856802 0.017866868928913857 0.17300060207358559
2 0.07717314921414274 0.8667409302417054 0.03830405515971336 0.8467949475800531 -0.02965450049899437 0.9792270035238271 0.009214593555435012 0.9991729861854795
2 0.2798932842752419 0.7803937881153936 0.24226722154655472 0.761950297998741 0.18249649496593445 0.8838869321952735 0.22012255769462163 0.9023304223119261
3 0.4171895516185501 0.41709779487617615 0.3924355845074132 0.3648823907314454 0.3192019296266026 0.399600564688754 0.3439558967377395 0.45181596883348474
2 0.24475980601387415 0.2407823540962937 0.21400397911679525 0.19157303389996658 0.1957351480801805 0.20299105395658265 0.22649097497725934 0.2522003741529098
0 0.8340944576605872 0.09410963078316484 0.8155198716128299 0.08420319117780933 0.803832064312947 0.10611784377246287 0.8224066503607043 0.11602428337781838
2 0.1463544906566801 0.10388214216056789 0.11482599086536077 0.0672336282432248 0.0928002012918526 0.08618228475732613 0.12432870108317194 0.12283079867466921
0 0.3427662041855205 0.8240740750848417 0.32778798981900464 0.8203295214932127 0.31522671535633495 0.8705746193438915 0.3302049297228508 0.8743191729355204