2 0.9030364232213385 0.4561843773865606 0.8330408425460258 0.4043358240357515 0.8031840427194396 0.4446425231798632 0.8731796233947521 0.49649107653067226
0 0.18964884456150494 0.3145361065276581 0.18285454087104863 0.27484875517208185 0.1719864687836678 0.27670932232431794 0.1787807724741241 0.31639667367989416
2 0.3161332707749323 0.7941192463434924 0.2724214953428858 0.7763613368354052 0.22705432497321132 0.8880343669453672 0.27076610040525784 0.9057922764534544
2 0.24440884469924884 0.6990554981969775 0.1986756008955418 0.6751946766895297 0.13789468775474706 0.7916914334509116 0.18362793155845408 0.8155522549583595
2 0.4536458341346154 0.2148148149038462 0.43229166586538464 0.2148148149038462 0.43229166586538464 0.2694444447115385 0.4536458341346154 0.2694444447115385
2 0.2971379643573732 0.203177204981819 0.25620745017594576 0.16159697482540586 0.23207022408512756 0.18535704231647473 0.273000738266555 0.2269372724728879
2 0.2433270692461108 0.1609460160382835 0.20506683972595321 0.12207848328975214 0.18879901535162594 0.13809212373310892 0.22705924487178353 0.1769596564816403
3 0.2509816743023356 0.21736128370069885 0.20220444551937083 0.13684014182527038 0.17257306234522896 0.15478992150520643 0.22135029112819365 0.2353110633806349
3 0.2337928726570112 0.2633316085069373 0.1890910767721071 0.15125872562460257 0.1385845956732199 0.17140392356082065 0.18328639155812398 0.2834768064431554
3 0.174032370640802 0.16666631449177416 0.08380371739196842 0.08029358540901625 0.04139402920023713 0.12459656264360675 0.1316226824490707 0.21096929172636464
2 0.8188240377371787 0.5370366782449929 0.7597030656154858 0.4804422563101915 0.7287141119847901 0.5128146527592874 0.7878350841064828 0.5694090746940887
2 0.9109912670009573 0.6174723502734073 0.8451286751352662 0.5452293179104549 0.8094275423353048 0.5777773583489197 0.8752901342009959 0.6500203907118721
2 0.8841494931378121 0.5048968979883484 0.8179772179085127 0.44906403807935386 0.784847403506557 0.4883290014087472 0.8510196787358564 0.5441618613177417
2 1.0228347399925295 0.6973686121253068 0.9333020009392701 0.6405224389067008 0.9054693580055384 0.6843588594756886 0.9950020970587978 0.7412050326942947
3 0.07890725219601837 0.10634819032624236 0.031955402819515887 0.06012996145357555 0.007096378171988049 0.0853835726231665 0.05404822754849053 0.1316018014958333
1 0.131384452048538 0.06644145416911265 0.022903658323176382 -0.026681057046963774 -0.019754703580362767 0.02301275917306914 0.08872609014499885 0.11613527038914556
3 0.42000358974736446 0.07889206427127611 0.36226291538774724 0.02756705296771804 0.32065372894780214 0.07437741741922894 0.3783944033074193 0.125702428722787
2 0.37812006374902624 0.5014884975172819 0.34422581969603705 0.4776566096986204 0.2986901325481576 0.5424184827426115 0.3325843766011468 0.5662503705612729