2 0.1680816132133273 0.6210922482103208 0.13180260413268194 0.6010254217393687 0.07500703019890026 0.7037066875322832 0.11128603927954561 0.7237735140032353
2 0.3988942604832152 0.40808124514840327 0.3788731334184613 0.36491068783952 0.3210839213799123 0.3917114805399126 0.3411050484446662 0.4348820378487958
2 0.5562656685090602 0.3767125538454191 0.49392960971550265 0.36969975289533347 0.4886131923141438 0.41695683463214706 0.5509492511077013 0.42396963558223266
2 0.7353310855577242 0.4754946990407386 0.6662126252798157 0.4263437910004456 0.6357764158004051 0.4691447080086962 0.7048948760783136 0.5182956160489892
2 0.8166793597367307 0.46852604530433634 0.7648630521273163 0.43782007722557953 0.742392660114226 0.4757388538512845 0.7942089677236405 0.5064448219300413
2 0.9016217386454032 0.537094618242461 0.8451530128884811 0.5002170859850756 0.8227210052476231 0.5345661004149961 0.8791897310045453 0.5714436326723814
2 0.855341284032908 0.4046374887097536 0.8066431208055468 0.3678433231855767 0.782983764418892 0.3991571791395746 0.8316819276462533 0.4359513446637514
3 0.7256538998803361 0.23171103420739433 0.6861074606199506 0.17306546494819824 0.5932652364285294 0.2356717185179749 0.6328116756889147 0.294317287777171
2 0.5286458341346154 0.2759259254807693 0.4864583341346154 0.2759259254807693 0.4864583341346154 0.3157407403846154 0.5286458341346154 0.3157407403846154
2 0.7022785547101908 0.1472164600906017 0.6935302844393042 0.1144104437357947 0.6561102478219657 0.12438911930354564 0.6648585180928523 0.1571951356583526
2 0.6462683836732681 0.15082924678299456 0.6392340686404544 0.11917483598364303 0.594730391167113 0.12906454422842997 0.6017647061999267 0.1607189550277815
2 0.596378926257881 0.6253097251497377 0.5338682314156606 0.6227981310577342 0.5315129383529771 0.6814186726389432 0.5940236331951975 0.6839302667309467
3 0.47384791004008614 0.6533787525733784 0.431475936367062 0.604601712368898 0.3509311221540832 0.6745699337497738 0.3933030958271073 0.7233469739542542
2 0.22652750029645674 0.7485908666708594 0.184874713309001 0.7255390721785772 0.13040329142509854 0.8239646647455096 0.17205607841255427 0.8470164592377917
2 0.3109105605198699 0.8361161002909056 0.2702825659878835 0.8187041028735158 0.22350335225633727 0.927855603079791 0.2641313467883236 0.9452676004971808
2 0.12422592925675377 0.9237484183061545 0.07945909360637252 0.9048624065652106 0.0397163741154389 0.9990673565649343 0.08448320976582015 1.0179533683058783
3 1 0.6074074062500001 0.9354166658653846 0.6074074062500001 0.9354166658653846 0.7602292764423078 1 0.7602292764423078