2 0.12472560878656423 0.17362691847161454 0.09843280976776406 0.13077939451922224 0.072050695977781 0.14696841903186064 0.09834349499658118 0.18981594298425294
3 0.7215678126583691 0.3166116937079128 0.6482812203656549 0.2712307370718196 0.6151304376062241 0.32476658295001026 0.6884170298989383 0.37014753958610347
2 0.32892552681650256 0.8245556210938211 0.29124896512096676 0.8073185937496802 0.24648889588077544 0.9051548085769283 0.2841654575763112 0.9223918359210692
2 0.2753819831487137 0.9372908183928161 0.22142449247729035 0.9159742891166391 0.1882291658653847 1.0000000000000002 0.24218665653680807 1.0213165292761772
0 0.49067499538490633 0.6585913464232067 0.47135416586538464 0.6185185192307692 0.4532429109588895 0.6272507323774131 0.4725637404784112 0.6673235595698507
3 0.3919055336915625 0.04274829777963463 0.34751396409220175 0.013811571182624292 0.32159074796802145 0.05358014172075536 0.3659823175673823 0.08251686831776571
2 0.12390720444419824 0.11060554299853911 0.0954307545490347 0.0733030500662707 0.07112697123851114 0.09185638024078967 0.0996034211336747 0.12915887317305808
2 0.7578125 0.13796296394230778 0.7177083341346153 0.13796296394230778 0.7177083341346153 0.17500000000000007 0.7578125 0.17500000000000007
2 0.43742411896151534 0.137356781777026 0.4062986967766149 0.10573729647647655 0.3822276031341376 0.12943227268981036 0.41335302531903817 0.1610517579903598
2 0.9025236708011223 0.7725359890776853 0.8289303357615366 0.7005425084253131 0.7952352744694449 0.7349863485116386 0.8688286095090305 0.8069798291640109
3 0.46089293594541925 0.4602664513760621 0.35395419763766195 0.34882073078052084 0.30401272336063284 0.3967425192518539 0.41095146166839014 0.5081882398473951
2 0.8271573688648439 0.5611107610625081 0.7669779226651497 0.5035030787634885 0.7359889616574714 0.5358754714257384 0.7961684078571655 0.5934831537247579
2 0.9203662664247048 0.6443242003702884 0.8545036737199067 0.5720811717757909 0.8188025434722407 0.6046292119998697 0.8846651361770388 0.6768722405943671
2 1.0270611899480977 0.7226687843982457 0.9456188189657839 0.6623410998688277 0.9154298614722395 0.7030961909176087 0.9968722324545533 0.7634238754470265
3 0.22634219394673283 0.25474669461961896 0.18133870388291956 0.19759941601156641 0.15272778327889253 0.22013052007254696 0.19773127334270577 0.27727779868059954
1 0.5589658381190127 0.46371106196592965 0.3750732806957131 0.28334135715340786 0.31689451000367924 0.34265643415828567 0.5007870674269788 0.5230261389708075