2 0.6137233813423896 0.38086817553125724 0.5531769539665204 0.35117490189399353 0.5340664453183156 0.39014241481019746 0.5946128726941847 0.41983568844746116
2 0.7929330001298074 0.5093338920891229 0.7340267333175003 0.4627906711664365 0.7053007011074641 0.4991470574301668 0.7642069679197712 0.5456902783528531
2 0.8201486278394754 0.45785120141235025 0.7686187760821066 0.41986713667839154 0.7439183711344862 0.45337614142058136 0.7954482228918549 0.49136020615454
2 0.8510550212086874 0.3834579753599842 0.8044738256942863 0.3524038465100373 0.7828392098390956 0.38485577185301223 0.8294204053534966 0.41590990070295913
2 0.9498563219494589 0.6424648749820284 0.8702586177920342 0.5717113671912517 0.8383045980271594 0.6076596429913182 0.9179023021845841 0.678413150782095
2 0.9423045408339781 0.12409984970450119 0.891268443130116 0.12203778071664986 0.8898661108705164 0.1567454295081587 0.9409022085743785 0.15880749849601003
2 0.6437115293624274 0.1358361572517146 0.6426359549124598 0.10135053487000359 0.598495711160188 0.10272722797038568 0.5995712856101555 0.13721285035209668
2 0.7001942805475918 0.1317019856363739 0.6969561757929745 0.09716216920605197 0.6603852403096119 0.10059069119337544 0.663623345064229 0.13513050762369733
3 0.4272500793422192 0.22355731605321297 0.34003819595816115 0.14808549238672855 0.2921460880531232 0.20342748263845886 0.3793579714371813 0.2788993063049433
2 0.2480068971698876 0.13871945883194117 0.21824296276221225 0.10908780818644173 0.1982061236635599 0.12921409719423999 0.22797005807123527 0.15884574783973943
2 0.2238063802238046 0.7294092603075529 0.18182731209982736 0.708747686650985 0.13208326144569404 0.8098149589644195 0.1740623295696713 0.8304765326209874
2 0.306584996980501 0.8109148228349696 0.2685656175590939 0.7950281531285414 0.2244721529297203 0.9005509714867664 0.2624915323511274 0.9164376411931948
3 0.2433293891000966 0.9387097591391627 0.17759690087590943 0.9348848081889505 0.17380787019230778 1 0.239540358416495 1.0038249509502122