2 0.9234924531823163 0.6245085006845799 0.8539477869479319 0.5681136046057049 0.8222075920457101 0.607254757691652 0.8917522582800945 0.663649653770527
3 0.33185253237299395 0.15310457397914823 0.2430134585019898 0.08541766380779964 0.20156598579394042 0.1398174743524899 0.29040505966494456 0.2075043845238385
2 0.8226364949058582 0.5520657765328822 0.7553520141995562 0.492257342337419 0.7254669537422255 0.5258780314726058 0.7927514344485274 0.585686465668069
2 0.20996808737656786 0.11439080113705773 0.1822946754702267 0.07977056811860095 0.15884547391219972 0.098514503586746 0.18651888581854084 0.13313473660520278
2 1.0248457983642203 0.7153210403336754 0.9435268840924761 0.6455300994694452 0.9117469868566451 0.6825593572338998 0.9930659011283893 0.7523502980981299
3 0.3629479716364151 0.066078148802021 0.3255309911595615 -0.01856694600695641 0.2684556387143903 0.006662954827462785 0.305872619191244 0.09130804963644018
3 0.7501317665918662 0.3030738532227656 0.7249525129618983 0.16607158679172568 0.6843379920739608 0.1735360131047878 0.7095172457039287 0.3105382795358277
1 0.9260466274038461 1.0000000000000002 0.8182291658653846 0.8675925937500002 0.746263316558588 0.926193357932844 0.8540807780970495 1.058600764182844
2 0.6377427268819856 0.6017213136247027 0.588039516547057 0.5517962146574215 0.5593010922273567 0.5804069130476761 0.6090043025622853 0.6303320120149573
1 0.9646806511662956 0.8400289918222398 0.7140625000000002 0.6101851850961539 0.6437900334664709 0.6868092016027936 0.8944081846327665 0.9166530083288793
2 0.30924502217512967 0.8242760580042243 0.2713209816586533 0.8087616776573233 0.22757835632123255 0.9156880942141246 0.265502396837709 0.9312024745610257
2 0.2160178134673586 0.7603099949879275 0.17573083244039095 0.7393653437933243 0.12305329777429463 0.8406904420211371 0.1633402788012623 0.8616350932157404
2 0.5578124507654783 0.6103955655144054 0.5077305227654029 0.5577842551709151 0.47670758093164367 0.587315713884357 0.526789508931719 0.6399270242278472
3 0.4803129485467777 0.12709175345042498 0.34727821098182415 0.05289372943888467 0.30828278369146717 0.12281131154321405 0.4413175212564208 0.19700933555475433
2 0.2331491320121835 0.42285686132786393 0.20537352918361482 0.419136913999265 0.1934490994786056 0.5081726433218808 0.22122470230717434 0.5118925906504798
2 0.6540572200359112 0.13998452072059803 0.6511153148059281 0.10799131280098576 0.6076773961015476 0.11198560560641775 0.6106193013315308 0.14397881352603
3 0.24635416586538475 0.9462962956730769 0.18155715865384628 0.9462962956730769 0.18155715865384628 1 0.24635416586538475 1
2 0.2401544537101359 0.23569284633795048 0.19597341917592764 0.19642081752895482 0.17321479882454494 0.22202426665519534 0.2173958333587532 0.26129629546419103
3 0.9181505245648203 0.3798965332485288 0.7889383040638366 0.298480113622435 0.7385332160353457 0.37847568919084856 0.8677454365363295 0.4598921088169424
2 0.356462529961665 0.1378565214100272 0.3219185767284018 0.11113894081364742 0.30065754225851765 0.1386279635479137 0.33520149549178085 0.16534554414429348
2 0.9169013913020501 0.4973209732640774 0.8550503523171381 0.4486133033468066 0.8277472240684195 0.48328395896613363 0.8895982630533315 0.5319916288834043
2 1 0.1194444447115386 0.9661458341346154 0.11944444471153859 0.9661458341346154 0.1500000000000001 1 0.15000000000000013