3 0.9591743489090582 0.4767935259145509 0.8932492070629112 0.3242726416748945 0.8052308425186574 0.3623174195856239 0.8711559843648042 0.5148383038252803
1 0.153498118740067 0.09411746500844548 0.031848596338144054 0.0016559919635811464 -0.007007960135302604 0.052778706987649034 0.11464156226662035 0.14524018003251338
2 0.46622800259830244 0.32019183130980766 0.43790039645531803 0.3071546942777686 0.41348286404340145 0.36021007288186574 0.44181047018638586 0.3732472099139049
1 0.24188614173454395 0.23835154007753592 0.11504069680784539 0.11277454897441475 0.06943999059626169 0.1588358681505535 0.19628543552296027 0.28441285925367465
2 1.0312622224632262 0.7068605432205833 0.9516971057304782 0.6502809073752484 0.9194242306522444 0.6956646401359247 0.9989893473849925 0.7522442759812596
2 0.5864004632662257 0.228182866519765 0.5622974533128005 0.20407986004273507 0.5243344911733776 0.2420428276575854 0.5484375011268029 0.26614583413461534
2 0.830429668028857 0.5436590917405127 0.7603733306817624 0.49201863929512535 0.7328253660684881 0.5293906879659682 0.8028817034155827 0.5810311404113556
0 0.18075585028931468 0.30759716024269035 0.17584328512286954 0.2726633514110529 0.16294726787454633 0.27447685320884757 0.16785983304099147 0.30941066204048495
2 0.3005718348541397 0.622131554697368 0.2633809357906395 0.6012116732061117 0.21311510902937617 0.6905731397231599 0.25030600809287634 0.7114930212144164
2 0.7408134111520971 0.2167661092368742 0.7174516910493114 0.19110993290813993 0.67928509427398 0.2258632546703764 0.7026468143767656 0.25151943099911067
3 0.1078125 9.760003860541581e-18 0.05158045913461539 6.316784417775759e-18 0.05158045913461539 0.02685185096153847 0.1078125 0.026851850961538474
2 0.2735007582651308 0.23826235530802037 0.22975720493233995 0.20197141134586932 0.20615769613442458 0.23041725096927307 0.24990124946721542 0.26670819493142406
2 0.3000222351308984 0.21606820788439732 0.25793334673662177 0.18043740152411797 0.23675517537293353 0.20545411548529338 0.2788440637672101 0.24108492184557273
2 0.9329990379984954 0.6254633984097817 0.8640444384966817 0.5682566205460917 0.8314358603028045 0.6075616038653769 0.9003904598046181 0.6647683817290668