3 0.5800095610436802 0.6918366278060292 0.5759490225439687 0.6196493063732039 0.49890113960806404 0.6239832515698495 0.5029616781077755 0.6961705730026746
2 0.8243390773976041 0.789227346395919 0.7578160956221657 0.7300957851093194 0.7242528717679126 0.7678543979414723 0.790775853543351 0.8269859592280718
2 0.23878042816841252 0.7560255749223295 0.20165636950751098 0.7365834487289917 0.15575493810176613 0.8242306234865626 0.19287899676266768 0.8436727496799004
1 0.25048996615549013 0.2607668824258797 0.12480683369522631 0.136205917322906 0.0799676253176446 0.18144908127297746 0.20565075777790845 0.3060100463759512
3 0.43323072902826765 0.411325587537347 0.41522726847514224 0.3562603070072361 0.34308556152029784 0.37984686396096784 0.36108902207342325 0.4349121444910787
2 0.7158149505656108 0.1849114914875566 0.7081678920248868 0.15049972805429865 0.6666176477658371 0.15973311566742082 0.674264706306561 0.19414487910067876
2 0.9365236638597285 0.6621525431149757 0.8637123948968293 0.5938919646788727 0.8314698102973263 0.6282840479737865 0.9042810792602255 0.6965446264098895
2 0.13301479738346916 0.731205994929309 0.0938707043049367 0.7107384926409289 0.033888813010056 0.8254538449487782 0.07303290608858845 0.8459213472371581
2 0.27090550885911846 0.5280326665946414 0.24073489001728607 0.5091760298184962 0.18948710047536735 0.5911724930855662 0.21965771931719974 0.6100291298617114
2 0.2810550008306156 0.7887554284841334 0.24342893622363573 0.7703119388422539 0.18457982713147436 0.8903684153420695 0.2222058917384542 0.9088119049839489
3 0.5559673776341905 0.364069021687195 0.4927167296372871 0.35328656396556735 0.48262681854454414 0.41247468520132513 0.5458774665414475 0.4232571429229528
2 0.21332345960251212 0.20730717382236172 0.17364302672004608 0.16422391401495068 0.1609375 0.1759259254807693 0.20061793288246604 0.21900918528818034
0 0.9469035969949103 0.13912193979596343 0.9350139773075234 0.11222017953119788 0.9146906304154248 0.1212023748575896 0.9265802501028115 0.14810413512235515
2 0.06099732091854833 0.03489450226614207 0.030172949575950934 0.001172116893166106 0.011445187138283712 0.018290464169311297 0.042269558480881105 0.05201284954228726
0 0.27656250000000016 0.9870370360576923 0.2625000000000001 0.9870370360576923 0.2625000000000001 0.9990740745192308 0.27656250000000016 0.9990740745192308