3 0.9555996315323101 0.48580406803289694 0.890519645457598 0.331540396410218 0.802312391303794 0.36875283153272176 0.8673923773785059 0.5230165031554007
1 0.22444346033655732 0.16621844501090566 0.09811445378366469 0.06294217430168768 0.060094509010352674 0.10944871272939306 0.18642351556324532 0.21272498343861107
2 0.2817708341346154 3.26625633172603e-17 0.2494791658653846 3.068526890800822e-17 0.2494791658653846 0.026851850961538495 0.2817708341346154 0.026851850961538495
1 0.24136530759881641 0.24668487420342117 0.11451986266941713 0.12110788313055736 0.06891915766279061 0.16716920110164668 0.19576460259218986 0.2927461921745105
2 1.0289840890349962 0.7222440260302304 0.9493451551711399 0.6548248219054329 0.9162515438267516 0.6939166498109264 0.9958904776906077 0.7613358539357239
2 0.5188629376294068 0.4965750623452631 0.5113901022520986 0.4168647608372501 0.4865218637858553 0.4191961565121642 0.4939946991631636 0.4989064580201772
2 0.8288671685896495 0.5510664952715613 0.7588108288421055 0.499426048943004 0.7312628660336326 0.5367981008726919 0.8013192057811764 0.5884385472012492
0 0.1812766852506529 0.31778234420499984 0.17636411566946475 0.28284853622622574 0.16346809687917857 0.2846620399148612 0.16838066646036673 0.31959584789363527
2 0.45460663152427794 0.2603203743112399 0.4491009653879672 0.20648727760247607 0.42857700369099505 0.2085863223873094 0.43408266982730576 0.26241941909607325
3 0.3351559759519765 0.14674773337497815 0.25457002662209727 0.07686289395756728 0.20962275071399655 0.1286927175508072 0.2902087000438758 0.19857755696821805
2 0.27297992392926385 0.24659568728136974 0.22923637202031186 0.21030474450047754 0.2056368634236481 0.23875058388130113 0.24938041533260005 0.27504152666219334
2 0.6223972946683476 0.6451959661375896 0.5601774897431825 0.6123110258499731 0.5352204303813957 0.6595309189504295 0.5974402353065608 0.6924158592380459
2 0.3010639034001292 0.22532746749978186 0.2589750124201136 0.18969665895051724 0.23779684005287904 0.2147133740971318 0.2798857310328946 0.2503441826463964
3 0.10043119750464899 0.16280360088410653 0.06197452810894301 0.09443620227832741 0.027157517290584632 0.11402077477477378 0.06561418668629061 0.18238817338055288
2 0.9309157041064603 0.6337967327456485 0.8619611043620665 0.5765899546807071 0.829352526168189 0.6158949379999925 0.8983071259125828 0.6731017160649339
2 0.0917908633860623 0.09926683038376169 0.06526041783122218 0.06515625049926056 0.044479166914756174 0.08131944232618354 0.0710096124695963 0.11543002221068469
3 1 0.45462962980769245 0.9619791658653847 0.45462962980769245 0.9619791658653847 0.5582788677884617 1 0.5582788677884617
2 0.12937911734240412 0.039163571387559035 0.10459152816846137 0.007114973292032376 0.08410142694493333 0.022962786970104225 0.1088890161188761 0.055011385065630886