2 0.5122595501388951 0.34196450826637215 0.4531420914119487 0.3324101678276764 0.4461817627034215 0.37547718514745115 0.505299221430368 0.38503152558614684
2 0.7141470804041494 0.4495192316320709 0.6568358273097782 0.41676994280001456 0.6326762825312925 0.45904914442008987 0.6899875356256637 0.4917984332521462
2 0.8165027936530165 0.4615549027326094 0.7649729406488169 0.4235708413554571 0.7402725363174761 0.45707984903371135 0.7918023893216758 0.4950639104108637
2 0.8500133547719742 0.38993946070754615 0.8042868588131543 0.3594551271371473 0.7826522428903999 0.391907047900902 0.8283787388492198 0.42239138147130084
2 0.8603624020483244 0.5735845782591809 0.7870191004759485 0.5153756097167835 0.7583245570773661 0.5515307349949607 0.831667858649742 0.6097397035373582
2 0.6421500416665192 0.1451278738826463 0.6410744672165516 0.1106422515009353 0.5979161626913216 0.1119883188311823 0.5989917371412893 0.1464739412128933
2 0.6989956170691892 0.14117153942064392 0.6960004747431818 0.10656105502664723 0.6599324415821227 0.10968233155969874 0.6629275839081301 0.14429281595369542
3 0.47868416393661123 0.2512326937047896 0.3771105982529755 0.19001648686852063 0.33811777176554575 0.25471570015046785 0.43969133744918143 0.31593190698673684
2 0.2996906960923838 0.18375110600919428 0.26730954441416044 0.15381652300873816 0.24799879488229856 0.1747055499112299 0.2803799465605219 0.20464013291168603
2 0.22588971608182418 0.7321870441371625 0.1843299148398581 0.7117318217716024 0.13458585176790977 0.812799086516607 0.1761456530098758 0.833254308882167
2 0.327897503229912 0.772393705261464 0.29145641250822424 0.7564899966720107 0.2480996131564171 0.8558359479445943 0.28454070387810493 0.8717396565340478
3 0.26721577212838227 0.9282422623212928 0.2166899706885701 0.9061372214586098 0.175625 1 0.2261508014398122 1.0221050408626833
2 1 0.6805555552884616 0.9682291658653847 0.6805555552884616 0.9682291658653847 0.7503703701923077 1 0.7503703701923077