3 0.965524965697526 0.9200040608281697 0.8527651612123462 0.8092224970052153 0.8045880104240747 0.8582599533839718 0.9173478149092544 0.9690415172069261
2 0.6483958884591701 0.7194872147221175 0.5776548517731476 0.6711172789716137 0.548086432355555 0.7143610958242301 0.6188274690415775 0.762731031574734
2 0.4471555989061932 0.661879036399327 0.4138236065484135 0.6288446501963681 0.35066864575492135 0.6925685728262978 0.3840006381127011 0.7256029590292565
2 0.224134519776072 0.7515386313816159 0.183778437426214 0.7288383349506847 0.12878492826083118 0.8266045729968907 0.16914101061068917 0.849304869427822
2 0.13739129242869805 0.9007362694918968 0.09450971034007748 0.8794347032133845 0.04147701365226751 0.9861933286902927 0.08435859574088808 1.0074948949688052
2 0.21920830399743657 0.561658237635844 0.18537580759416836 0.5365232475370079 0.12197218681649288 0.6218665384426294 0.15580468321976107 0.6470015285414655
2 0.38557922208122286 0.4176102837768894 0.3654231445104674 0.36545643506847697 0.2949107587475392 0.3927075996964744 0.3150668363182946 0.44486144840488684
3 1.0670286254932013 0.6654605937190845 0.7921196591060452 0.45934527047767987 0.71901128114406 0.556854510953856 0.9939202475312162 0.7629698341952605
2 0.8086639101888969 0.4602295836277062 0.7587400161475855 0.4415081152615822 0.7447988008813358 0.4786846732189031 0.7947226949226471 0.4974061415850271
2 0.8520490426160237 0.4043080292742394 0.8063048840545759 0.37214416623938185 0.7830005488405601 0.40528810806141186 0.828744707402008 0.43745197109626943
2 0.6437203550493732 0.15484124580560385 0.6374223743786399 0.12295771988630635 0.5932029598281403 0.13169241939272544 0.5995009404988736 0.16357594531202294
2 0.7020271528632502 0.1485196385543048 0.6933817377119914 0.11690983788781262 0.6564645211461759 0.12700685389901242 0.6651099362974348 0.1586166545655046
2 0.7473725681842448 0.21143353794601444 0.7311289116518507 0.18402237079152475 0.6972631122486627 0.2040909950350655 0.7135067687810568 0.2315021621895552
3 0.9169162367725738 0.1852292395027222 0.9151025568558799 0.10973477353585868 0.8216918235051437 0.11197887406577355 0.8235055034218376 0.18747334003263708