2 0.24277899977091588 0.5034446892005051 0.21079102177378173 0.48185280488289617 0.15629070064761313 0.5625940244715386 0.1882786786447473 0.5841859087891474
2 0.4697916658653846 0.3490740745192307 0.4182291658653846 0.3490740745192307 0.4182291658653846 0.39722222115384614 0.4697916658653846 0.39722222115384614
2 0.6373809956922076 0.4150263685836855 0.5744729784308196 0.3796406224840564 0.5529240866653752 0.4179497781346861 0.6158321039267634 0.4533355242343153
2 0.8186225724765737 0.4776946081146454 0.7694589936877291 0.43237509173316313 0.7407647057360947 0.4635032678289785 0.7899282845249392 0.5088227842104609
2 0.8522127282698662 0.4011837862818768 0.8047603560883103 0.3697941043261777 0.7829618230715899 0.4027473563910187 0.8304141952531457 0.43413703834671785
2 0.8078662078641143 0.535722599960741 0.73661776817489 0.4827884379379001 0.7054842198711919 0.5246936396802159 0.7767326595604163 0.5776278017030567
2 0.6462583236053121 0.15201396302826659 0.6399351551390837 0.12118851436141523 0.5950767826422585 0.13039023108203096 0.6013999511084869 0.16121567974888235
2 0.7026868157298757 0.14635047354611147 0.692838142371306 0.11403451395513502 0.6568165389074054 0.1250125263941323 0.6666652122659749 0.15732848598510873
3 0.6737351523578472 0.2780007382951769 0.6445701751068776 0.20622756732370018 0.5418497221981089 0.24796795069737212 0.5710146994490785 0.3197411216688489
2 0.47033706610556025 0.27871319940402245 0.4270937075087826 0.26200078852382297 0.41397668867195936 0.29594107118845475 0.457220047268737 0.3126534820686541
2 0.5250064525316207 0.6624984802723569 0.512520112331354 0.6094315407244235 0.44994098971377805 0.6241560419128042 0.46242732991404484 0.6772229814607376
2 0.22770281457011846 0.7462559026539082 0.18625735186072628 0.7236285079789441 0.13307580899513308 0.821038469811741 0.17452127170452522 0.8436658644867051
3 0.4000565224710024 0.6922836104786279 0.3541378882954299 0.6629639423402197 0.28567371636825334 0.7701882550444699 0.3315923505438257 0.799507923182878
2 0.9067959760940497 0.5426149461276725 0.853175290167594 0.4949521057321872 0.8244396538319415 0.5272796908711717 0.8780603397583973 0.574942531266657
2 0.24635416586538475 0.9509259254807693 0.19535256490384628 0.9509259254807693 0.19535256490384628 1 0.24635416586538475 1
2 0.08750000000000012 0.9703703701923078 0.03906250000000012 0.9703703701923078 0.03906250000000012 1 0.08750000000000013 1