2 0.34313795873523006 0.06453018472266786 0.30568660625673244 0.03711481339502941 0.2841139969574103 0.06658453624118076 0.321565349435908 0.09399990756881921
2 0.08009969852457711 0.13122173147025792 0.05518467439020498 0.09095503229260717 0.02938502843615302 0.10691856580121505 0.05430005257052514 0.1471852649788658
3 0.8939549842603708 0.45080840810623724 0.8097920607145929 0.3943181036354874 0.7728178994079227 0.44940460990195363 0.8569808229537006 0.5058949143727035
2 0.3237171917724736 0.8319630293316107 0.2860406329741409 0.8147260033129401 0.2412805637339495 0.9125622181401882 0.2789571225322822 0.9297992441588588
0 0.3996384349980774 0.555920329344016 0.3872280580572539 0.5154716937423114 0.37320705004831173 0.5197735939644772 0.3856174269891352 0.5602222295661818
3 0.5336659437577744 0.14218606492655658 0.4861875987778832 0.10334015343745231 0.45227929214024104 0.14478364693553816 0.4997576371201323 0.1836295584246424
2 0.8408144403629232 0.13613583477443159 0.8228762062810824 0.11163092524099401 0.7877614660712483 0.13733583260853705 0.8056997001530892 0.16184074214197464
2 0.5850349901210414 0.24427398044492424 0.5435420884108377 0.21390009220033288 0.5219954401377975 0.2433343533584112 0.5634883418480012 0.27370824160300256
2 0.8119276098523619 0.6852622329311409 0.7411972213805794 0.6151633638722183 0.7104832416373882 0.6461540452899786 0.7812136301091707 0.7162529143489013
2 0.5755812606750698 0.4602337857855802 0.5241885358001086 0.4139803307296468 0.4976030149011167 0.44351979669099345 0.548995739776078 0.4897732517469269
3 1 0.9222222211538462 0.9552083341346154 0.9222222211538462 0.9552083341346154 1 1 1
3 0.7324779920618361 0.7477450647724141 0.6119093165999334 0.5985412928916063 0.5486133526317449 0.6496895342633143 0.6691820280936475 0.798893306144122
3 0.35107480269789065 0.34404167665846364 0.2507529149864093 0.24143974120135056 0.20357680021541238 0.2875674956889663 0.3038986879268937 0.3901694311460794
2 0.8255948700656217 0.5620366876927402 0.7654154226651501 0.5044290042442579 0.7344264616574716 0.5368013969065075 0.7946059090579431 0.5944090803549898
2 0.918803766424705 0.6433982748895193 0.8529411737199066 0.5711552462950217 0.8172400434722409 0.6037032865191003 0.8831026361770391 0.6759463151135978
2 0.33018749846410245 0.11154629776249989 0.301298611261111 0.0730277777881411 0.2717430559670941 0.09519444212724369 0.3006319431700855 0.13371296210160247
2 1.0266367726435977 0.7231260073526685 0.9445771522487267 0.6623411010185859 0.9143881956068548 0.7030961909176088 0.9964478160017258 0.7638810972516914
3 0.1622917964056954 0.18843447280594802 0.11358981457199 0.14120830426899708 0.0888961185143951 0.16667367599109775 0.13759810034810055 0.2138998445280487
1 0.4118811796255843 0.3213569935320298 0.2515904634627673 0.17502552538433436 0.20009017135271454 0.2314386729417871 0.36038088751553154 0.37777014108948254