2 0.9591778982700438 0.4921708081681903 0.8826709502818468 0.44241019341101134 0.8531913341406174 0.48773510488637994 0.9296982821288146 0.5374957196435589
0 0.18964884456150494 0.3145361065276581 0.18285454087104863 0.27484875517208185 0.1719864687836678 0.27670932232431794 0.1787807724741241 0.31639667367989416
2 0.14913373900608992 0.875582907943818 0.09977692897279991 0.8503436310952359 0.028361611834687557 0.9900002568614775 0.07771842186797756 1.0152395337100595
2 0.453295125813721 0.3283196201423317 0.4239638496230326 0.3166107633564722 0.3999084190487339 0.3768708289602122 0.42923969523942235 0.3885796857460716
2 0.2966171374074965 0.2013253305099181 0.25568659908460895 0.15974513023154066 0.23154939014703702 0.18350521192457148 0.2724799284699246 0.22508541220294892
2 0.2428237796999144 0.162280445759869 0.20829915847124778 0.11955623460804833 0.18949627603534225 0.13475048575056764 0.2240208972640089 0.17747469690238832
3 0.2509816720488516 0.2164353620350599 0.2022044487500276 0.13591421313241134 0.1717817181185387 0.15434336305880164 0.22055894141736265 0.2348645119614502
3 0.2337928737067534 0.2624056822752149 0.18916256271340065 0.15051202606199435 0.13865608177263938 0.17065722488605142 0.18328639276599215 0.28255088109927196
3 0.174032370640802 0.16666631449177416 0.08380371739196842 0.08029358540901625 0.04139402920023713 0.12459656264360675 0.1316226824490707 0.21096929172636464
2 0.818824036536401 0.5351848261339923 0.7597030656154858 0.478590405348653 0.7287141131855677 0.5109628005433648 0.7878350841064828 0.5675572213287041
2 0.911512098626026 0.6156204991959284 0.8456495068660355 0.5433774669489163 0.8099483753788176 0.575925506190578 0.8758109671388081 0.6481685384375901
2 0.8883161600028567 0.5039709713227962 0.8221438847735568 0.44813811141380266 0.7890140703716017 0.48740307474319633 0.8551863456009017 0.5432359346521899
2 1.023917932151197 0.6958738240519433 0.9338228380012735 0.6386705811848454 0.9054814222433183 0.683308304381545 0.9955765163932419 0.740511547248643
3 0.07838641804301377 0.10542226495546175 0.031434568766256735 0.0592040359429079 0.0065755452455763955 0.08445764583768149 0.05352739452233343 0.13067587485023535
1 0.11640034411299173 0.04959069138394431 0.021457512690179623 -0.02670267541642557 -0.019657649104590228 0.024462845767305362 0.07528518231822189 0.10075621256767525
3 0.4716552411075351 0.17725520245031803 0.4352474462571007 0.09277775517637475 0.3914997047640182 0.11163200384093243 0.4279074996144525 0.1961094511148757
2 0.287781279109774 0.6309814214365932 0.24900778419083916 0.6091713389331856 0.20086548792917197 0.6947576763161816 0.2396389828481068 0.7165677588195891