0 0.4642028316769444 0.03760801197257217 0.4609691033920681 0.003114805792605249 0.4426406084564587 0.004833096988362958 0.44587433674133503 0.039326303168329885
2 0.7814014588128017 0.38121222245115605 0.7196803917427095 0.3464941205550891 0.6964020777801679 0.3878777878322295 0.75812314485026 0.42259588972829637
2 0.008854165865384624 0.05462962980769231 6.6902001282595226e-18 0.05462962980769231 8.334401794821015e-18 0.08148148076923077 0.008854165865384626 0.08148148076923077
3 0.9994791658653847 0.5907407403846154 0.9927083341346153 0.5907407403846154 0.9927083341346153 0.6314814807692308 0.9994791658653847 0.6314814807692308
0 0.24262915893710063 0.36678104180009785 0.234670823630659 0.336912719672629 0.2203375280920224 0.34073178829844536 0.22829586339846403 0.37060011042591423
3 0.8718587824590585 0.3847310703383409 0.8001787730211333 0.33486671281979563 0.7639438106413208 0.3869544679744036 0.8356238200792461 0.4368188254929489
2 0.8291666658653847 1.0055498327373969e-16 0.8130208341346153 9.956633621630678e-17 0.8130208341346153 0.0064814807692308695 0.8291666658653847 0.00648148076923087
2 0.9657639119395888 0.5367284182955275 0.9044207047521252 0.4871581410217588 0.8764800394007383 0.5217347082283477 0.9378232465882016 0.5713049855021164
2 0.34399148990388234 0.2536715473328686 0.2989788612053669 0.21651826544239572 0.27717582340159985 0.24293348356643235 0.3221884521001153 0.28008676545690525
2 0.2671521060063011 0.19670022365907427 0.2304140680897876 0.1579530808139533 0.20696099351441652 0.18019007378277282 0.24369903143093005 0.2189372166278938
3 0.37491417671489063 0.32068670043756337 0.30668510158017637 0.25212803099395525 0.26914528404715327 0.28948737667248914 0.33737435918186764 0.35804604611609725
3 0.30220502114555603 0.3472701403644504 0.2578906469640075 0.22606843378394148 0.20379421914154264 0.24584744030162156 0.24810859332309115 0.36704914688213053
3 0.1964363382792329 0.20244040401633184 0.10613545995048189 0.11430360053777336 0.06402729597577393 0.15744567106512386 0.15432817430452495 0.24558247454368234
2 0.8214282024017857 0.5648144559416846 0.7612487471531734 0.5072067854328839 0.7302597947232552 0.5395791806275958 0.7904392499718675 0.5971868511363965
2 0.9146370998228291 0.6471019812779027 0.8487745068660354 0.5748589477181472 0.8130733753788176 0.6074069869598087 0.8789359683356113 0.6796500205195642
2 0.7873917624600476 0.4531739601303783 0.7226919389624276 0.3986898974104579 0.6916456578140965 0.43555735571437204 0.7563454813117165 0.4900414184342925
2 1.0249391059806146 0.7286585976441621 0.9404104859809259 0.6660448026435778 0.9102215273376236 0.7067998952445328 0.9947501473373122 0.769413690245117
3 0.09055680430153641 0.12995717581697938 0.044228275204178574 0.08289327550457333 0.019760410693626825 0.1069788307901071 0.06608893979098467 0.15404273110251315
1 0.2221182835034649 0.15928004133718507 0.08928972627256569 0.03889511578203863 0.047480534566385374 0.08502592981637601 0.18030909179728458 0.20541085537152243