3 1.0024418832070585 0.41695514042406084 0.8706911342350707 0.342845369780708 0.8165522959743239 0.439092226671588 0.9483030449463116 0.5132019973149408
1 0.0625 3.827021247335479e-18 0 0 5.045998314504905e-18 0.08240740625 0.06250000000000001 0.08240740625
2 0.3452964469827383 0.5458600124072199 0.312083058708891 0.5258740484907913 0.2717688916110919 0.5928695704658572 0.3049822798849392 0.6128555343822858
1 0.24201768571843643 0.24074391926117972 0.11556153092650787 0.11555232542623108 0.06996082352817522 0.16161364581318516 0.19641697832010377 0.2868052396481338
2 0.6475577459978717 0.1849858590759277 0.6309551855706849 0.1548139018702433 0.589282363954019 0.17774498102912964 0.605884924381206 0.20791693823481402
2 0.8306442740752064 0.5480810620567699 0.7626836518941699 0.4943838061494824 0.7343579871383177 0.530233492841534 0.8023186093193542 0.5839307487488214
0 0.18023501627751243 0.30944901109139705 0.17532245049024417 0.27451520237969357 0.16242643302508247 0.2763287044433876 0.16733899881235073 0.31126251315509107
2 0.21118856334649386 0.7764740298160834 0.1683709608344489 0.7553997408263895 0.11286483640934329 0.8681740875092385 0.15568243892138825 0.8892483764989323
2 0.5559408411565148 0.3844204468440947 0.5252104230143254 0.3605252873905244 0.4809067214599502 0.41750215237684646 0.5116371396021395 0.4413973118304168
2 0.273500757083872 0.2419660586549362 0.2297572037510811 0.20567511469278518 0.20615769613442453 0.23412095289235 0.24990124946721542 0.270411896854501
0 0.47655594124198114 0.029506016950631972 0.46872014387772754 0.004741027601199928 0.4543099271373823 0.009300510214299033 0.4621457245016358 0.034065499563731075
2 0.29754346074870736 0.22210764677331177 0.25851428652690733 0.18245895517792463 0.2358980407445597 0.2047218183737682 0.2749272149663597 0.24437050996915535
0 0.6756912162797963 0.8906092462279236 0.6573172631546628 0.8448785220303774 0.6385468139586767 0.8524202209585403 0.6569207670838103 0.8981509451560866
2 0.9490990741841357 0.6416343531821099 0.8783972091763569 0.5828428430605761 0.8453294498457509 0.6226096776166063 0.9160313148535297 0.6814011877381403