3 1.0000000000000002 0.5546296298076923 0.9993749039982696 0.41460834179907113 0.9174899633092675 0.41497390013491137 0.918115059310998 0.5549951881435325
2 0.23773876102576919 0.730099648254265 0.20020597070330795 0.7104434673436677 0.15430454030157154 0.7980906441073188 0.19183733062403277 0.8177468250179161
1 0.2422541625209322 0.242407033223438 0.11756330935305506 0.11807041434702012 0.07187845246874301 0.16388542711827098 0.19656930563662017 0.28822204599468887
2 0.7111053476081453 0.16676079616938927 0.7019306121887167 0.13235553933899138 0.6602099186443977 0.14348105793840485 0.6693846540638262 0.17788631476880273
2 0.8322067755792235 0.551784781951595 0.7642461656720787 0.49808750089059767 0.7359204940653298 0.5339371729854924 0.8038811039724746 0.5876344540464896
0 0.14237369991542786 0.27387734593764146 0.1387851684701709 0.24197926288263302 0.12572134126850962 0.2434489422557703 0.1293098727137666 0.2753470253107787
2 0.32974032372841006 0.6751791737011299 0.2933566656691177 0.6556879277767496 0.2371550137854822 0.7605976750773998 0.2735386718447745 0.7800889210017803
2 0.27402158833550827 0.24566976894285106 0.23027804155464468 0.20937881695681962 0.20667852748318227 0.23782465238676403 0.25042207426404584 0.2741156043727955
0 0.600223190035817 0.07875665081810235 0.5843652156538766 0.06760651065096782 0.572947044524571 0.08384568455757466 0.5888050189065115 0.09499582472470919
2 0.28452262661409206 0.21192246167715798 0.24549345357528812 0.17227377128354485 0.22287720901379046 0.19453663327761436 0.2619063820525944 0.23418532367122752
0 0.5579535897795729 0.7401074467818062 0.5389335386533618 0.7006584488730181 0.5176829984393103 0.7109042442735857 0.5367030495655214 0.7503532421823738
2 1 0.7518518509615384 0.9993965169796634 0.6756790006629031 0.9513728300200347 0.6760594706012141 0.9519763130403713 0.7522323208998494