2 0.9235066274289296 0.6149280713506924 0.8558173844744091 0.5625234948597341 0.8248768792547393 0.6024883131101249 0.8925661222092598 0.654892889601083
3 0.33076474632558284 0.1485877817384885 0.24311460851967187 0.07933335519669156 0.20057606016842072 0.1331712080421023 0.28822619797433163 0.20242563458389923
2 0.8240854909316224 0.5432536483623998 0.7567579406901905 0.4873967032136856 0.7283657218391629 0.5216194580755721 0.7956932720805947 0.5774764032242863
2 0.20788475187925018 0.11068709858992803 0.1802113423041073 0.0760668637573698 0.15676213997557567 0.09481079728024647 0.18443554955071856 0.12943103211280468
2 1.0257906945938493 0.7042442276993304 0.9466723953986219 0.6362610952130558 0.9148707369890109 0.6732716452265317 0.9939890361842382 0.7412547777128062
2 0.3113283563097451 0.8196464281965318 0.27340431373404467 0.804132047007221 0.22966168839662396 0.9110584635640223 0.2675857309723244 0.9265728447533331
2 0.22070531346735858 0.7501248098917739 0.18041833244039085 0.7291801586971706 0.12774079777429467 0.8305052569249831 0.1680277788012624 0.8514499081195864
2 0.6457238844863104 0.13720674506282446 0.6428576761791711 0.1060367139103018 0.5994197580134375 0.11003100320960482 0.6022859663205767 0.1412010343621275
3 0.24843750000000012 0.9416666658653846 0.1811431634615386 0.9416666658653846 0.1811431634615386 1 0.24843750000000012 1
3 0.30896516346153846 3.317431407038525e-17 0.23281249999999998 2.8511308292649316e-17 0.23281249999999998 0.046296295673076956 0.30896516346153846 0.046296295673076956
2 0.7130392170699361 0.1285838770155043 0.7060294122931194 0.09703975915953547 0.6687499986595022 0.10532407425622176 0.6757598034363189 0.13686819211219062
2 0.468615991871197 0.1250848388195181 0.42660079036955245 0.10329917309581053 0.41228547340470506 0.13090727717974743 0.4543006749063496 0.15269294290345498
2 0.25658386778925163 0.041907050058199675 0.2382612166401153 0.014423075977184925 0.21211271315366914 0.0318554133110018 0.23043536430280548 0.059339387392016545
2 0.38618990448971596 0.1532634465131427 0.34965945803048154 0.12485087236145911 0.3305889424083267 0.14937010269117007 0.3671193888675611 0.17778267684285368
2 0.8397067656220697 0.3734404603748842 0.7870704029882858 0.3253275375570283 0.7611875524222587 0.3536438199318716 0.8138239150560425 0.4017567427497275
2 0.7229311785429506 0.3348130279786712 0.6697052208123906 0.3014163472016055 0.6464347222746596 0.3385037026728384 0.6996606800052196 0.37190038344990417
2 0.9245754693162989 0.4876044433564928 0.8661698953787298 0.4407781893694725 0.8386491532678088 0.47510433338735 0.8970547272053779 0.5219305873743703