2 0.9297043410579786 0.6325282274053158 0.8597843704208752 0.5831729528977841 0.8306144947126399 0.6244969425495188 0.9005344653497432 0.6738522170570505
3 0.34222307805635216 0.15784704135387323 0.2545729402504413 0.08859261481207609 0.21203439282310416 0.14243046648815788 0.299684530629015 0.21168489302995505
2 0.8296634341237611 0.5602136980117269 0.7630347896144524 0.503995800829264 0.7349721860317964 0.5372551956452214 0.8016008305411051 0.5934730928276845
2 0.22246808737656787 0.11902043094474998 0.19479467547022675 0.08440019792629326 0.17134547391219973 0.10314413339443834 0.19901888581854085 0.13776436641289505
2 1.028559292988934 0.724962519591877 0.953901782274182 0.6571255688574825 0.9210997563371437 0.6932256231250805 0.9957572670518957 0.7610625738594751
3 0.9846598280827364 0.4209704400933162 0.8568039668510689 0.3414810996825816 0.8024561037314992 0.42889776221051695 0.9303119649631668 0.5083871026212515
3 1 0.4629629639423078 0.9666666658653846 0.4629629639423078 0.9666666658653846 0.5578703701923078 1 0.5578703701923078
2 0.298694095842418 0.23661986784830627 0.2598236140948484 0.19653467881579262 0.2357130305551832 0.2199146358528329 0.27458351230275285 0.25999982488534656
2 0.2697777791430403 0.2654907404092033 0.2364444445139195 0.22104629606854392 0.20899999948571432 0.24162963068791207 0.2423333341148352 0.2860740750285714
1 0.23957920981030767 0.25339927918541905 0.11266358995808012 0.12940606663197385 0.06853979254216162 0.17456982184044245 0.1954554123943892 0.29856303439388765
2 0.22592886559203176 0.16279575110325767 0.18404052885208771 0.12858065115435227 0.1763408291254406 0.13800712120494077 0.21822916586538466 0.17222222115384617
3 0.10262107344805584 0.1709529750153291 0.06152985742874762 0.10520703317747065 0.027364232515744526 0.12656054998003105 0.06845544853505274 0.1923064918178895
2 0.09375 0.13981481490384612 0.08999409877528733 0.09879799775375932 0.0748954120400478 0.10018058128755551 0.07865131326476048 0.14119739843764234
1 0.23687060682903535 0.18614496613902326 0.11050022830100409 0.08225666368146818 0.07914859832241766 0.12039298176678324 0.20551897685044893 0.22428128422433835
2 0.31624461175234736 0.8284153499947122 0.27861290816993683 0.8122874765877486 0.233477011438754 0.9176045660671819 0.2711087150211645 0.9337324394741456
2 0.8924492600148276 0.5227683921030845 0.8190889180783241 0.4734992252999223 0.7936136913000493 0.5114310895595846 0.8669740332365528 0.5607002563627468
2 0.1087700596447055 0.07563709693143028 0.07661976296127149 0.043883716269717814 0.05578803620302663 0.06497583880120526 0.08793833288646064 0.09672921946291771
2 0.2032473151287411 0.7941834833139262 0.16204101378702532 0.7748680429322288 0.11129071841756953 0.8831354146747059 0.15249701975928534 0.9024508550564033