2 0.9293478740548177 0.6329271287118478 0.8593342339519665 0.583894011013037 0.8292352786916842 0.6268718496650615 0.8992489187945354 0.6759049673638724
3 0.3417483665076094 0.15773420378684047 0.25290929263660505 0.09004729361549199 0.2113980544877331 0.1445307963052857 0.30023712835873745 0.21221770647663415
2 0.829866158357871 0.556412287543971 0.7579040946240245 0.5074969040095572 0.7316318779144935 0.5461473815623007 0.8035939416483401 0.5950627650967145
2 0.22142641910733707 0.11994635642551922 0.19375300720099597 0.08532612340706251 0.17030380710966975 0.1040700577028118 0.19797721901601084 0.1386902907212685
2 1.0290801253099084 0.7268143732907375 0.954422616849141 0.6589774179053796 0.9216205891838302 0.6950774705100672 0.9962780976445976 0.7629144258954252
3 0.9830973280827363 0.42189636797793145 0.855241465773196 0.34240702689707203 0.8008936037314991 0.42982368769128626 0.9287494660410395 0.5093130287721457
3 1 0.4629629639423078 0.9651041658653846 0.4629629639423078 0.9651041658653846 0.5592592596153847 1 0.5592592596153847
2 0.2981732623605542 0.23847171653535348 0.259302776284808 0.19838653144888793 0.2351921963250048 0.22176648991943346 0.27406268240075093 0.261851675005899
2 0.2722361114423077 0.2715462968269231 0.23852777798076927 0.22660185221153856 0.21108333375000005 0.24718518538461548 0.2447916672115385 0.29212963000000003
1 0.24114170981030772 0.25802890899311137 0.11369312485936697 0.13351500359787688 0.06896071519816901 0.1793017154889623 0.19640930014910973 0.3038156208841968
2 0.23307550111446304 0.18771001784052702 0.20103994771811895 0.13497659458376868 0.18606612919097198 0.14407318898914145 0.21810168258731608 0.1968066122458998
3 0.10329041216352791 0.1713463693220483 0.05914296329398628 0.10855887697668247 0.025945771703299446 0.1319006487789512 0.07009322057284108 0.19468814112431704
2 0.09531249999999998 0.14629629567307695 0.08890753766439856 0.10264766473743234 0.07321287220128186 0.104950686367351 0.07961783453688329 0.1485993173029956
1 0.23634977365262005 0.18707088971406496 0.1099793939443209 0.08318258905780546 0.07862776427321941 0.12131890778651454 0.2049981439815186 0.22520720844277406
0 0.19159406072587287 0.30910777669405315 0.17825642664410524 0.3078573744006206 0.17525378016189813 0.3398856266414623 0.18859141424366577 0.3411360289348949
2 0.31664583421371073 0.8293703705096304 0.2790637948230239 0.8135154477369664 0.2346619165539678 0.9187643450072345 0.27224395594465456 0.9346192677798986
2 0.8528369967822342 0.4966470480309574 0.782974608122684 0.44696712881859685 0.757698561540551 0.4825115704782066 0.8275609502001012 0.5321914896905672
2 0.15662270804491077 0.11027557276257546 0.13195718850632435 0.09448963679711758 0.12845948046141362 0.09995480441915755 0.15312500000000004 0.11574074038461543
2 0.22477232664220653 0.7642669770315836 0.1840960992289103 0.7430689801707346 0.13208731251244835 0.8428671474152836 0.17276353992574459 0.8640651442761325
2 0.020833334134615397 0.07685185096153846 9.41163732885975e-18 0.07685185096153846 1.2019681509025804e-17 0.11944444471153846 0.020833334134615404 0.11944444471153846