2 0.28092971629788605 0.45716971912644644 0.2508099211622981 0.4317561419164884 0.1936088722478898 0.49954997749535524 0.22372866738347774 0.5249635547053132
2 0.5161085482839877 0.35547352793020887 0.46320085023623314 0.34418655254203956 0.45324033726699137 0.39087645789345543 0.5061480353147458 0.40216343328162485
2 0.6717593004351673 0.4345113424312634 0.6064085307651307 0.39384864264376984 0.583357623400336 0.4308947449870618 0.6487083930703726 0.47155744477455536
2 0.8180116447681977 0.4781393547107617 0.7700386949632002 0.4322165247790358 0.7406863490346471 0.462879239162772 0.7886592988396445 0.5088020690944979
2 0.8522127282698662 0.4011837862818768 0.8047603560883103 0.3697941043261777 0.7829618230715899 0.4027473563910187 0.8304141952531457 0.43413703834671785
2 0.8422466369363638 0.5658143558673334 0.7707957664471237 0.5097744588707549 0.739057292965624 0.5502410135896418 0.8105081634548641 0.6062809105862204
2 0.6462583236053121 0.15201396302826659 0.6399351551390837 0.12118851436141523 0.5950767826422585 0.13039023108203096 0.6013999511084869 0.16121567974888235
2 0.70216598159526 0.14542454806534216 0.6925755130341626 0.11395582296956294 0.6565539095702622 0.12493383540856028 0.6661443781313595 0.15640256050433948
3 0.6400247694829297 0.30389226536585723 0.6222846472810774 0.22189348939846468 0.516154389357318 0.24485436561484006 0.5338945115591703 0.3268531415822326
2 0.4391241994192703 0.2685818825529145 0.39640030491974354 0.2503530195326183 0.3822561558191234 0.2835033665009204 0.42498005031865016 0.30173222952121653
2 0.4932388986497862 0.6566588820843613 0.4699169756529116 0.6110890687894691 0.40934035162549154 0.6420912445463856 0.43266227462236617 0.6876610578412777
2 0.22773646111935708 0.7461942739590541 0.18592516610184856 0.7233671509790003 0.13270997668701673 0.8208387415066513 0.17452127170452522 0.8436658644867051
3 0.36893431048357644 0.7249947217303043 0.32028467867911586 0.7008113287408777 0.25891028752424006 0.8242779379637077 0.30755991932870064 0.8484613309531344
2 0.9194028311995978 0.5493960521178322 0.8628603854227652 0.5030022581756511 0.8357571367110613 0.5360343480402439 0.8922995824878939 0.582428141982425