3 1.0000410941733564 0.4371150200533979 0.948161848241292 0.43685677119779953 0.9475906244294408 0.5516091117207399 0.9994698703615051 0.5518673605763383
2 0.23305126201371676 0.738432980502429 0.19551847070330802 0.7187767990744368 0.1496170393136239 0.8064239777245394 0.18714983062403265 0.8260801591525316
1 0.24277499425170143 0.2433329587042073 0.11808414228916675 0.11899634102970755 0.07239928660335838 0.16481135259904017 0.19709013856589305 0.28914797027353994
2 0.7147511810723882 0.16768672213857622 0.7055764472971597 0.13328146750409192 0.6638557515875539 0.14440698539720165 0.6730304853627824 0.17881224003168594
2 0.832727609713839 0.5517847819515951 0.764766999806694 0.4980875008905977 0.7364413281999451 0.5339371729854924 0.80440193810709 0.5876344540464897
0 0.13091536971540568 0.25906253013716346 0.12732682998561087 0.22716444705277633 0.11426300187585424 0.22863412991964485 0.11785154160564906 0.26053221300403195
2 0.30380268480698214 0.7226562296458078 0.26457997365148 0.7025991612659658 0.2071904742205117 0.8148275147277312 0.24641318537601384 0.8348845831075734
2 0.2735007582651308 0.24474383607725114 0.22975720493233992 0.20845289211510012 0.20615769613442453 0.23689873173850381 0.24990124946721542 0.27318967570065483
0 0.6194787053267061 0.10177119630895068 0.6111873409281408 0.07860802486973312 0.5955322648848612 0.08421183177945163 0.6038236292834265 0.10737500321866918
2 0.276263110569158 0.2053836859677636 0.23820178523613636 0.16671821447249993 0.21571780039707558 0.18885088811252126 0.2537791257300972 0.22751635960778493
0 0.5320466330675411 0.7188726704003737 0.5145500107522456 0.6846570589912679 0.49150432189562976 0.6964417881635404 0.5090009442109251 0.730657399572646
2 1.0000000000000002 0.7027777788461539 0.9819865656200194 0.7025968400497027 0.9814560114644362 0.7554163715933495 0.9994694458444169 0.7555973103898007