3 1.0239796457311512 0.9748622461586887 0.9298467452752676 0.8850660925791998 0.8794285819198218 0.9379192245132467 0.9735614823757055 1.0277153780927355
2 0.688527537680764 0.7713192776575101 0.6212059808530588 0.7042969144366309 0.586502618043842 0.7391551960488995 0.6538241748715473 0.8061775592697786
2 0.4859341978728686 0.6522244019235 0.45790677113635164 0.609779019938945 0.39095092727969966 0.6539911325536187 0.41897835401621664 0.6964365145381737
2 0.22361368564145664 0.7515386313816159 0.18325760329159857 0.7288383349506847 0.12826409470399472 0.8266045719697281 0.1686201770538528 0.8493048684006593
2 0.13739129242869805 0.9007362694918968 0.09450971034007748 0.8794347032133845 0.04147701365226751 0.9861933286902927 0.08435859574088808 1.0074948949688052
2 0.17838496708396295 0.6153877640383002 0.14175628475614743 0.5910687215817837 0.0762300848234436 0.6897625071523085 0.11285876715125909 0.7140815496088251
2 0.3531582708493398 0.42596640463429136 0.32346431627474215 0.3844972598016919 0.25387820160593005 0.4343243526038111 0.2835721561805277 0.47579349743641053
3 1.0592308040495018 0.6592604787369574 0.7864607675381 0.45636319064630587 0.7128814374569086 0.555281400650986 0.9856514739683104 0.7581786887416373
2 0.805194284067481 0.4758462912180743 0.7925815024189128 0.436825504558814 0.7444713236568641 0.45237627202790864 0.7570841053054322 0.49139705868716893
2 0.8520490426160237 0.4043080292742394 0.8063048840545759 0.37214416623938185 0.7830005488405601 0.40528810806141186 0.828744707402008 0.43745197109626943
2 0.6437203550493732 0.1557671712863731 0.6374223743786399 0.12388364536707554 0.5932029598281404 0.13261834487349464 0.5995009404988736 0.16450187079279216
2 0.7020271528632502 0.1485196385543048 0.6933817377119914 0.11690983788781262 0.6564645211461759 0.12700685389901242 0.6651099362974348 0.1586166545655046
2 0.7658133462291109 0.20465520850348876 0.7511947522849574 0.17699616633796084 0.7170329523129796 0.19505165355270437 0.7316515462571331 0.22271069571823227
3 0.9463541658653847 0.11481481490384625 0.8526041658653847 0.11481481490384625 0.8526041658653847 0.18888888942307705 0.9463541658653847 0.18888888942307705