0 0.6166393468799927 0.08265028404643225 0.5984322813335573 0.08060198610001607 0.5949609111021241 0.11145856409455618 0.6131679766485596 0.11350686204097235
2 0.887505919957066 0.4593760290147194 0.817850214581919 0.41407150175102186 0.7917458891309811 0.454206899082151 0.8614015945061281 0.49951142634584855
2 0.003645834134615392 0.05387731490384616 6.598068124364918e-18 0.05387731490384616 7.681348585656946e-18 0.07156862740384616 0.003645834134615393 0.07156862740384616
0 0.19589884456150491 0.33027684691227355 0.18910454087104872 0.29058949555669733 0.1782364687836678 0.29245006270893337 0.18503077247412406 0.3321374140645096
3 1.022602416771232 0.4897020052131125 0.9359472565228268 0.4306129429719938 0.897318199421538 0.48726314194955667 0.9839733596699431 0.5463522041906754
2 0.9886805789801142 0.5478395298220595 0.9273373720717463 0.4982692527738236 0.8993967067203599 0.5328458199804126 0.9607399136287278 0.5824160970286485
2 0.3033373806053902 0.22116421749050252 0.2623508366202346 0.17834791766557417 0.23747041733684188 0.202165071494784 0.2784569613219975 0.2449813713197124
2 0.24980603387218364 0.17436462144079282 0.21109554550294984 0.13995530010021273 0.19500359170329132 0.15805874899518668 0.2337140800725251 0.1924680703357668
3 0.25706401446107674 0.23980982383619068 0.21584772823441026 0.15508746496928943 0.1818705084855006 0.17161692464306283 0.22308679471216702 0.2563392835099641
3 0.23967842861754593 0.28023284141325827 0.19621836433602843 0.1673109627036184 0.14498106817959563 0.1870305795751682 0.18844113246111313 0.29995245828480804
3 0.181358160486042 0.18250724892349696 0.0892128173155906 0.09745000404087635 0.047457402657125045 0.1426850339109182 0.13960274582757642 0.22774227879353878
2 0.8229907026591612 0.5583329788528301 0.7628112521649919 0.5007253022125483 0.7318222946811399 0.5330976966836937 0.7920017451753092 0.5907053733239754
2 0.9151579316695388 0.6406204979991253 0.8492953410006508 0.5683774669489163 0.8135942082006894 0.6009255073873813 0.8794567988695774 0.6731685384375902
2 0.8883892538483352 0.5276006892708778 0.8221710993230497 0.4718380480673133 0.7906686101451288 0.5092472641892597 0.8568867646704146 0.5650099053928241
2 1.0226296741382035 0.7071472440411906 0.9359135461362091 0.6644666547368779 0.9108034593265807 0.7154839798820328 0.997519587328575 0.7581645691863454
3 0.08691096919473547 0.1234756995396488 0.04058244326786084 0.07641179226595736 0.016114575756749357 0.10049734529435027 0.062443101683623985 0.1475612525680417
1 0.2000718393222735 0.13524904323550258 0.06567888148358181 0.01578863167314558 0.02682830498655447 0.05949552855126684 0.16122126282524615 0.17895594011362387