3 0.9581326833942767 0.48049722563563396 0.8916428786351809 0.32666998139326275 0.8036245148291836 0.3647147624299358 0.8701143195882793 0.518542006672307
1 0.20549168887868347 0.14334958182314705 0.07987411016279808 0.04318392981786952 0.04062373561306553 0.09240775970288075 0.1662413143289509 0.19257341170815828
2 0.4349529223651099 0.1298042704965922 0.41341543169027606 0.09830568786848905 0.3906610637316991 0.11386422881954578 0.4121985544065331 0.14536281144764893
1 0.2403236429364063 0.24020339222891812 0.11347819680784531 0.11462639993595324 0.06787749059626165 0.160687719112092 0.19472293672482266 0.2862647114050569
2 1.0297885983067396 0.7178986397781819 0.9509076565794424 0.6511211167876494 0.9178140451460421 0.6902129416730074 0.9966949868733395 0.7569904646635399
2 0.5274398699423016 0.30064257040066733 0.5042405730255377 0.2947109337577189 0.48750449976787913 0.3601675954004555 0.510703796684643 0.3660992320434039
2 0.830429668028857 0.5482887215482051 0.7603733306817624 0.4966482691028177 0.7328253660684881 0.5340203177736605 0.8028817034155827 0.5856607702190479
0 0.18075585041212783 0.31407864089908943 0.17584328462485954 0.2791448321873859 0.16294726715969787 0.2809583342510799 0.16785983294696616 0.31589214296278356
2 0.4371662431264349 0.3826974354518527 0.4059862817087083 0.36800282468016365 0.37461962343059335 0.4345585987738128 0.4057995848483199 0.4492532095455019
2 0.995412432343487 0.15427110103914657 0.941400034754946 0.147869634772949 0.9370856957325855 0.1842718877751994 0.9910980933211264 0.190673354041397
3 0.27187522565001915 0.08930991074759824 0.186124067646559 0.033874816433523684 0.14955022535902968 0.09044997640389812 0.23530138336248985 0.1458850707179727
2 0.2724590897946485 0.24196605747367744 0.2287155378856965 0.2056751146927852 0.20511602928903272 0.23412095407360886 0.24885958119798468 0.27041189685450107
2 0.4329088997920101 0.6500509457525208 0.40008826140023557 0.6221333919480702 0.3492992221294981 0.6818423730374078 0.38211986052127256 0.7097599268418584
2 0.3005430692655138 0.2197719122113204 0.25845417968579815 0.1841411048474947 0.23727600832210988 0.20915781880867018 0.2793648979018255 0.24478862617249586
3 0.07117117180287572 0.1324668402994535 0.03515765525826867 0.06444131712848389 0.0023733107184366995 0.08179773688760748 0.03838682726304375 0.1498232600585771
2 0.9314365376187654 0.6282411783574928 0.8624819411783798 0.5710343977294545 0.8298733628200223 0.6103393776026479 0.898827959260408 0.6675461582306863
2 0.04445833426538459 0.05418518413269228 0.01969444328333344 0.021166667585577028 -0.0013055554974357303 0.036916668942788514 0.023458335484615424 0.06993518548990375
3 1 0.5472222211538461 0.9994791658653847 0.49074074038461535 0.9861435523059933 0.4908637124217004 0.9866643864406086 0.5473451931909312