2 0.8900740823575354 0.44611159780425486 0.8206847864003083 0.4015042134807067 0.7938722149616956 0.44321267684707427 0.8632615109189227 0.48782006117062243
0 0.18912801008186042 0.31546203225125863 0.18233371083117084 0.2757746806620723 0.17146563549262586 0.27763524714414595 0.17825993474331542 0.31732259873333224
2 0.5612406146625802 0.6428387102143224 0.49773428502823286 0.6374625155813096 0.4925569054871704 0.6986203408129046 0.5560632351215178 0.7039965354459176
2 0.4248283521543674 0.4133756219565624 0.3910362561935405 0.39350356468672937 0.34700385756659036 0.4683799108839634 0.38079595352741724 0.48825196815379646
2 0.35524887435628116 0.07870731578556042 0.3258275761122234 0.046869777510618875 0.30275134372474183 0.06819468993186756 0.33217264196879953 0.1000322282068091
2 0.29648706825333726 0.2077522394445731 0.25763649788290177 0.16404533517006986 0.23222341886524822 0.18663473222514207 0.2710739892356837 0.2303416364996453
2 0.243847898911375 0.16372380610831108 0.2055876788956605 0.12485625738813658 0.1893198567831259 0.14086988504660042 0.22758007679884046 0.17973743376677492
3 0.2509816743023356 0.2201390601430066 0.20220444551937092 0.1396179182675781 0.1725730612799601 0.1575676985928212 0.2213502900629248 0.23808884046824969
3 0.2337928737067534 0.26610938660213795 0.1888439357685624 0.15341689361112068 0.13833745482780116 0.17356209243517778 0.18328639276599215 0.2862545854261951
3 0.17455320206610175 0.16944408996490312 0.08432454896233708 0.0830713662459074 0.04191486308663862 0.12737434374106377 0.1321435161904033 0.21374706746005948
2 0.8188240377371786 0.5416663080526851 0.7597030656154862 0.4850718861178836 0.7287141119847901 0.5174442825669794 0.7878350841064825 0.574038704501781
2 0.9104704334868926 0.6230279036061087 0.8446078407820946 0.5507848750116113 0.8089067093376255 0.5833329163267927 0.8747693020424234 0.6555759449212901
2 0.8836286600028568 0.5086006011304883 0.8174563847735568 0.45276774122149493 0.7843265703716015 0.49203270455088866 0.8504988456009015 0.547865564459882
2 1.0225224559904995 0.6957573905060735 0.9313259569120536 0.6482001054764317 0.9053549828687188 0.6980023998869113 0.9965514819471648 0.7455596849165531
3 0.07890725099424434 0.1082000425086306 0.031955401617741845 0.06198181363596377 0.007096378171988058 0.08723542358470496 0.05404822754849055 0.13345365245737179
1 0.15606320909117063 0.08565487954304431 0.024095012331576723 -0.0186162832539683 -0.01454000022892586 0.03028115686875626 0.11742819653066805 0.13455231966576886
2 0.47712228301564585 0.26995265451812345 0.45089602290561737 0.2639720040484447 0.4376280656632623 0.32215445419009786 0.46385432577329083 0.3281351046597767