2 0.2203937500328471 0.5631498172250167 0.18396662197649596 0.5388474164394398 0.12972522237209747 0.6201504295358984 0.16615235042844861 0.644452830321475
2 0.38786104518339604 0.43698688067708064 0.36884771702678354 0.39364400145861533 0.29983919393091313 0.42391614117068993 0.31885252208752557 0.46725902038915523
2 0.5461913565037554 0.3606649407458521 0.4815070910910388 0.3495364660632268 0.4721141166374077 0.40413313540930884 0.5367983820501243 0.4152616100919342
2 0.8165233702992883 0.47059409358531046 0.7643422149563139 0.43967193085418094 0.741871826671808 0.47759071525118457 0.7940529820147824 0.5085128779823141
2 0.8878325930215201 0.5273575857866926 0.8449772624407197 0.5019618345533942 0.8401041658653848 0.5101851850961541 0.8829594964461852 0.5355809363294525
2 0.8553557611385881 0.4039930443461379 0.8080850554791768 0.36914851674847426 0.7839347474402459 0.40191125401597433 0.8312054530996575 0.43675578161363793
3 0.8238227123922626 0.17024944251545263 0.7859578987610522 0.11487211940256867 0.7013607189466925 0.1727163102614704 0.739225532577903 0.22809363337435434
2 0.6662700078580528 0.2623230563773359 0.6501900406224413 0.23101350849403732 0.6135285905920201 0.2498421072811072 0.6296085578276316 0.28115165516440577
2 0.7022785547101908 0.14906831105214013 0.6935302844393042 0.11626229469733317 0.6561102478219657 0.1262409702650841 0.6648585180928523 0.15904698661989108
2 0.6462683826684562 0.1526811007035254 0.6392340695683474 0.12102668832887997 0.5947303924537738 0.13091639328454074 0.6017647055538826 0.16257080565918614
2 0.8449524503254189 0.7958445389267701 0.7665766550781393 0.7413222455551247 0.7351164049255665 0.78654635429866 0.8134922001728461 0.8410686476703056
3 0.6835479713838007 0.6512015613575401 0.5895833341346154 0.6148148149038463 0.5638676394842195 0.6812226736694098 0.6578322767334048 0.7176094201231036
2 0.22421296035256377 0.7492592540277782 0.18245369955128218 0.7283796296501073 0.13182871041666738 0.8296296371260676 0.17358797121794897 0.8505092615037385
2 0.4663439862666632 0.6671705711341237 0.4375450583237072 0.6233722006311689 0.3741587389315184 0.6650508755175253 0.4029576668744743 0.70884924602048
2 0.13803348896407225 0.8998952213616189 0.09497525908892872 0.8791851479332556 0.04295406363213662 0.9873422049377291 0.08601229350728015 1.0080522783660923
3 1.0710428284320728 0.667965905500072 0.8497732787275467 0.4995732777009279 0.7787304502954738 0.59292424479701 0.9999999999999999 0.7613168725961539
2 0.3070547573338488 0.8474541153087057 0.2655208322945032 0.8304629635992811 0.2157909269744098 0.9520249503969634 0.2573248520137553 0.9690161021063882