3 0.8161807324489083 0.8025310406951284 0.7256566654179546 0.711569660647023 0.6821587800698816 0.7548584221727526 0.7726828471008352 0.845819802220858
2 0.23513459614833213 0.7476922401178137 0.19760180483792325 0.7280360586898216 0.15170037344823933 0.8156832373399241 0.1892331647586482 0.8353394187679162
1 0.24677634577670465 0.25205216758698007 0.1229175876731794 0.12664517983050644 0.07774131687151788 0.17126372060997352 0.20160007497504312 0.29667070836644716
3 0.25237213215662135 0.5388017737812425 0.21030969803288593 0.505918217780671 0.13209209357880802 0.6059689189459849 0.17415452770254342 0.6388524749465565
2 0.7163136804739205 0.1741682030673985 0.707138946698692 0.13976294843291417 0.6654182509890861 0.15088846632602382 0.6745929847643146 0.18529372096050814
2 0.8442886999155612 0.5709873052155088 0.7749400925169169 0.5124262653691742 0.7458887347106486 0.5468291928477671 0.815237342109293 0.6053902326941016
0 0.039745595139043154 0.17856719798507706 0.028513304927600805 0.1452863368192889 0.017572078717471514 0.14897900052318203 0.028804368928913863 0.18225986168897015
2 0.2788516158805802 0.7794678602861475 0.2412255512736003 0.7610243706442682 0.18145482808151675 0.8829610071539137 0.21908089268849668 0.901404496795793
3 0.38185887035991795 0.43223965352101257 0.35152557089771225 0.38241720799671597 0.27768322268942475 0.42737449657666216 0.3080165221516304 0.4771969421009588
2 0.24940167271220576 0.24393021802456677 0.22229670795530104 0.19310842083347565 0.1999885817613266 0.2050060908825438 0.22709354651823135 0.2558278880736349
0 0.8101361235259718 0.0885540754947028 0.7915615374782144 0.07864763588934763 0.7798737301783317 0.10056228848400134 0.7984483162260891 0.11046872808935651
2 0.16438551764325549 0.11758984884799671 0.13165144999685896 0.08177822911975553 0.10987333548936468 0.10168479237796817 0.14260740313576117 0.13749641210620933
0 0.35955403527546564 0.7922685261678082 0.3457636779579266 0.7874203529566238 0.3299635464007339 0.8323629427418152 0.34375390371827297 0.8372111159529995