3 0.9028832905115041 0.894291606753511 0.8055910408799316 0.7861891274320916 0.7571909540703214 0.829749213728256 0.8544832037018939 0.9378516930496755
2 0.2351345964376434 0.7458403898261756 0.1976018060548381 0.7261842080041401 0.15170037413169812 0.8138313837496588 0.18923316451450342 0.8334875655716942
1 0.24625551480112448 0.251126244218958 0.12239676385606257 0.12571924743163587 0.07722048328195455 0.1703377920710714 0.20107923422701648 0.29574478885839356
3 0.18637533108399446 0.6232295685447298 0.1420181100476461 0.5937736005631019 0.06325064880488315 0.712388126862032 0.10760786984123151 0.7418440948436599
2 0.7163136810723884 0.1732422774270378 0.7071389472971599 0.13883702279255355 0.665418251587554 0.14996254068566317 0.6745929853627823 0.18436779532014744
2 0.8375178672881604 0.5635799034855213 0.7687773255308716 0.5055323333041571 0.7397259654600895 0.5399352587636064 0.8084665072173783 0.5979828289449707
0 0.05693309513904316 0.19153016192738476 0.04570080492760082 0.1582493007615966 0.032328196877613964 0.16276255580488044 0.043560487089056306 0.1960434169706686
2 0.27833078427524194 0.7785419371538551 0.2407047215465548 0.7600984470372025 0.18093399496593457 0.8820350812337348 0.21856005769462167 0.9004785713503873
3 0.3344299766099891 0.45516417583388225 0.2968981488306687 0.4157187168683987 0.22464664084092456 0.48446506247538335 0.262178468620245 0.523910521440867
2 0.255566534915114 0.2502393995113358 0.23024574040274523 0.19860872837784033 0.20449439405309416 0.2112377439420664 0.22981518856546296 0.2628684150755619
0 0.7710309756556009 0.10095904681878255 0.769359403794518 0.0771856129242218 0.7508312132152726 0.07848837810936124 0.7525027850763555 0.10226181200392198
2 0.1884975594715344 0.13403951659291805 0.15338286730047496 0.09947349006260654 0.132689993143389 0.12049482167338212 0.16780468531444848 0.15506084820369365
0 0.381877707318161 0.7577479700630226 0.3694213410333227 0.75177929495078 0.35150262858357917 0.7891748712603165 0.3639589948684175 0.7951435463725591