2 0.8909877829965119 0.485507706925221 0.8315014677347339 0.43263089835706275 0.7995474101663758 0.46857915608812817 0.8590337254281538 0.5214559646562864
2 0.27911469465788014 0.3187591309930478 0.24012184411878465 0.28220335892049647 0.2155600251008584 0.3084026506775826 0.2545528756399539 0.34495842275013394
3 0.4231124682203167 0.11086257774577633 0.36911193957405514 0.07726223745636636 0.3408278473545637 0.12271879887736896 0.3948283760008252 0.15631913916677892
2 0.3289671911897626 0.8330245886688876 0.29148997819761713 0.8157193456427195 0.24715503236690395 0.9117336116880085 0.2846322453590494 0.9290388547141765
2 0.2778103655898083 0.9414394808111309 0.22503344272223644 0.9205893484678016 0.19366134855769238 1.0000000000000002 0.24643827142526425 1.0208501323433294
0 0.6610789693386449 0.9088677806264216 0.6471461534803258 0.8562326895637007 0.6259877735716753 0.8618334362362255 0.6399205894299944 0.9144685272989465
2 0.08512748999517518 0.1413028870007503 0.05948078687699928 0.10272323593098355 0.03462314416473875 0.11924792097041433 0.06026984728291464 0.1578275720401811
2 0.5023635078452634 0.43547041100514944 0.4520117310399214 0.39298609728312633 0.4275376146975249 0.4219924559980963 0.4778893915028668 0.4644767697201194
2 0.7216382713985413 0.18572317131277247 0.7138071190973378 0.1519513276491721 0.6701612786351432 0.16207210243950046 0.6779924309363466 0.1958439461031008
3 0.7672856669620617 0.8172307964273594 0.6201025268450847 0.6290199925140486 0.5506247284892493 0.6833524767169005 0.6978078686062262 0.8715632806302113
2 0.8250740358906901 0.5685181686728572 0.7648945899477828 0.5109104861631244 0.7339056287754401 0.5432828787408465 0.7940850747183474 0.6008905612505793
2 0.918282932866342 0.6517316098887919 0.8524203410006509 0.5794885775258394 0.8167192082006894 0.6120366179643042 0.8825818000663805 0.6842796503272568
2 1.0268489812958475 0.7293788766446873 0.9450979848311678 0.6688225806380589 0.9149090261878654 0.7095776732390137 0.996660022652545 0.770133969245642
3 0.4350598234385684 0.46011071834771566 0.3718058985786297 0.39031327360543333 0.33658397146328534 0.4222331402911343 0.39983789632322403 0.4920305850334166
1 1.0282494412242587 0.9395345279766272 0.7455460593968836 0.6328105843864076 0.6657563741952468 0.706351676670941 0.948459756022622 1.0130756202611606