0 0.6202851810146076 0.08265028404643206 0.6020781130943695 0.08060198583296295 0.5986067428328934 0.1114585640945564 0.6168138107531315 0.11350686230802552
2 0.8880267524024349 0.45937602791602256 0.8183710470272879 0.41407150065232473 0.7923183302974759 0.4541275495807521 0.8619740356726229 0.4994320768444499
2 0.003645834134615392 0.05295138942307693 6.4846749567376166e-18 0.05295138942307693 7.567955418029645e-18 0.07064270192307692 0.003645834134615393 0.07064270192307692
0 0.19589884456150491 0.33027684691227355 0.18910454087104872 0.29058949555669733 0.1782364687836678 0.29245006270893337 0.18503077247412406 0.3321374140645096
3 1.0258829906980083 0.4888318065966418 0.9381873685937904 0.4336660138551516 0.9010521494619931 0.4926989032944458 0.9887477715662111 0.547864696035936
2 0.988680577804973 0.546913603391681 0.9273373720717465 0.4973433272930544 0.8993967067203599 0.5319198944996435 0.9607399124535866 0.5814901705982701
2 0.3033373806053902 0.22116421749050252 0.2623508366202346 0.17834791766557417 0.23747041733684188 0.202165071494784 0.2784569613219975 0.2449813713197124
2 0.24980603387218364 0.17436462144079282 0.21109554550294984 0.13995530010021273 0.19500359170329132 0.15805874899518668 0.2337140800725251 0.1924680703357668
3 0.25706401446107674 0.23980982383619068 0.21584772823441026 0.15508746496928943 0.1818705084855006 0.17161692464306283 0.22308679471216702 0.2563392835099641
3 0.23986578946599815 0.2797770766067182 0.19543032946845815 0.16918215497160788 0.14507684000429583 0.18941346789032887 0.1895123000018358 0.3000083895254392
3 0.181358160486042 0.18250724892349696 0.0892128173155906 0.09745000404087635 0.047457402657125045 0.1426850339109182 0.13960274582757642 0.22774227879353878
2 0.8229907036025632 0.5574070484373006 0.762811248353951 0.4997993779284999 0.7318222947232551 0.5321717743775957 0.7920017499718675 0.5897794448863963
2 0.9151579322900895 0.6396945705625959 0.8492953395852914 0.5674515419680982 0.8135942093376254 0.599999582192177 0.8794568020424235 0.6722426107866747
2 0.8883892526639443 0.5266747627927268 0.8221710993230495 0.4709121225865441 0.7906686113295198 0.508321337302026 0.8568867646704146 0.5640839775082088
2 1.0226296741382035 0.7062213185604214 0.9359135461362095 0.6635407292561085 0.9108034593265807 0.7145580544012634 0.9975195873285748 0.7572386437055763
3 0.08639013845492949 0.12254976718220902 0.04006160933879398 0.07548586685072718 0.015593743626468166 0.09957142331925734 0.06192227274260368 0.14663532365073914
1 0.19857040210313576 0.1339144323227156 0.06567888148358181 0.01578863167314558 0.02682830498655447 0.05949552855126684 0.15971982560610842 0.1776213292008369