2 0.9214875281828129 0.6202261934753311 0.8518039879770016 0.5665440578056186 0.8210956785452649 0.6064058048885727 0.8907792187510762 0.6600879405582852
3 0.3302439129754299 0.15229149078675744 0.2425937824378306 0.08303705500489536 0.20005522567815348 0.13687490684460796 0.2877053562157527 0.20612934262647004
2 0.8198169665044942 0.5485505767639536 0.7520786854146437 0.4918806459835889 0.7236649786728125 0.5258439070565957 0.791403259762663 0.5825138378369604
2 0.20788475324195246 0.1143908011370577 0.18021134133561137 0.079770568118601 0.15676213977758435 0.09851450358674604 0.18443555168392545 0.13313473660520272
2 1.024715128818281 0.711977442961374 0.9419848944905549 0.640890725451574 0.9101832370436441 0.6779012762936537 0.9929134713713702 0.7489879938034536
3 0.915352455772338 0.15913901365256253 0.906463074483358 0.09127813065820144 0.8101912059368144 0.10388918593998885 0.8190805872257945 0.17175006893434994
2 0.308724187216437 0.8233501307943546 0.2708001468338392 0.8078357511124905 0.22705752289993766 0.9147621684444889 0.2649815632825355 0.930276548126353
2 0.21601781346735846 0.758458144026389 0.1757308324403908 0.7375134928317858 0.1230532977742947 0.8388385910595986 0.16334027880126237 0.8597832422542019
2 0.646244720035911 0.13998452072059803 0.643378509492806 0.10881449222601013 0.5999405907884255 0.11280878503144208 0.6028068013315308 0.14397881352602998
3 0.24635416586538475 0.9444444447115384 0.18030181730769243 0.9444444447115384 0.18030181730769243 1 0.24635416586538475 1
2 0.694050514977002 0.6405318463839904 0.6247967164293858 0.5748689851442349 0.5940070374743155 0.6073424744720076 0.6632608360219316 0.6730053357117632
3 0.5496120895802341 0.13283624011531192 0.45104345010042785 0.07891835749837955 0.41292893672301645 0.14859645956217438 0.5114975762028227 0.20251434217910674
2 0.1645833341346154 1.7935973010641028e-17 0.128125 1.5703543900630957e-17 0.128125 0.024074074519230788 0.1645833341346154 0.024074074519230788
2 0.7434342031115689 0.12844814181230427 0.7418273357065506 0.09416835822477276 0.7061851630009476 0.09583908772102022 0.7077920304059659 0.13011887130855174
2 0.3970215966057776 0.1654336775811452 0.36441252234055954 0.1386775090350121 0.34405015401520134 0.16349414075088958 0.3766592282804194 0.19025030929702266
2 0.7069926267298803 0.29438799353209555 0.6576113299980832 0.26040516899393695 0.6387664681158682 0.2877891115920709 0.6881477648476653 0.3217719361302295
2 0.6254868906577998 0.28571421233810546 0.5829541197169494 0.25972196240738554 0.5633462072606229 0.2918076360738086 0.6058789782014733 0.31779988600452846
2 0.7801512255614897 0.4375306289998806 0.7259184351342682 0.3933409482973069 0.7011125135466527 0.4237845796027689 0.7553453039738743 0.46797426030534256