2 0.9262984529960087 0.6289098671929428 0.8584211741046305 0.5744134175297313 0.8270857536598697 0.6134428054229295 0.8949630325512479 0.6679392550861409
3 0.3375816981285565 0.15495642904410395 0.2487426300003521 0.0872695134856869 0.2072313893978279 0.14175301153770206 0.2960704575260322 0.20943992709611914
2 0.8264224594677725 0.5539496883707444 0.7582257100312724 0.4991967513206752 0.7307251966369245 0.5334496283784748 0.7989219460734246 0.588202565428544
2 0.21569725324195244 0.11809450546398079 0.18802384133561137 0.08347427244552406 0.16457463977758435 0.1022182079136691 0.1922480516839254 0.13683844093212583
2 1.0263253172830409 0.7173860668807897 0.9489856950071675 0.6500427214874059 0.9169423653051763 0.6868424824903209 0.9942819875810496 0.7541858278837046
3 0.7710698387980709 0.26496492723157006 0.6626984146770621 0.21010189588042552 0.6195199543202897 0.29539268505076016 0.7278913784412985 0.3502557164019047
3 0.9725920285364136 0.4434902877660058 0.8524051484913399 0.34734078705819865 0.8267276431493961 0.3794376698466743 0.9469145231944698 0.47558717055448163
2 0.780549440035692 0.6544994800505357 0.7145125932964462 0.5830653947282269 0.6811888073960387 0.6138713850666992 0.7472256541352849 0.6853054703890079
2 0.6956637725149718 0.6544063793234411 0.633743699347976 0.5906757758980715 0.6005703431355178 0.6229067063061859 0.6624904163025136 0.6866373097315555
1 0.4960399685935455 0.4920347593406482 0.32291666586538464 0.32962962980769234 0.26921163587660807 0.38687900482133813 0.4423349386047689 0.549284134354294
2 0.48000334216226637 0.37874918530122603 0.4219045393726277 0.33107836707029065 0.39396304019008327 0.36513206513750845 0.45206184297972196 0.4128028833684439
3 0.24460591361593043 0.32423496460664075 0.20514346346007323 0.23919803722643043 0.16893145053729647 0.25600267491775996 0.2083939006931536 0.3410396022979703
2 0.21531191580771392 0.21819737576891804 0.18498597063704542 0.18218530603739488 0.1632179863846378 0.20051623513522013 0.1935439315553063 0.23652830486674328
1 0.3834877167271454 0.3114847833988876 0.2384112011241009 0.18931508586347517 0.19137356460285007 0.24517227914765716 0.3364500802058945 0.36734197668306956
0 0.3776042535098174 0.542284969274617 0.37455314414371094 0.506123676386921 0.3596591763735374 0.5073803550323223 0.36271028573964387 0.5435416479200181
2 0.3144533563097451 0.8242760580042243 0.27762444685473986 0.8092096858227504 0.23388182151731912 0.9161361023795518 0.27071073097232434 0.9312024745610257
2 0.2742193371859146 0.044526570233425176 0.23910927202370674 0.018825092100679057 0.2215863977140854 0.04276259700457494 0.2566964628762933 0.06846407513732106
2 0.35773264236857993 0.2794930318386104 0.32353957591914384 0.24310513975641163 0.31718750000000007 0.24907407451923078 0.3513805664494361 0.2854619666014296
2 0.22122614777722038 0.761235921068872 0.18093916705641389 0.7402912692725944 0.12838328226833726 0.841382370610382 0.16867026298914375 0.8623270224066596
2 0.13631948295383556 0.2079264381635187 0.10855151618917008 0.1677028817202168 0.0811827388765838 0.18659666849604972 0.10895070564124926 0.2268202249393516
3 1.0460038895294146 0.5116511355531006 0.8336246288379948 0.3790620739780381 0.7788495378639682 0.4668000305422997 0.9912287985553878 0.5993890921173622
2 0.9130290984490941 0.5391677021816604 0.8447256279301271 0.48559635311862603 0.8142434682076185 0.5244611070286123 0.8825469387265856 0.5780324560916467
2 0.0223958341346154 0.07685185096153846 9.41163732885975e-18 0.07685185096153846 1.2189771260466756e-17 0.12222222115384616 0.022395834134615402 0.12222222115384616
2 1 0.12314814903846166 0.9541666658653847 0.12314814903846164 0.9541666658653847 0.15277777884615398 1 0.15277777884615398