2 0.7431833355296535 0.36993862819628076 0.6882744020145335 0.3281032462573664 0.6625132026299243 0.3619148171985533 0.7174221361450445 0.4037501991374677
2 0.33191288418374937 0.37900155175019457 0.2921688796978454 0.33552094339740485 0.26517678501153097 0.3601934117215053 0.30492078949743495 0.40367402007429504
3 0.34663461432019027 0.06083511589489922 0.2971420941142909 0.027840099251702208 0.26861645187961497 0.07062855848944119 0.3181089720855144 0.1036235751326382
2 0.3300088572281185 0.8358023680852443 0.292531646140603 0.818497125267993 0.24819669990854706 0.9145113884620378 0.2856739109960626 0.9318166312792889
2 0.26436671193374667 0.932169619270947 0.19996966919736076 0.9281448075829357 0.19547872355769244 1.0000000000000002 0.2598757662940784 1.0040248116880115
0 0.708995641856872 0.9838677782074579 0.6952674467701677 0.9320057290002006 0.6733646589326491 0.937803528141814 0.6870928540193535 0.9896655773490713
2 0.1287350169022719 0.17773610242339577 0.09529506236040519 0.14376535670215948 0.0734062436075105 0.16531216377193733 0.10684619814937722 0.1992829094931736
2 0.6625862054248224 0.5709099649701017 0.6051939652532088 0.5198946354677924 0.5778376419342053 0.550670496242454 0.6352298821058189 0.6016858257447635
2 0.7216382708695707 0.1866490969162016 0.7138071185683672 0.15287725325260126 0.6701612786351432 0.16299802792026977 0.6779924309363469 0.19676987158387013
3 0.8938124951183247 0.9541500664450494 0.7186231602787866 0.7478665212054653 0.6495436266674524 0.8065333311555244 0.8247329615069905 1.0128168763951086
2 0.8250740365364009 0.5703700112301463 0.7648945824885666 0.5127623418708073 0.7339056300586482 0.545134737065519 0.7940850841064825 0.602742406424858
2 0.9182829322900894 0.653583459985673 0.8524203395852913 0.5813404313911755 0.8167192093376254 0.6138884716152542 0.8825818020424235 0.6861315002097517
2 1.0268489812958477 0.7330825809716104 0.945097984831168 0.6725262849649819 0.9149090273376236 0.7132813760137634 0.9966600238023033 0.7738376720203919
3 0.5099971475299205 0.5365028590205746 0.4406250000000001 0.46574074038461544 0.404839691665402 0.5008231225552631 0.47421183919532245 0.5715852411912222
1 1.0456314593923208 0.9545467875406914 0.9077729712707353 0.8161476808056386 0.828922813648292 0.8946898316505011 0.9667813017698775 1.033088938385554