2 0.9024461224256731 0.4947668978065831 0.8429597525296142 0.4418901703243699 0.8110057476151394 0.47783845696223576 0.8704921175111984 0.530715184444449
2 0.2751689390875914 0.31476285786395575 0.23652746481065468 0.2777727305176734 0.2119426551604225 0.30345507761557583 0.2505841294373592 0.3404452049618581
3 0.4304166654038448 0.1187036996538434 0.37786110359102254 0.07928703966442541 0.34568055348589777 0.12219445218173555 0.39823611529872 0.16161111217115356
2 0.3289671911897626 0.8330245886688876 0.29148997819761713 0.8157193456427195 0.24715503236690395 0.9117336116880085 0.2846322453590494 0.9290388547141765
2 0.2772895317797198 0.9414394799896717 0.22451260891214794 0.9205893476463424 0.19314051442307698 1.0000000000000002 0.24591743729064885 1.0208501323433294
0 0.6584748034732599 0.9042381508187295 0.6445419880521809 0.8516030614078027 0.6233836058970905 0.8572038086749731 0.6373164213181695 0.9098388980859
2 0.08147483541035215 0.13766677776086794 0.055059047398270215 0.09903369842301236 0.030383542638954302 0.11590584307171768 0.056799330651036234 0.15453892240957326
2 0.4914260078452634 0.42713707687053365 0.44183483215479696 0.3852945203700411 0.4171209466476982 0.41458504993321876 0.46671212233816467 0.4564276064337113
2 0.7216382713985413 0.18572317131277247 0.7138071190973378 0.1519513276491721 0.6701612786351432 0.16207210243950046 0.6779924309363466 0.1958439461031008
3 0.7592773125904668 0.802667263716777 0.6031063071678825 0.6259889524834522 0.5376539319828079 0.6838441763000884 0.6938249374053923 0.8605224875334131
2 0.8250740358906901 0.5685181686728572 0.7648945899477828 0.5109104861631244 0.7339056287754401 0.5432828787408465 0.7940850747183474 0.6008905612505793
2 0.9182829316695389 0.6508056830952789 0.8524203410006508 0.5785626520450701 0.8167192082006894 0.6111106924835349 0.8825817988695774 0.6833537235337437
2 1.0268489812958475 0.7293788766446873 0.9450979848311678 0.6688225806380589 0.9149090261878654 0.7095776732390137 0.996660022652545 0.770133969245642
3 0.4284939393182193 0.4569926893193967 0.3680928253257777 0.38412785260182997 0.3322342663152117 0.4138527104066609 0.39263538030765327 0.4867175471242276
1 1.0145724386547488 0.9264247254374359 0.7345848015244093 0.6226472960293965 0.6560301170978503 0.6950501092369852 0.9360177542281899 0.9988275386450246