0 0.3833333341346154 4.6351605772106965e-17 0.3671875 4.5362958567480916e-17 0.3671875 0.022222221153846197 0.3833333341346154 0.022222221153846197
2 0.6570605635733257 0.2949583011085618 0.6051300423997379 0.2584446707874705 0.5799890585225486 0.2942007537646559 0.6319195796961363 0.3307143840857471
2 0.01770833413461539 0.04969135817307692 6.085436273194333e-18 0.04969135817307692 8.485592832183875e-18 0.08888888942307692 0.017708334134615394 0.08888888942307692
3 1 0.5620370360576925 0.9692708341346153 0.5620370360576925 0.9692708341346153 0.6217320264423076 1 0.6217320264423076
0 0.2860147059756764 0.4188959827066032 0.2786530666345003 0.3829057185573014 0.26415546281621644 0.3858711352649621 0.27151710215739244 0.4218613994142639
3 0.7799315869557718 0.3162325998588548 0.714781197374774 0.2709105934102808 0.680188133994484 0.3206381260733224 0.7453385235754818 0.36596013252189646
2 0.8646619707613843 0.06421508702735303 0.8531988510346044 0.016664364568278005 0.8327362577868792 0.021597310782101663 0.8441993775136591 0.06914803324117669
2 0.8677433945655145 0.45426979920135635 0.8118961288092397 0.4129014526056184 0.785692999612055 0.44827567566127097 0.8415402653683297 0.4896440222570089
2 0.4277654915001419 0.32854802637425856 0.38091442302113065 0.28412626508230765 0.35672032835900247 0.30964347000251047 0.4035713968380138 0.35406523129446144
2 0.3194695350182129 0.24539210642734494 0.28464200810147244 0.2022388083455442 0.2594513314149045 0.22256932789677983 0.294278858331645 0.26572262597858054
3 0.4980725297683231 0.4375192272779052 0.4202043393489642 0.3656408997866132 0.38271765142357783 0.40625147957394486 0.46058584184293677 0.4781298070652369
3 0.3978165407461388 0.3907959443446599 0.30966871047169336 0.2955425134832019 0.2615743869804081 0.340049154618681 0.3497222172548535 0.43530258548013906
3 0.23393633827923296 0.2366996636317165 0.1436354599504819 0.148562860153158 0.10092834443914181 0.1923185886270143 0.1912292227678929 0.28045539210557274
2 0.8224698700253055 0.5629626133843953 0.7622904228280144 0.5053549296738853 0.731301461655672 0.5377273222516076 0.7914809088529631 0.5953350059621176
2 0.9156787670009574 0.6461760546003303 0.8498161751352663 0.5739330222373779 0.814115042335305 0.6064810626758427 0.8799776342009961 0.6787240950387952
2 0.6533421137493639 0.34404327920418043 0.595136552789304 0.3026526613604179 0.5681112990553603 0.34065692743853826 0.6263168600154203 0.3820475452823008
2 1.0249391059806146 0.7286585976441621 0.9404104859809259 0.6660448026435778 0.9102215273376236 0.7067998952445328 0.9947501473373122 0.769413690245117
3 0.09576513845492947 0.1327349522783628 0.049436609338793965 0.08567105194688102 0.024968743626468153 0.10975660841541118 0.07129727274260365 0.15682050874689296
1 0.2613649427701742 0.1911206929840878 0.12274066595170006 0.06789910049447741 0.08090158471002246 0.11496806188909638 0.21952586152849657 0.23818965437870673