3 1.044426315590353 0.45756732875309136 0.9093030757284807 0.36889267884160576 0.8521360704643567 0.45600428257728187 0.9872593103262292 0.5446789324887674
2 0.2544602894482505 0.6993089770407844 0.21648954765929831 0.6787719171653 0.17179972949350553 0.7613984253634964 0.20977047128245774 0.7819354852389805
1 0.2417333283863168 0.24148110774266884 0.11704247521843966 0.11714448886625087 0.0713576207345495 0.16295949923024103 0.19604847390242666 0.287296118106659
2 0.6926139575160014 0.17174386448727605 0.6829808297802646 0.13768387458397394 0.6419511208038844 0.14928823584924997 0.6515842485396212 0.1833482257525521
2 0.8316859423685224 0.5508588553014968 0.7637253324613777 0.49716157424049956 0.7353996599307144 0.5330112475047233 0.8033602698378591 0.5867085285657204
0 0.16111252125160413 0.29480542113374814 0.15506769522093802 0.2594959466577506 0.14162560439933772 0.2617971732183505 0.14767043043000386 0.297106647694348
2 0.14225604632857147 0.9239653726303453 0.09995848373303215 0.8995399364858153 0.043449455668143 0.9973967009523537 0.0857470182636823 1.0218221370968836
2 0.4116285726141213 0.5598699957316421 0.37752582459546946 0.5363274734561565 0.32204046759854366 0.6167013232182706 0.3561432156171956 0.6402438454937561
2 0.2745424251105226 0.24474383489599233 0.23079887320157066 0.20845289211510012 0.20719936342364806 0.2368987329197626 0.25094291533260005 0.27318967570065483
0 0.5463476071073657 0.06746898089293968 0.5385118097431122 0.04270399154350763 0.5241015930027669 0.047263474156606713 0.5319373903670205 0.07202846350603877
2 0.29337679525883076 0.2193298655670843 0.2543476169481279 0.17968117839573192 0.23173137499926533 0.20194404263447352 0.2707605533099682 0.2415927298058259
0 0.6063971526022448 0.7938237270549219 0.5844793012889592 0.7483644764522048 0.5637720991389548 0.7583483053059699 0.5856899504522404 0.8038075559086869
2 0.9968431277193724 0.6853386249298828 0.9218843301406829 0.6236809739306169 0.8885261181441766 0.6642354131625444 0.9634849157228662 0.7258930641618103