0 0.3635416658653846 4.362804221962445e-17 0.3473958341346154 4.263939516219154e-17 0.3473958341346154 0.011111110576923119 0.3635416658653846 0.011111110576923119
2 0.6187877417189612 0.27023252216867394 0.5703361309921979 0.2310796984379771 0.5439591548839042 0.2637212005513021 0.5924107656106675 0.30287402428199894
2 0.020833334134615394 0.04787581730769231 5.863096642242884e-18 0.04787581730769231 8.487816184335453e-18 0.09074074038461538 0.020833334134615394 0.09074074038461538
3 1 0.5481481490384617 0.9583333341346154 0.5481481490384617 0.9583333341346154 0.6199074062500001 1 0.6199074062500001
0 0.29955637641694527 0.4337107960416314 0.29137745646351854 0.39372498088689833 0.2760163596413256 0.39686702465465395 0.2841952795947523 0.436852839809387
3 0.7515083495603713 0.29459112307954005 0.6893474269774273 0.25038780247905074 0.6549755033834102 0.2987233223569606 0.717136425966354 0.3429266429574499
2 0.8691388789050697 0.07620675951966921 0.8594638320253671 0.028906494358657324 0.8395125831712532 0.03298742852076156 0.8491876300509555 0.08028769368177344
2 0.8356648583572294 0.42850174754673287 0.7831474219499746 0.38959994130439524 0.7573871614894426 0.42437629158856177 0.8099045978966974 0.4632780978308994
2 0.4552234901285317 0.3522060558208271 0.4068058458014698 0.3068145064079736 0.3819498607078595 0.3333275525856922 0.43036750503492144 0.37871910199854564
2 0.3444907250019359 0.25784540669288003 0.30554053496593964 0.21950379895859642 0.2810449608570887 0.24438818234681425 0.31999515089308495 0.2827297900810979
3 0.5456906230616431 0.48325347893663584 0.4637503160524965 0.4061331971841625 0.4237910926492606 0.4485898760124036 0.5057313996584072 0.525710157764877
3 0.4046693116222097 0.4484792286731905 0.35740168448641446 0.3111597235485135 0.2978111455468438 0.33167176495777534 0.34507877268263903 0.46899127008245234
3 0.24695717244264415 0.24781077658298284 0.15665629291232347 0.1596739719316507 0.1139491785737572 0.20342969920393744 0.2042500581040779 0.2915665038552696
2 0.8229907026591612 0.5629626086605224 0.7628112521649919 0.5053549320202406 0.7318222946811399 0.537727326491386 0.7920017451753092 0.5953350031316678
2 0.9156787670009574 0.6461760546003303 0.8498161751352663 0.5739330222373779 0.814115042335305 0.6064810626758427 0.8799776342009961 0.6787240950387952
2 0.614627089491431 0.3173498239549731 0.5605182951668538 0.27406278100332354 0.5333051042291108 0.30807926378803346 0.5874138985536881 0.351366306739683
2 1.0249391059806146 0.7286585976441621 0.9404104859809259 0.6660448026435778 0.9102215273376236 0.7067998952445328 0.9947501473373122 0.769413690245117
3 0.09993180430153642 0.13551273110544096 0.053603275204178576 0.08844883079303488 0.029135409491852775 0.11253438726156503 0.07546393858921063 0.1595982875739711
1 0.276163794286716 0.20427522531835957 0.13586925986985127 0.07956896051238276 0.0926508668981144 0.12818964793052057 0.23294540131497915 0.2528959127364974