3 0.7489924722096994 0.7295777588107456 0.6581321971875806 0.6622738487983418 0.6196025234573815 0.7142889063335313 0.7104627984795003 0.7815928163459349
2 0.2366970964376433 0.750470019633868 0.19916430605483806 0.7308138378118325 0.15326287413169823 0.818461013557351 0.19079566451450347 0.8381171953793866
1 0.24729717991132 0.2548299440292878 0.12343842182263226 0.12942295628783693 0.07826214980411744 0.1740414982691344 0.20212090789280518 0.29944848601058527
3 0.3032617540728381 0.47770754918454894 0.26386151279681935 0.4450908403108845 0.19455851737463178 0.5288072799848375 0.23395875865065058 0.561423988858502
2 0.7118343158393207 0.1839468557889717 0.710066693919901 0.14623764800179015 0.6694874547443812 0.14813980285597955 0.671255076663801 0.18584901064316114
2 0.8577155167752439 0.58417304691449 0.7890984133855095 0.5231800793192052 0.7582938218591652 0.5578352522838522 0.8269109252488996 0.6188282198791372
0 0.025162264462183472 0.16560423574678218 0.014103997371047979 0.1328390043319004 0.0031627718395411844 0.13653166844587336 0.014221038930676678 0.16929689986075516
2 0.10032319487385187 0.8253604819330308 0.0656644109988897 0.8073892626393916 -0.0028063049375141977 0.9394399435992362 0.03185247893744796 0.9574111628928754
2 0.2798932842752419 0.7803937881153936 0.24226722154655472 0.761950297998741 0.18249649496593445 0.8838869321952735 0.22012255769462163 0.9023304223119261
3 0.4273811401663642 0.4166293280030734 0.4054236464396894 0.36086428915895985 0.3339974893755494 0.3889883509038193 0.35595498310222407 0.4447533897479329
2 0.24319730842550927 0.23800457455615315 0.21244147369061514 0.18879525601432043 0.19463041074693135 0.19992717420747844 0.22538624548182545 0.24913649274931116
0 0.8439902933535872 0.09503557016576718 0.825415706488517 0.08512911697941838 0.8137278887920468 0.10704375998861917 0.832302475657117 0.11695021317496798
2 0.14086665861790457 0.09798074775053099 0.107364775470231 0.0626467305805629 0.08723408238816716 0.08173361006196529 0.12073596553584073 0.11706762723193338
0 0.33859953586915503 0.8361111099956008 0.32362132262277066 0.8323665588443242 0.31106005487257266 0.8826116588326786 0.326038268118957 0.886356209983955