3 0.9555996315323099 0.4867299935136663 0.8905196454575979 0.3324663218909873 0.802312391303794 0.36967875701349107 0.8673923773785059 0.52394242863617
1 0.22600596153378302 0.1689962209241864 0.09967695335278609 0.0657199531398537 0.06154771900241472 0.1123601780581475 0.1878767271834116 0.2156364458424802
1 0.24136530748871768 0.24853672430068158 0.1145198622919486 0.1229597362232934 0.06891915638984386 0.16902105629472888 0.19576460158661296 0.294598044372117
2 1.0289840890349962 0.7231699515109997 0.9493451551711399 0.6557507473862021 0.9162515438267514 0.6948425752916955 0.9958904776906077 0.7622617794164932
2 0.5307869049766688 0.5312133423722162 0.514354834157374 0.44941811405771676 0.4875711836011192 0.4547987560805914 0.5040032544204138 0.5365939843950909
2 0.8288671685896496 0.5529183462330999 0.7588108288421055 0.5012778999045426 0.7312628660336326 0.5386499518342304 0.8013192057811765 0.5902903981627877
0 0.1812766853734661 0.3196341950537064 0.17636411517145437 0.2847003871948664 0.1634680961643295 0.28651389114940157 0.1683806663663413 0.32144769900824155
2 0.44916234337879984 0.23023547205026082 0.4439701763031163 0.1794676947471811 0.41894781496650463 0.18202680384333472 0.4241399820421882 0.23279458114641444
3 0.33878458528137745 0.14799134257334612 0.25631521944852864 0.08032416410147293 0.21318052905114565 0.13289456296843746 0.2956498948839944 0.20056174144031064
2 0.27297992511052266 0.2484475392229154 0.22923637320157073 0.21215659644202317 0.20563686342364812 0.24060243724668576 0.24938041533260005 0.2768933800275779
2 0.6660707592989679 0.6860985891039691 0.6025028151595074 0.6398673691261169 0.5730733867586545 0.6803328437888639 0.6366413308981149 0.7265640637667161
2 0.3005430692655138 0.22625339298055122 0.25845418087123717 0.19062258662027182 0.2372760095075489 0.21563930058144726 0.27936489790182556 0.2512701069417267
3 0.10222397377212698 0.16599076743379088 0.06301619587863498 0.09628805312448935 0.028199183128960827 0.11587262334289673 0.06740696102245283 0.18557533765219825
2 0.9303948699718447 0.6337967327456485 0.8614402716512899 0.5765899558619659 0.8288316944374198 0.6158949379999925 0.8977862927579745 0.673101714883675
2 0.09701613749181784 0.09885054944289792 0.06690488198022349 0.06981469272310703 0.04835935920430863 0.08904708459949479 0.07847061471590298 0.11808294131928566
3 1 0.45370370432692325 0.9614583341346153 0.45370370432692325 0.9614583341346153 0.5578431370192309 1 0.5578431370192309
2 0.14187911734240413 0.04934875648371288 0.1170915281684614 0.01730015838818624 0.09660142694493337 0.03314797206625808 0.1213890161188761 0.06519657016178472
2 0.0328125 2.009186154851126e-18 0 0 1.5308084989341916e-18 0.025 0.0328125 0.025