0 0.6765351822684444 0.07987250835206051 0.6583281142106379 0.0778242090595744 0.6548567424723448 0.10868078442670931 0.6730638105301513 0.11072908371919542
2 0.8885951146644478 0.4540190929886518 0.8190615577495076 0.40838768404052683 0.7927028838195633 0.44855327165132647 0.8622364407345036 0.4941846805994515
2 0.002083334134615391 0.04907407451923077 6.009840828109465e-18 0.04907407451923077 6.8035932958868236e-18 0.06203703605769231 0.002083334134615392 0.06203703605769231
0 0.19485717816879655 0.32657314229555745 0.18806287570666538 0.28688579363519895 0.17719480346250974 0.28874636060426034 0.18398910592464085 0.3284337092646189
3 1 0.4898148149038463 0.9755208341346153 0.4898148149038463 0.9755208341346153 0.546296295673077 1 0.546296295673077
2 0.989486644703876 0.5425908963255653 0.929092008367878 0.4912408746819896 0.899212341961091 0.5263834418848721 0.9596069782970892 0.5777334635284478
2 0.30264816914389403 0.21454963390803408 0.2606476477638714 0.17306763588785892 0.23647255824316277 0.1975449130861426 0.2784730796231854 0.23902691110631777
2 0.24980603316743638 0.16788314329215448 0.21109554720696502 0.13347381912981351 0.19500359366569867 0.15157726512302216 0.23371407962617005 0.18598658928536313
3 0.2555015154067127 0.23332834260692084 0.2138213091057077 0.14765237033565998 0.1805156648450565 0.1638551175817216 0.22219587114606146 0.2495310898529825
3 0.23903554317420087 0.27437735671149016 0.19426886987125214 0.16295806911226832 0.1439153779788706 0.18318938067223078 0.18868205128181928 0.29460866827145266
3 0.179274827589063 0.1769516903307375 0.08712948245104604 0.09189445118136204 0.04537406917325008 0.13712948357062218 0.13751941431126705 0.22218672271999765
2 0.8224698700253055 0.5527774282882417 0.7622904228280141 0.4951697445777314 0.7313014616556717 0.5275421371554536 0.7914809088529631 0.5851498208659639
2 0.9156787658041542 0.6350649427106637 0.8498161751352662 0.5628219116604547 0.8141150423353047 0.5953699520989196 0.8799776330041927 0.6676129831491285
2 0.887868418379634 0.5192673700989999 0.8216502763261684 0.46350470976705627 0.7901477835317953 0.5009139103051642 0.8563659255852609 0.5566765706371078
2 1.0237381849389775 0.7059839622682792 0.9360134569120534 0.6602371415341239 0.9100424818831705 0.7100394378345045 0.9977672099100945 0.7557862585686599
3 0.08482763845492948 0.11699421189374742 0.03849910933879396 0.06993031156226565 0.014031243626468161 0.0940158680307958 0.060359772742603665 0.1410797683622776
1 0.19490845646658056 0.1197607893789711 0.056929438059886595 0.008559923727062614 0.019893633943483993 0.05451427730089314 0.15787265235017797 0.16571514295280163