2 0.509655381930854 0.34196450788776084 0.4510454995441098 0.3324922000204467 0.44408517083558263 0.37555921734022146 0.5026950532223269 0.3850315252075356
2 0.7125845804041493 0.44859330615130155 0.6552733273097784 0.41584401731924536 0.6311137825312925 0.45812321893932073 0.6884250356256635 0.490872507771377
2 0.8165027936530165 0.4615549027326094 0.7649729406488169 0.4235708413554571 0.7402725363174761 0.45707984903371135 0.7918023893216758 0.4950639104108637
2 0.8500133547719742 0.38993946070754615 0.8042868588131543 0.3594551271371473 0.7826522428903999 0.391907047900902 0.8283787388492198 0.42239138147130084
2 0.8577582343757746 0.5708068011435541 0.7851853569008991 0.5132092755404584 0.7564908131643489 0.5493643982646573 0.8290636906392244 0.6069619238677529
2 0.6421500416665192 0.1451278738826463 0.6410744672165516 0.1106422515009353 0.5979161626913216 0.1119883188311823 0.5989917371412893 0.1464739412128933
2 0.6989956170691892 0.14117153942064392 0.6960004747431818 0.10656105502664723 0.6599324415821227 0.10968233155969874 0.6629275839081301 0.14429281595369542
3 0.47972583144686215 0.2521586217506576 0.37929844920109357 0.191633189447225 0.34044439330505166 0.2561021403455561 0.44087177555082024 0.3166275726489888
2 0.3017740312305299 0.1856029556027752 0.26939287220639213 0.1556683773158727 0.2500821283285432 0.17655740613030627 0.282463287352681 0.20649198441720873
2 0.22588971608182418 0.7321870441371625 0.1843299148398581 0.7117318217716024 0.13458585176790977 0.812799086516607 0.1761456530098758 0.833254308882167
2 0.3284183353452769 0.7714677788994487 0.29197724664283964 0.7555640711912415 0.24862044729103247 0.8549100224638251 0.28506153599346973 0.8708137301720325
3 0.26773660043495145 0.9263903963318791 0.21720106570286804 0.9042811117308577 0.17532407451923088 1 0.2258596092513143 1.0221092846010216
2 1 0.6796296298076924 0.9661458341346154 0.6796296298076924 0.9661458341346154 0.751210826923077 1 0.751210826923077