2 0.2598958341346154 2.9531847390067527e-17 0.22031250000000002 2.7108067217690685e-17 0.22031250000000002 0.03518518509615387 0.2598958341346154 0.03518518509615388
2 0.09776251769636866 0.14800713976073165 0.07192800912208497 0.10575336957376986 0.046016555957931644 0.12159597145235984 0.07185106453221533 0.16384974163932162
3 0.8216647309073514 0.39283689254809934 0.7407994495703772 0.33970801236974235 0.7052540370365635 0.3938102214721392 0.7861193183735377 0.44693910165049616
2 0.3284046926818871 0.8245556210938211 0.2907281329741408 0.8073185946590938 0.2459680637339495 0.905154809486342 0.28364462344169583 0.9223918359210692
2 0.24947916586538474 0.9453703701923076 0.18787202403846168 0.9453703701923076 0.18787202403846168 1 0.24947916586538474 1
0 0.43319616743038414 0.5985698775390648 0.42649810952538975 0.5588776913245871 0.40983714110022124 0.561689230368117 0.41653519900521574 0.6013814165825946
3 0.4722869216069263 0.09667040092999682 0.4238610150437978 0.06478502912709112 0.39634346067050436 0.1065773132241352 0.4447693672336328 0.1384626850270409
2 0.05367018422709453 0.04511211144302685 0.023082894510543104 0.011649091452306075 0.0014466526466756352 0.03142596749191658 0.03203394236322707 0.06488898748263736
2 0.8098152893554746 0.1535080248788729 0.7962414149410435 0.12296678101648954 0.7559707903643851 0.140864820895197 0.7695446647788162 0.17140606475758038
2 0.5222629321668724 0.19803000997233122 0.4871839055166314 0.16684865894630965 0.46350574716454784 0.19348659221508308 0.4985847738147888 0.22466794324110465
2 0.9834697438387875 0.8491280380347441 0.8988678614986507 0.7660643710110745 0.8641378074276654 0.8014375739223163 0.948739689767802 0.8845012409459859
2 0.6909877865446126 0.564211369593959 0.6302550300184534 0.5102266908972605 0.6019791674078253 0.5420370326637926 0.6627119239339845 0.5960217113604911
3 0.8777832987441418 0.9007789530026392 0.7399967995846285 0.7328516292054996 0.6707720084849901 0.7896514483474413 0.8085585076445034 0.9575787721445809
3 0.3967090301014193 0.3871286214447559 0.2924199398219938 0.285999807954333 0.24585108110084228 0.3340239441402075 0.35014017138026776 0.43515275763063055
2 0.8271573688648439 0.5611107610625081 0.7669779226651497 0.5035030787634885 0.7359889616574714 0.5358754714257384 0.7961684078571655 0.5934831537247579
2 0.9203662664247048 0.6443242003702884 0.8545036737199067 0.5720811717757909 0.8188025434722407 0.6046292119998697 0.8846651361770388 0.6768722405943671
2 0.25674999846410257 0.056916667954807466 0.22786111126111097 0.018398147980448715 0.19741666611923078 0.04123147964134628 0.22630555332222235 0.07974999961570503
2 1.0270611899480977 0.7226687843982457 0.9456188189657839 0.6623410998688277 0.9154298614722395 0.7030961909176087 0.9968722324545533 0.7634238754470265
3 0.1888823464387334 0.21301032045343285 0.14074072982358127 0.16223595124614454 0.11427904270397979 0.1873255469652205 0.16242065931913188 0.23809991617250884
1 0.47168017488278924 0.3822545510517482 0.30629201150041585 0.21319108751646723 0.25033330594529973 0.26793329700092106 0.41572146932767307 0.43699676053620207