2 0.8896609269729064 0.5756660976195358 0.8218874014613836 0.5237323663686003 0.7910577455175994 0.563965071073019 0.8588312710291223 0.6158988023239544
3 0.3661501768335892 0.1668069876580664 0.27576653301900705 0.1013439375662363 0.23476014606308881 0.15796071096050246 0.32514378987767095 0.22342376105233258
2 0.7353387010806837 0.4605225940164869 0.6723621929707987 0.41254052621325943 0.6464734712091755 0.4465194973293345 0.7094499793190605 0.49450156513256194
2 0.20788475324195246 0.10327969056013465 0.18021134133561137 0.06865945754167792 0.15676213977758435 0.08740339300982296 0.18443555168392545 0.12202362602827971
2 1.0251931588465661 0.6930054796164394 0.944068228267378 0.623298130027015 0.9122665685455094 0.6603086813165876 0.9933914991246974 0.7300160309060121
2 0.30515303461502036 0.8128301205999716 0.2669602206984567 0.7974389869870083 0.2240738188571686 0.9038608014072078 0.26226663277373224 0.9192519350201712
2 0.22077673766721506 0.7302410511939885 0.1807407529114416 0.709737547760628 0.12862682550029872 0.81149734750301 0.1686628102560722 0.8320008509363704
2 0.6452030519169495 0.12609563122352668 0.6423368411700916 0.09492560299350203 0.598898922396025 0.09891989612319013 0.6017651331428829 0.1300899243532148
3 0.2577795047917932 0.9536359714223545 0.20533935577952786 0.92773960054374 0.17004872878442168 0.9992031174602333 0.222488877796687 1.0250994883388478
2 0.7041299032130689 0.12049427932164956 0.6971200989453021 0.08895016375640467 0.6600490199474314 0.09718818226202758 0.6670588242151982 0.12873229782727247
2 0.8268639725989064 0.14275831365108882 0.812718847601817 0.11292094078966428 0.7701874315339716 0.13308398260225937 0.784332556531061 0.16292135546368394
2 0.19635416586538462 2.1973480279386832e-17 0.16249999999999998 1.990051048614449e-17 0.16249999999999998 0.022222221153846176 0.19635416586538462 0.02222222115384618
2 0.8657243970271504 0.3849722005491119 0.8186685932345383 0.3542987879746446 0.7973059440958762 0.3870710340988357 0.8443617478884883 0.417744446673303
2 0.8610902750358973 0.47942592332019274 0.807534718448718 0.43925926167307733 0.7823541648923078 0.4728333379240387 0.8359097214794871 0.5129999995711542