2 0.9259409108762159 0.6292590058817715 0.8583612038838315 0.5741119977776363 0.8274821387079668 0.6119526395191273 0.8950618457003512 0.6670996476232626
3 0.3370608663977872 0.1549564290441041 0.2482217982695829 0.08726951348568697 0.20677432314711006 0.14166931935318197 0.29561339127531433 0.2093562349115991
2 0.8259704352281628 0.5535867729100962 0.7577736869651848 0.49883383680220944 0.7302731735708369 0.533086713860009 0.7984699218338149 0.5878396499678957
2 0.21517641910733704 0.1180945054639808 0.18750300720099594 0.08347427244552405 0.16405380710966974 0.1022182067412733 0.19172721901601084 0.13683843975973004
2 1.0263253172830409 0.7173860668807897 0.9489856950071675 0.6500427214874059 0.9169423653051763 0.6868424824903209 0.9942819875810496 0.7541858278837046
3 0.7523171336447242 0.2632198002688529 0.6485641063447057 0.19235276968503429 0.5991022998032578 0.26476743306412676 0.7028553271032764 0.33563446364794536
3 0.9655494490776888 0.4124332697831472 0.8335493285063784 0.34341358999545984 0.813040978541913 0.382635804244431 0.9450410991132234 0.45165548403211836
2 0.8708855775354267 0.7335448110085198 0.7948368080113354 0.6586842996521062 0.7620817177158636 0.6919593103017324 0.8381304872399549 0.766819821658146
2 0.760653478444122 0.715584489378887 0.6963290461609435 0.6502390304340442 0.6622724219224236 0.6837635179041442 0.7265968542056022 0.7491089768489871
1 0.5262724078752931 0.5257532425590518 0.3489583341346154 0.35277777884615386 0.29389600944368516 0.4092211893219065 0.47121008318436286 0.5821966530348044
2 0.5178514217929068 0.41199979385163854 0.45937500000000003 0.3629629639423078 0.4303793218183713 0.39754031143103025 0.488855743611278 0.446577141340361
3 0.2526506310795013 0.3529154524836239 0.2214644107593743 0.2605118384972775 0.1857417764868029 0.272568227796124 0.21692799680692987 0.3649718417824704
2 0.23183688570206626 0.2309963769782346 0.19901680341893296 0.19598829627849845 0.17804198320354442 0.2156521942010192 0.2108620654866777 0.2506602749007553
1 0.39909411743154133 0.3246496212408235 0.25312056070736 0.20100942628030524 0.20539195957612044 0.2573593347127661 0.3513655163003018 0.3809995296732845
0 0.39928841931467685 0.5693265504054057 0.3977183617792607 0.5302496272697885 0.3803357083522489 0.5309480386033495 0.38190576588766506 0.5700249617389667
2 0.31393252217512974 0.8242760580042243 0.27710361272012446 0.8092096858227504 0.23336098738270372 0.9161361023795518 0.270189896837709 0.9312024745610258
2 0.22884014809164555 0.0326140302572279 0.2274823128099109 -0.0011809317602236098 0.1907856018657924 0.0002934918185870586 0.19214343714752705 0.03408845383603857
2 0.3884210701465898 0.3125516826779812 0.3539184760007804 0.2655259207991808 0.34479166586538457 0.27222222115384626 0.37929426001119393 0.31924798303264673
2 0.2207053132775947 0.761235919818803 0.1804183319191034 0.7402912692757169 0.12786245009450412 0.8413823725620231 0.16814943145299546 0.8623270231051092
2 0.14986114994309013 0.22088940132997295 0.12209318317842469 0.18066584488667112 0.09472440474196842 0.19955963243835748 0.12249237150663386 0.2397831888816593
3 1.0149377425087416 0.49029703990433227 0.8058601713681097 0.35890221611630374 0.7511435766326449 0.44596814762387016 0.9602211477732768 0.5773629714118987
2 0.834838031524445 0.48466717230898715 0.7747793220826608 0.42746840235488637 0.7411553293485775 0.46277359530762746 0.8012140387903617 0.5199723652617282
2 0.04156616306667757 0.1275279631313522 0.0121354806317806 0.08242346953458207 -0.011433882270805431 0.0978024790182075 0.017996800164091536 0.14290697261497765
2 0.9679264736704938 0.12004572023290262 0.9197920462504354 0.11666126814221583 0.9177811834185097 0.14526020482132235 0.965915610838568 0.14864465691200912