2 0.9238703816919615 0.6234715875253468 0.8536987979648514 0.5684972369953235 0.8221114068935501 0.608816717551447 0.8922829906206602 0.6637910680814704
3 0.33185253237299395 0.15310457397914823 0.2430134585019898 0.08541766380779964 0.20156598579394042 0.1398174743524899 0.29040505966494456 0.2075043845238385
2 0.8224225108703347 0.5534063947326129 0.7561766559969778 0.491960949676003 0.7252055413371299 0.5253516748165263 0.7914513962104868 0.5867971198731362
2 0.21048891910733702 0.11439080113705766 0.1828155072009959 0.07977056811860102 0.15936630710966973 0.09851450241435031 0.18703971901601082 0.13313473543280696
2 1.024861110939965 0.7143816105188882 0.944546565678632 0.6455405784631417 0.9127900326864223 0.6825898705812565 0.9931045779477553 0.751430902637003
3 0.3944047979079667 0.09257608190543909 0.35867411593499515 -0.006398829164659469 0.29672309480138903 0.015965952072253983 0.33245377677436055 0.11494086314235254
3 0.7686552089404307 0.3162744815140085 0.716266736701696 0.17948236060676076 0.6704975579057018 0.19701098240778872 0.7228860301444365 0.3338031033150365
1 0.9277143437499998 1 0.7708333341346153 0.8083333341346154 0.6980983647310652 0.8678676062150161 0.8549793743464498 1.0595342720804006
2 0.5839277971774339 0.5497362801946444 0.5358797512703409 0.5046912284942349 0.5087642947751025 0.5336143765270108 0.5568123406821954 0.5786594282274203
1 0.8847051807456426 0.7651440924732064 0.6520833341346154 0.5518518509615385 0.5858187214561364 0.6241216928319425 0.8184405680671637 0.8374139343436103
2 0.30924502217512967 0.8242760580042243 0.2713209816586533 0.8087616776573233 0.22757835632123255 0.9156880942141246 0.265502396837709 0.9312024745610257
2 0.2160178134673586 0.7603099949879275 0.17573083244039095 0.7393653437933243 0.12317494907512004 0.8404564460666223 0.1634619301020877 0.8614010972612256
2 0.5067028018869941 0.5559102315654683 0.4577156532755739 0.5081477620932607 0.4280803312848253 0.5385429644048341 0.4770674798962456 0.5863054338770416
3 0.5249635299579352 0.15323491253268678 0.38618297183357275 0.07873005825077226 0.34720784426425316 0.1513292198647476 0.48598840238861557 0.22583407414666212
2 0.23245867378571727 0.4497610718753868 0.2310598154875532 0.3664512260153942 0.20804080882054693 0.3668377388958255 0.20943966711871098 0.45014758475581806
2 0.6613488859012959 0.13905859523982883 0.6584069804521229 0.1070653849365258 0.6149690617477422 0.11105967774195777 0.6179109671969153 0.14305288804526078
3 0.24687500000000015 0.9453703701923076 0.18234375000000014 0.9453703701923076 0.18234375000000014 1 0.24687500000000015 1
2 0.21090276344621192 0.21221898912578535 0.16905854702255116 0.17156352520320411 0.14492971770465474 0.1963978736182234 0.1867739341283155 0.23705333754080463
3 0.9533327620768954 0.40345830523374765 0.8198070284772605 0.31805973439091545 0.767920597629105 0.39918724828827706 0.90144633122874 0.48458581913110926
2 0.4266909443726261 0.1898712722650906 0.3889552262632703 0.15968270126090306 0.3669588411731227 0.18717818579614362 0.40469455928247855 0.21736675680033113
2 1.017967486656015 0.5707087055297514 0.9499387180150458 0.5180927022543863 0.9215138685100894 0.5548440210595608 0.9895426371510587 0.6074600243349259