2 0.570950970869588 0.23041121404670734 0.5229687963238955 0.19486886116436608 0.49813118103421633 0.2283996405157876 0.5461133555799089 0.26394199339812885
2 0.026041665865384624 0.050264550480769235 6.15563208568546e-18 0.050264550480769235 8.804173804690816e-18 0.09351851923076923 0.026041665865384624 0.09351851923076923
3 1 0.5231481490384616 0.9385416658653847 0.5231481490384616 0.9385416658653847 0.6231481490384615 1 0.6231481490384615
2 0.24635416586538475 0.9583333341346154 0.19865056730769245 0.9583333341346154 0.19865056730769245 1 0.24635416586538475 1
0 0.314721249536063 0.453755634891803 0.3040953847475443 0.4140857269302914 0.2897478022062087 0.4179288281614376 0.30037366699472745 0.4575987361229492
3 0.7161225462154964 0.267186004968555 0.6559190049660679 0.22675301027877415 0.6231773857291691 0.2755043194366861 0.6833809269785978 0.3159373141264669
2 0.8707432734179474 0.09529386356916254 0.8643897054814776 0.04634786270754014 0.8444926020326485 0.04893065999997881 0.8508461699691183 0.09787666086160121
2 0.7930284936551177 0.3966242793926526 0.741285964723901 0.3566300499183703 0.7162746412629146 0.38898844623702644 0.7680171701941314 0.42898267571130877
2 0.49587944250652577 0.38699019584743144 0.44714210105552105 0.3390143728853175 0.42085231922937816 0.36572145145997725 0.46958966068038294 0.4136972744220912
2 0.37695043214805257 0.2822892709901582 0.3334913777644726 0.2436590034660703 0.310043102986777 0.27003831466627304 0.353502157370357 0.308668582190361
3 0.6140326757219515 0.5508969990717857 0.5268569711316791 0.46636299247500496 0.48613551363634194 0.5083570004726579 0.5733112182266143 0.5928910070694386
3 0.46705643509581923 0.4568790599154593 0.3723958341346154 0.3546296298076923 0.3217670360773512 0.40150081965190854 0.41642763703855495 0.5037502497596755
3 0.2632856906415081 0.2577463439236968 0.17060460777989364 0.1736103349924809 0.12821050316711763 0.22031009615743996 0.22089158602873202 0.3044461050886559
2 0.824032368864844 0.5611107610625082 0.7638529226651498 0.5035030787634885 0.7328639616574715 0.5358754714257384 0.7930434078571656 0.5934831537247581
2 0.9161995998228293 0.6461760557971336 0.8503370068660355 0.573933022237378 0.8146358753788175 0.6064810614790397 0.8804984683356114 0.6787240950387953
2 0.566710421897165 0.2784609287176358 0.5130532957774677 0.23553523029836043 0.48584010739086175 0.26955171774410747 0.5394972335105591 0.3124774161633828
2 1.0255757303777064 0.7270468219096871 0.9419729730247105 0.6651188832731211 0.9117840187576215 0.7058739911274923 0.9953867761106175 0.7678019297640583
3 0.10826513845492948 0.14199421189374747 0.061936609338793976 0.09493031156226565 0.03746874362646816 0.1190158680307958 0.08379727274260367 0.1660797683622776
1 0.3008548848102453 0.21974137467094998 0.15507901099153185 0.0901628450843795 0.11094108329526138 0.13981802329175644 0.2567169571139748 0.2693965528783269