3 0.9667241368779914 0.960134100955994 0.8651149446567354 0.8458237542113896 0.8152262928599576 0.8901692203431977 0.9168354850812135 1.0044795670878022
2 0.23461376230302797 0.7458403898261756 0.19708097192022273 0.7261842080041401 0.1511795399970828 0.8138313837496588 0.18871233037988805 0.8334875655716942
1 0.24460013512696002 0.24966976083107678 0.11990928195908292 0.12533314195465883 0.075003452468743 0.1703669078875017 0.1996943056366201 0.2947035267639197
3 0.1412790056721857 0.692849319446694 0.0935160463113755 0.6628010754789233 0.010323393425209108 0.7950393288418117 0.0580863527860193 0.8250875728095826
2 0.7157928476081453 0.17324227693862013 0.7066181127871846 0.13883702235247683 0.6648974192428655 0.14996254095189038 0.6740721540638261 0.18436779553803367
2 0.8335546680288571 0.5584739066443589 0.763265630809649 0.5066619247251938 0.7357176661963748 0.5440339733960367 0.8060067034155829 0.5958459553152017
0 0.06578726373384733 0.19986349320413416 0.05455497231098008 0.16658263420908817 0.04118236179942073 0.17109589086429322 0.052414653222287985 0.20437674985933924
2 0.2778099501406266 0.7785419371538551 0.2401838874119394 0.7600984470372025 0.1804131608313192 0.882035081233735 0.21803922356000635 0.9004785713503876
3 0.30263877128816524 0.4792076553186978 0.26324996324330235 0.4457271682533212 0.19213534108530736 0.5293914290478112 0.23152414913017028 0.5628719161131879
2 0.2584854869237566 0.25107678064456257 0.22694288679405097 0.20060861461378227 0.20214055533418587 0.21611006998756788 0.23368315546389148 0.2665782360183482
0 0.7517601416891744 0.10188497469157233 0.7500885696599027 0.07811153840499115 0.7315603790806576 0.07941430359013026 0.7332319511099292 0.10318773987671144
2 0.20097634716445223 0.1468573994160224 0.16682089112145618 0.11117715075237361 0.1452305213137419 0.13184485780427851 0.17938597735673792 0.16752510646792731
0 0.39564906583952 0.7386202797565855 0.3827238052499381 0.733696368525654 0.36800432680981543 0.7723349803239683 0.38092958739939736 0.7772588915548997