2 0.922268394582929 0.6273093044902314 0.8535086327371525 0.5692973015123975 0.8218344908396696 0.6068396434717405 0.8905942526854461 0.6648516464495743
3 0.3318064121909675 0.15599518798848852 0.2441562755543856 0.08674076237060567 0.2016177260338054 0.14057861669594843 0.28926786267038734 0.20983304231383126
2 0.8213034246875959 0.550931920636093 0.7534172541609969 0.49376463476265153 0.7244599400200583 0.5281514547022235 0.7923461105466573 0.5853187405756649
2 0.2099680860138656 0.1171685793591588 0.18229467761111845 0.08254834599330153 0.15884547411019106 0.1012922804533234 0.18651888251293824 0.13591251381918068
2 1.0247106856524166 0.7165780075267068 0.9430060515577214 0.6464560257738209 0.9112261549041768 0.6834852819747586 0.992930788998872 0.7536072637276446
3 0.7901298220964228 0.13933027327966235 0.7507702837935224 0.11780026834675796 0.694393184847627 0.22086464721162746 0.7337527231505275 0.24239465214453187
2 0.8851821501428032 0.8370628958298025 0.8221211716496721 0.7732136575612478 0.7877358028255822 0.8071745169653016 0.8507967813187132 0.8710237552338562
2 0.3097658563097452 0.8261279089657627 0.27184181373404476 0.8106135277764518 0.22809918755421418 0.9175399463924774 0.26602323012991463 0.9330543275817882
2 0.21653864796698422 0.7621618496033811 0.17625166659388294 0.7412171966441126 0.12357412858170512 0.84254229364164 0.16386110995480638 0.8634869466009086
2 0.7925016911343377 0.8407962514278542 0.7245048237854406 0.7706059334794436 0.68878507244217 0.8052094409832725 0.7567819397910671 0.875399758931683
3 0.303125 3.084366504883481e-17 0.2005902764423077 2.4565223998515484e-17 0.2005902764423077 0.0861111105769231 0.303125 0.0861111105769231
2 0.1547149921568005 0.676028262195207 0.11979884837054157 0.6592762164176128 0.06595706933886232 0.7714981696845101 0.10087321312512126 0.7882502154621043
2 0.6478072186209258 0.1418363748705168 0.6450298059394132 0.11163199663655393 0.6015918877736793 0.11562628593585697 0.6043693004551921 0.14583066416981985
3 0.24739583413461552 0.9481481490384615 0.18301281971153857 0.9481481490384615 0.18301281971153857 1 0.24739583413461552 1
2 0.3628268661742296 0.3419572202116504 0.31244253001840777 0.29717113532358647 0.287385056524595 0.32536078777664845 0.33776939268041684 0.3701468726647124
3 0.7787230388091196 0.2923899782727034 0.6657293764809962 0.21934356986402642 0.6185249435686769 0.2923629265864518 0.7315186058968005 0.3654093349951288
2 0.1411458341346154 1.5263436457187375e-17 0.108125 1.3241493515780757e-17 0.108125 0.0157407403846154 0.1411458341346154 0.0157407403846154
2 0.6063149085732165 0.28367431802596055 0.5607335617872046 0.24955494713808524 0.5373078089081371 0.28085028869679013 0.582889155694149 0.3149696595846655
2 0.8713541658653846 0.09444444471153855 0.8359375 0.09444444471153855 0.8359375 0.12685185096153856 0.8713541658653846 0.12685185096153856
2 0.8780162734747677 0.5153774411043174 0.8262894936185726 0.4721027640541102 0.8001274436909649 0.5033745999044871 0.8518542235471601 0.5466492769546942
2 1.018692199001899 0.5153320365648518 0.9497446531421306 0.47557850017385134 0.9281410313780261 0.5130472850303074 0.9970885772377943 0.5528008214213078