3 1.0049208639265694 0.41810361943564217 0.8727744673425231 0.3437712970875447 0.819076095983777 0.43923510143714584 0.9512224925678232 0.5135674237852433
1 0.0578125 3.539994653785318e-18 0 0 4.762515395436651e-18 0.07777777884615385 0.05781250000000001 0.07777777884615385
2 0.3362720064283059 0.5622682192366456 0.3023912992081842 0.5411500067830954 0.26106428842268736 0.6074524154640372 0.29494499564280907 0.6285706279175873
1 0.24201768571843643 0.24074391926117972 0.11556153092650787 0.11555232542623108 0.06996082352817522 0.16161364581318516 0.19641697832010377 0.2868052396481338
2 0.651203577149438 0.18313401109004004 0.6346010178170789 0.15296204984852982 0.5936668883215693 0.17548664837322442 0.6102694476539283 0.20565860961473464
2 0.8306442740752064 0.5480810620567699 0.7626836518941699 0.4943838061494824 0.7343579871383177 0.530233492841534 0.8023186093193542 0.5839307487488214
0 0.18023501627751243 0.30944901109139705 0.17532245049024417 0.27451520237969357 0.16242643302508247 0.2763287044433876 0.16733899881235073 0.31126251315509107
2 0.20736616614222542 0.7872037220162885 0.16383250704165433 0.7650967852392143 0.10626923467563 0.8784521497189548 0.1498028937762011 0.9005590864960291
2 0.5443313442908626 0.398882133601901 0.5137057899434019 0.3745618417504264 0.46849193126488253 0.4314978149975338 0.4991174856123432 0.4558181068490085
2 0.273500757083872 0.2419660586549362 0.2297572037510811 0.20567511469278518 0.20615769613442453 0.23412095289235 0.24990124946721542 0.270411896854501
0 0.48228510710736583 0.030431942431401134 0.4744493097431122 0.005666953081969175 0.46003909300276696 0.010226435695068349 0.46787489036702057 0.034991425044500306
2 0.29754346074870736 0.22210764677331177 0.25851428652690733 0.18245895517792463 0.2358980407445597 0.2047218183737682 0.2749272149663597 0.24437050996915535
0 0.6689203821451808 0.8822759120933085 0.6505464290200474 0.8365451878957623 0.6317759818937877 0.8440868859923385 0.6501499350189212 0.8898176101898846
2 0.951182407577602 0.6434862105057161 0.8804805455544842 0.5846946932263457 0.8474127849503901 0.6244615227935173 0.918114646973508 0.6832530400728878