2 0.9293478753093289 0.6320012051785663 0.8596836789046323 0.5832128108347411 0.8306262549603054 0.6247034586803453 0.9002904513650022 0.6734918530241705
3 0.34222307805635216 0.15784704135387323 0.2545729402504413 0.08859261481207609 0.21203439282310416 0.14243046648815788 0.299684530629015 0.21168489302995505
2 0.8296634341237611 0.5602136980117269 0.7625784281537974 0.5036107459949344 0.7348937547185805 0.5364222234268363 0.8019787606885443 0.5930251754436289
2 0.22246808737656787 0.11902043094474998 0.19479467547022675 0.08440019792629326 0.17134547391219973 0.10314413339443834 0.19901888581854085 0.13776436641289505
2 1.028559292988934 0.724962519591877 0.953901782274182 0.6571255688574825 0.9210997563371437 0.6932256231250805 0.9957572670518957 0.7610625738594751
3 0.984138993948121 0.42097044009331613 0.8562831327164535 0.34148109968258156 0.8019352695968838 0.428897762210517 0.9297911308285514 0.5083871026212516
3 1 0.4629629639423078 0.9666666658653846 0.4629629639423078 0.9666666658653846 0.5578703701923078 1 0.5578703701923078
2 0.298694095842418 0.23569394236753693 0.25982361409484833 0.1956087533350234 0.2357130305551832 0.21898871037206374 0.27458351230275285 0.25907389940457726
2 0.27029861084010975 0.2654907418493134 0.23696528059285718 0.22104629602513762 0.2095208341390111 0.24162962832087914 0.24285416438626367 0.2860740741450549
1 0.23957920981030767 0.25339927918541905 0.11266358995808012 0.12940606663197385 0.06853979254216162 0.17456982184044245 0.1954554123943892 0.29856303439388765
2 0.21119971133397472 0.15115900419668993 0.17895474116715235 0.12249680809913631 0.17343750000000005 0.1287037043269231 0.20568247016682242 0.1573659004244767
3 0.10366273427004583 0.1709529838814605 0.06257153054522419 0.10520703137049842 0.02840590234333431 0.12656054037314446 0.06949710606815597 0.19230649288410656
2 0.09520260999564112 0.13874032703586045 0.09100898645120405 0.0977360082931274 0.07465541876267505 0.09940853227589239 0.07884904230711214 0.14041285101862544
1 0.23687060682903535 0.18614496613902326 0.11035679807501995 0.08213875058448962 0.07900516809643351 0.12027506866980467 0.20551897685044893 0.22428128422433835
2 0.3141612796485675 0.8330449806727626 0.27652957403532147 0.8169171063954409 0.2313936773041386 0.9222341958748743 0.2690253829173846 0.938362070152196
2 0.9180878518568775 0.538600753477615 0.8408268248409523 0.4895461312633274 0.8149993272615039 0.5302244383864085 0.892260354277429 0.5792790606006962
2 0.08437276899306731 0.057623175423014324 0.051447186766678185 0.026634386367012694 0.03203841738712592 0.04725619998369246 0.06496399961351504 0.0782449890396941
2 0.18173209054913053 0.838205716579883 0.13964261185669768 0.8166281985759022 0.08200353546494739 0.9290599748902366 0.12409301415738025 0.9506374928942173