2 0.5608556206623382 0.35767792032308027 0.501570774226508 0.3372788323334204 0.4874007470129374 0.3784604718152389 0.5466855934487675 0.3988595598048988
2 0.7508274672154506 0.48159062907793915 0.6940650938678321 0.4350163716982154 0.6649710084305455 0.4704747865546104 0.7217333817781639 0.5170490439343342
2 0.8165027937233482 0.4587771279653492 0.7649729435587296 0.4207930628805964 0.7402725372432246 0.45430206813327784 0.7918023874078433 0.4922861332180306
2 0.8500133546036578 0.3871616807963747 0.8042868578530382 0.35667735109488796 0.7826522438469599 0.38912927366419414 0.8283787405975794 0.4196136033656809
2 0.9000077612181988 0.6086652397051591 0.8258646772726717 0.5416040509915885 0.7947432108635094 0.5760120527098086 0.8688862948090365 0.6430732414233792
2 0.9974100269770434 0.14295515908672932 0.9455926495836258 0.13846151317448363 0.9424980461615028 0.17414617470291593 0.9943154235549204 0.17863982061516162
2 0.64215004174142 0.14235009743800256 0.6410744672914525 0.10786447505629151 0.5979748795019835 0.10920871106622565 0.599050453951951 0.1436943334479367
2 0.6984747787160518 0.13746784040618332 0.6954796425527697 0.1028573542674138 0.6594116138716222 0.10597862383317667 0.6624067500349041 0.1405891099719462
3 0.45341998059009164 0.24149504450593598 0.3585509266457827 0.17097853374821018 0.31514815040075705 0.22937025331398564 0.410017204345066 0.29988676407171144
2 0.27625319718943914 0.16245480775353988 0.24535678578382314 0.1338927906848557 0.22560296226172966 0.15526110850725847 0.25649937366734565 0.18382312557594263
2 0.22484804210401527 0.7312611021266349 0.1832882361037208 0.7108058975441506 0.13354421067943603 0.8118731852347003 0.1751040166797305 0.8323283898171847
2 0.3137992393716646 0.7981371427925492 0.27627394660074694 0.7824569321197777 0.23252818479519452 0.8871476504715885 0.2700534775661122 0.9028278611443601
3 0.2571820776363889 0.9401395183761797 0.2008913923419155 0.9211414128199914 0.17427662019230777 1 0.2305673054867812 1.0189981055561883