2 1 0.5574074062500002 0.9536458341346153 0.5574074062500002 0.9536458341346153 0.6280555552884616 1 0.6280555552884616
2 0.2345451823961128 0.2871348368741963 0.2028383048936398 0.24016168930949736 0.1750724552742291 0.2589036395146046 0.2067793327767021 0.30587678707930355
3 0.49103419746258553 0.16164026179631874 0.43657687405464035 0.12334993915492606 0.4058340001317718 0.16707311807370384 0.4602913235397171 0.20536344071509655
2 0.32892552590708896 0.8310371038508412 0.29124896512096676 0.8138000769227569 0.2464888958807754 0.9116362917500054 0.2841654566668975 0.9288733186780895
2 0.27728954841045106 0.9395876509284053 0.2242460357463729 0.9186321720081287 0.19210069471153862 1.0000000000000002 0.2451442073756168 1.0209554789202768
0 0.6261399860652261 0.8418075454989249 0.6041666658653846 0.7981481490384617 0.5861878192877102 0.8071967155488304 0.6081611394875518 0.8508561120092938
2 0.050745491075389386 0.10501540957722703 0.02612673650983864 0.06781373399150539 -0.00010151851528895383 0.08517066652155836 0.024517236050261793 0.12237234210728
2 0.38205819023541115 0.33863346070954925 0.343897271004642 0.29570242657493384 0.3176400868700266 0.31904214580570306 0.3558010061007957 0.36197317994031847
2 0.7224835663623353 0.18178271622929779 0.7143469504495422 0.14898198058034165 0.673553530183249 0.15910127778234026 0.6816901460960422 0.19190201343129643
2 0.2200892860576923 2.5276564213207722e-17 0.19270833413461538 2.359996445669754e-17 0.19270833413461538 0.012962963942307717 0.2200892860576923 0.012962963942307717
3 0.6692316150064467 0.7038044462265355 0.534100701886013 0.5404461704000879 0.47305427735247574 0.5909441267981989 0.6081851904729093 0.7543024026246464
2 0.8250740365364011 0.5657403814224538 0.7648945824885665 0.5081327120631153 0.7339056300586482 0.5405051072578271 0.7940850841064827 0.5981127766171656
2 0.9182829322900895 0.6498797556587499 0.8524203395852913 0.5776367270642524 0.8167192093376253 0.6101847672883312 0.8825818020424235 0.6824277958828285
2 1.0270611899480977 0.7282243396867071 0.9456188189657839 0.6678966551572892 0.9154298614722395 0.7086517462060701 0.9968722324545533 0.7689794307354879
3 0.3749859952593815 0.39696741372666183 0.31485739367548715 0.33362205529875044 0.28233983542176466 0.3644883311119066 0.34246843700565893 0.42783368953981804
1 0.8739159719825096 0.7774226175077407 0.6224422352966598 0.5183759344386641 0.5509480909552624 0.5877800256846212 0.8024218276411124 0.8468267087536977