2 0.2849736012985791 0.48587847839919385 0.25089235681882305 0.45687665049123627 0.19548527215841888 0.5219878015612573 0.22956651663817496 0.5509896294692149
2 0.4454548619025165 0.4202971022514542 0.4346028720074503 0.37349788682913254 0.36932671973546377 0.3886343829958294 0.3801787096305299 0.43543359841815116
2 0.6149077920104637 0.391369158545468 0.5473533117887508 0.3633465572252952 0.5260418861962622 0.41472231146863475 0.5935963664179752 0.44274491278880745
2 0.8170442038091481 0.4705940946395865 0.7648630484661739 0.4396719319084567 0.7423926608064235 0.47759071525118457 0.7945738161493977 0.5085128779823144
2 0.89431032011749 0.5332457433586018 0.8451530138991785 0.5011430106881855 0.8249789115971404 0.5320346028377447 0.8741362178154518 0.564137335508161
2 0.8553557611385881 0.4039930443461379 0.8080850554791768 0.36914851674847426 0.7839347474402459 0.40191125401597433 0.8312054530996575 0.43675578161363793
3 0.788584570106397 0.18492192220450884 0.7492060640454218 0.13176094106684622 0.6638470641999905 0.194989832273121 0.7032255702609659 0.24815081341078363
2 0.6261340461402377 0.28536654123424543 0.6112879276376487 0.25029258762087697 0.5718543986933337 0.266984029085846 0.5867005171959226 0.30205798269921447
2 0.7022785547101908 0.14814238557137088 0.6935302844393042 0.11533636921656393 0.6561102478219658 0.12531504478431482 0.6648585180928526 0.15812106113912178
2 0.6462683826684562 0.15175517522275617 0.6392340695683474 0.12010076284811069 0.5947303924537737 0.1299904678037715 0.6017647055538826 0.16164488017841697
2 0.7499216143691824 0.717761857256439 0.6781436992961639 0.6800603278561719 0.6524313183431268 0.7290127477110312 0.7242092334161453 0.7667142771112984
3 0.5883923598886983 0.604698396513549 0.5049610532761094 0.6017319475404377 0.5023714030763992 0.6745657976385824 0.585802709688988 0.6775322466116938
2 0.2254858348858743 0.7513686446952215 0.18383304789841848 0.7283168502029392 0.12938755288507436 0.8266955949456392 0.17104033987253017 0.8497473894379214
2 0.4060224898522388 0.6861178066093252 0.36774782395674943 0.6615126520805598 0.3174864520889056 0.739696969656849 0.3557611179843949 0.7643021241856146
2 0.1390751542571929 0.8998952200080849 0.09601692588911306 0.8791851489246703 0.04399573356207535 0.9873422078828706 0.0870539619301552 1.0080522789662854
3 1.0588034669931876 0.6558423472873299 0.8804292140462411 0.5253444946888943 0.8101924105276286 0.6213494258624834 0.9885666634745751 0.751847278460919
2 0.2569307554079546 0.9406242160927303 0.2065840538135484 0.9329005743033468 0.1962903918269232 1 0.24663709342132945 1.0077236417893833