2 0.9279030366103209 0.6318684493415408 0.8587735702978436 0.5774714936151262 0.8275112384412927 0.6172007080181576 0.8966407047537701 0.6715976637445723
3 0.3417022463255829 0.15414333702695016 0.25405210851967214 0.08488891048515304 0.21151355899909186 0.13872676481049576 0.29916369680500265 0.20798119135229287
2 0.8276712459707383 0.5564831337769178 0.7611663126033759 0.5008450217704268 0.7337175994503853 0.5336548129985424 0.8002225328177477 0.5892929250050334
2 0.188436857732895 0.08971426407406816 0.1622486222119597 0.05569194140146839 0.1385973839759203 0.07389717104576828 0.1647856194968556 0.10791949371836805
2 1.0248857066785027 0.7198344181654244 0.9507767810382591 0.6524959395542798 0.9179747563168916 0.6885959949915722 0.9920836819571353 0.7559344736027167
3 0.9820556622173519 0.41726673817023924 0.8541997981740901 0.3377773960115069 0.7998519361323932 0.4251940568057212 0.9277078001756549 0.5046833989644535
3 1 0.4583333341346155 0.9635416658653846 0.4583333341346155 0.9635416658653846 0.5560185192307694 1 0.5560185192307694
2 0.29817326356190843 0.23291616008194227 0.2593027774861622 0.19283097499547666 0.23519219632500474 0.2162109346309719 0.27406268240075093 0.2562961197174375
2 0.2682152791430403 0.2599351851207418 0.23488194451391947 0.2154907407800824 0.20743749948571433 0.23607407539945055 0.24077083411483516 0.28051851974010994
1 0.2395792107372798 0.24969557951807383 0.11239711575952241 0.12544201081865064 0.06827331691726361 0.1706057613159164 0.19545541189502103 0.2948593300153396
2 0.10968350237948868 0.07163247260571677 0.0788099924748873 0.02821659830046632 0.052605191271302816 0.04685112317076558 0.0834787011759042 0.09026699747601603
3 0.10366273427004587 0.1672492795545374 0.06257153054522414 0.10150332704357531 0.028405902343334274 0.12285683604622141 0.06949710606815601 0.1886027885571835
2 0.0892691606628566 0.1286851048608277 0.08528771102998606 0.08444679091997259 0.06433244910085349 0.0863327651464315 0.06831389873372402 0.1305710790872866
1 0.23041872554963502 0.17996891065612367 0.10479834258577223 0.075325139206369 0.06898503740837955 0.11831748408516504 0.19460542037224235 0.22296125553491966
2 0.8994138046832241 0.9468361059246534 0.8281119249047327 0.8623301875393812 0.7870394812318479 0.8969850673032023 0.8583413610103392 0.9814909856884746
2 0.6438401226354288 0.6887137622309373 0.5917140770385791 0.6114899880061997 0.5560049006742767 0.6355936811250387 0.6081309462711264 0.7128174553497763
2 0.38793730392268605 0.11769686939591067 0.36860259551769126 0.08289439225908482 0.33963246907166106 0.09898890602279418 0.3589671774766559 0.13379138315962003