0 0.8089362212066467 0.06964103321014138 0.7907291530193554 0.0675927349666282 0.7876692428328933 0.09479189582532524 0.8058763110201845 0.09684019406883843
2 0.8901100859297466 0.4491908403270931 0.8196651734820809 0.40337301276910115 0.7935608495886111 0.4435084122236793 0.8640057620362765 0.48932623978167133
0 0.1917321786276745 0.3173138849740015 0.1849378750056641 0.2776265340182358 0.1740698029182832 0.2794871011704719 0.18086410654029358 0.3191744521262376
2 0.36846377252121393 0.05487988942023905 0.33513839415297875 0.01933279455126988 0.31259276056753826 0.040469311404642314 0.3459181389357734 0.07601640627361149
2 0.9870853022783563 0.5333308371256164 0.9246556267115538 0.4841674587025228 0.8971053053142773 0.5191519874668276 0.9595349808810799 0.5683153658899212
2 0.3010856721309712 0.20714221536130747 0.2590851417129176 0.16566022995341548 0.234910058891435 0.19013751307809132 0.2769105893094886 0.23161949848598334
2 0.2480145692461107 0.1655756458459759 0.20975433972595323 0.12670811309744445 0.19262683511002862 0.14356800132221462 0.23088706463018613 0.18243553407074606
3 0.2549806799067451 0.22777278691502836 0.21330047974275182 0.14209681490162474 0.1790956013916472 0.158737025018366 0.2207758015556405 0.24441299703176964
3 0.23789848489003593 0.26900144389702674 0.193131636110395 0.1553078602413677 0.14235774075747476 0.17530008163269648 0.18712458953711572 0.2889936652883555
3 0.1789629013214456 0.16834081261796716 0.08481683369681156 0.0862343849598822 0.043303545752496224 0.13383495565334563 0.13744961337713027 0.2159413833114306
2 0.8214282024017857 0.544444085749377 0.7612487471531734 0.4868364152405763 0.7302597947232551 0.5192088104352881 0.7904392499718674 0.5768164809440888
2 0.9141162670009574 0.626731609888792 0.8482536751352664 0.5544885775258395 0.8125525423353047 0.5870366179643043 0.8784151342009958 0.6592796503272568
2 0.8861346592626977 0.5173384795898351 0.8226021910722282 0.457892883404865 0.7888075199124007 0.4940109309686973 0.8523399881028701 0.5534565271536674
2 1.023062780785651 0.6995823720976102 0.9334092927439527 0.6528297332251822 0.9074383164586948 0.702632026057785 0.9970918045003929 0.749384664930213
3 0.08307391568271465 0.10820004954792198 0.03612207268994147 0.061981811722460645 0.01126304683364457 0.08723541579464252 0.05821488982641775 0.13345365362010383
1 0.18817449596292313 0.10993248145674715 0.0504207039211287 -0.001517024606240335 0.011044106730675693 0.04715322771072868 0.14879789877247013 0.15860273377371617