3 0.5774053951782955 0.6918366278060292 0.5733826399903822 0.6203210094179517 0.49633475705447755 0.6246549546145973 0.5003575122423908 0.6961705730026748
2 0.8189008618037134 0.7857822492208218 0.7531285908488063 0.7273180083720159 0.7195653725464192 0.7650766289622017 0.7853376435013263 0.8235408698110077
2 0.23930126201371665 0.7578774252139675 0.2021772024330872 0.7384352994092163 0.1562757710434033 0.8260824780593187 0.1933998306240327 0.8455246038640699
1 0.25048996615549013 0.2607668824258797 0.12480683369522631 0.136205917322906 0.0799676253176446 0.18144908127297746 0.20565075777790845 0.3060100463759512
3 0.4353140638934744 0.409473732916215 0.4173106013016221 0.3544084550853381 0.34516889523196553 0.3779950155768059 0.3631723578238178 0.4330602934076829
2 0.7163357847002263 0.18491149148755653 0.7086887260463801 0.15049972754524885 0.6671384794966063 0.15973311566742082 0.6747855381504526 0.19414487960972854
2 0.9380861638597285 0.6630784685957439 0.8652748960962527 0.5948178912841025 0.8330323114967503 0.6292099745790166 0.9058435792602262 0.6974705518906581
2 0.1371814632488538 0.7256504396408479 0.09803737017032142 0.7051829373524677 0.03805547986249424 0.8198982877725769 0.07719957294102663 0.8403657900609569
2 0.2740305088591185 0.5234030367869491 0.2438598900172861 0.5045464000108039 0.19261210047536734 0.5865428632778739 0.22278271931719973 0.6053995000540191
2 0.2810550008306156 0.7887554284841334 0.24342893622363573 0.7703119388422539 0.18457982713147436 0.8903684153420695 0.2222058917384542 0.9088119049839489
3 0.5601487124147819 0.36523879236461304 0.49643018712267006 0.3529925869902104 0.4852333624919275 0.4112510541327403 0.5489518877840394 0.423497259507143
2 0.21332345960251212 0.20730717382236172 0.17364302672004608 0.16422391401495068 0.1609375 0.1759259254807693 0.20061793288246604 0.21900918528818034
0 0.948986929013018 0.14004786814940962 0.9370973106097613 0.11314610449135028 0.9167739650552316 0.12212829712348611 0.9286635834584883 0.14903006078154546
2 0.05990300124620047 0.0329437884230362 0.027090501231893674 -0.00038954329364978684 0.008838797203740287 0.017576978738263308 0.041651297218047084 0.0509103104549493
0 0.2758114446243702 0.9875335445631545 0.26337293887040675 0.986658960928983 0.2625000000000001 0.9990740745192308 0.2749385057539636 0.9999486581534024