0 0.9546874999999999 0.09166666586538472 0.9364583341346153 0.09166666586538472 0.9364583341346153 0.11851851923076934 0.9546874999999999 0.11851851923076934
2 0.8885475848310496 0.4417834333624935 0.8181026723833841 0.3959656058045015 0.7920499587779715 0.43602165443828844 0.8624948712256371 0.4818394819962804
0 0.1896488445615049 0.3154620320084274 0.18285454087104863 0.27577468065285116 0.17198646878366783 0.27763524780508725 0.1787807724741241 0.3173225991606634
2 0.46536724892769665 0.1910609633480842 0.45205459031620454 0.13320842272730385 0.42882894800814814 0.13855295978240975 0.44214160661964025 0.1964055004031901
2 0.9983665902364369 0.5406804519979688 0.9351036108774415 0.4868916355022018 0.9072106195112144 0.5196975950310032 0.9704735988702098 0.5734864115267703
2 0.29814814903846154 0.2006365745192308 0.25665509254807695 0.15914351802884624 0.2323206009615385 0.18347800961538469 0.27381365745192304 0.22497106610576928
2 0.2454104033108928 0.16002009073288687 0.20715017279350728 0.12115255657087855 0.19088234845452037 0.13716619681447184 0.2291425789719059 0.17603373097648017
3 0.2516784128494275 0.21872458410488718 0.20468286205313085 0.13517694226151786 0.17421797736194236 0.1523134407241815 0.22121352815823891 0.23586108256755078
3 0.23477348570950124 0.2625199628051315 0.19000663692986028 0.14882637914947242 0.13923274157694004 0.1688186005408012 0.183999590356581 0.2825121841964603
3 0.1757670763041624 0.16504703313520105 0.08221266270025678 0.08345661252023119 0.04024071449746943 0.13158310791428512 0.13379512810137506 0.213173528529255
2 0.81882403589069 0.5379626133843955 0.7586445899477827 0.48035493087466274 0.72765562877544 0.5127273234523848 0.7878350747183472 0.5703350059621177
2 0.9109912658041542 0.6202501278068173 0.8451286751352665 0.5480070967566084 0.8094275423353048 0.5805551371950733 0.8752901330041924 0.6527981682452823
2 0.8840513282558237 0.5090051392217175 0.8205188545989238 0.44955955236218365 0.7867241876277075 0.4856776042230538 0.8502566612846073 0.5451231910825877
2 1.0223873764339082 0.6950326252349749 0.9308051251812846 0.6472741775918162 0.9048341496384562 0.6970764748777447 0.9964164008910799 0.7448349225209033
3 0.07994891568271464 0.10357041974022976 0.03299707389171557 0.057352183097765116 0.008138048035418633 0.08260578716994696 0.05508988982641771 0.1288240238124116
1 0.17605530234847513 0.09870752105625179 0.04073156729394053 -0.014215682491854962 -0.002093286199463046 0.03710432035788504 0.13323044885507157 0.15002752390599178
2 0.42892520402678996 0.09045693610248325 0.3973814975856103 0.05940609847498772 0.37739247626397787 0.07971240480334657 0.4089361827051575 0.1107632424308421