0 0.5017028316769443 0.05890430764564911 0.498469103392068 0.024411101465682167 0.48014060845645873 0.02612939266143987 0.48337433674133506 0.06062259884140681
2 0.8278260374029612 0.4204881973981448 0.762490598454651 0.37848684725016707 0.7368795128032087 0.41832631710255 0.802214951751519 0.4603276672505278
2 0.008333334134615393 0.05533768990384616 6.7769124812954e-18 0.05533768990384616 8.354412405764582e-18 0.08110021875 0.008333334134615395 0.08110021875
3 0.9994791658653847 0.5907407403846154 0.9927083341346153 0.5907407403846154 0.9927083341346153 0.6314814807692308 0.9994791658653847 0.6314814807692308
0 0.22614075112770554 0.35867999163594527 0.2191056913525889 0.325849705920919 0.20447493317669968 0.3289848677411997 0.21150999295181627 0.361815153456226
3 0.90839162527719 0.4142459875872422 0.8333524616599314 0.36031713976217294 0.7955875024869674 0.4128650999850835 0.8706266661042259 0.46679394781015277
2 0.9845139131147296 0.5533950851105213 0.9231707047521248 0.5038248068871438 0.8952300382255971 0.5384013755479699 0.9565732465882018 0.5879716537713472
2 0.3173670963373501 0.23919221371356955 0.27828664076362775 0.19522669168136392 0.25751795977465036 0.2136877374553682 0.2965984153483727 0.25765325948757384
2 0.2554076989751072 0.1925333606600353 0.22193353458971454 0.15065621970457294 0.1971128390859847 0.17049644810830433 0.2305870034713773 0.2123735890637667
3 0.31594278617422045 0.2971494379353408 0.27580310286101545 0.21065315294825587 0.23361289358327883 0.23023204745891668 0.2737525768964838 0.3167283324460016
3 0.2730584284521508 0.319445800048505 0.2290364319716063 0.20401035175366242 0.17763169439336077 0.22361385492517424 0.2216536908739052 0.33904930322001675
3 0.18656649355428792 0.19361835869212848 0.09442114711834758 0.10856111834467003 0.05266573384055162 0.15379615073393021 0.14481108027649195 0.23885339108138867
2 0.8214282024017857 0.5648144559416846 0.7612487471531734 0.5072067854328839 0.7302597947232552 0.5395791806275958 0.7904392499718675 0.5971868511363965
2 0.9141162670009575 0.6461760546003303 0.8482536751352664 0.5739330222373777 0.8125525423353047 0.6064810626758426 0.8784151342009958 0.6787240950387953
2 0.8337459297318964 0.49206285073784584 0.7690461048278117 0.43757878683353485 0.737999823679481 0.4744462451374491 0.8026996485835655 0.5289303090417601
2 1.0247268961786065 0.7261094318273938 0.9398896522487266 0.6632670264993552 0.9097006956068548 0.704022116398378 0.9945379395367347 0.7668645217264166
3 0.08951513725315544 0.12995717461520534 0.04318660933879395 0.08289327550457333 0.018718744828242206 0.1069788307901071 0.06504727274260368 0.1540427299007391
1 0.21182533198052234 0.1524386458912683 0.07939389213795033 0.03241363501280787 0.037584700431770014 0.07854444904714522 0.17001614027434203 0.19856945992560565