2 0.9244346655630259 0.6256031044724067 0.8554698418612114 0.5706426323853141 0.8238019037633594 0.6103798050292742 0.8927667274651737 0.6653402771163669
3 0.33341503237299414 0.15403049945991737 0.24457595850198985 0.08634358928856882 0.20312848579394047 0.14074339983325912 0.29196755966494475 0.20843031000460768
2 0.8232119927428847 0.5521191212128201 0.7558227560896066 0.49525945005297856 0.726753838536644 0.5297114988297709 0.7941430751899221 0.5865711699896123
2 0.21205141910733707 0.11439080113705771 0.18437800720099595 0.07977056811860096 0.16092880710966975 0.09851450241435024 0.18860221901601085 0.133134735432807
2 1.025302094844252 0.7156563922160383 0.9455646132698949 0.6474037261183299 0.9138162845232737 0.6844943179323739 0.9935537660976307 0.7527469840300822
3 0.5147095866134368 0.17230178856683137 0.47218104404029826 0.0627498099171768 0.40524397941937756 0.08873506219231428 0.4477725219925161 0.19828704084196885
3 0.8300057872596152 0.3439525468750002 0.7277777776442308 0.24172453725961546 0.6788483798076922 0.29065393509615384 0.7810763894230768 0.3928819447115386
1 0.8674239932885107 0.9146524338744068 0.6171875 0.6305555552884615 0.5456407645016754 0.6935749178610255 0.795877257790186 0.9776717964469708
3 0.08414114679993023 0.8216274718624627 0.02821931466995313 0.7923660487016734 -0.05128092981727269 0.9442998525388091 0.0046409023127044115 0.9735612756995984
2 0.4268701097897702 0.3992995327159324 0.3837459397478748 0.3625002381869011 0.359349730518615 0.3910895437332417 0.40247390056051036 0.427888838262273
1 0.6779332701758265 0.5770820549651617 0.48802083413461556 0.40648148076923085 0.4298017333894738 0.4712909416913281 0.6197141694306847 0.6418915158872591
0 0.6270833341346154 0.8064814807692307 0.6109375000000001 0.8064814807692307 0.6109375000000001 0.8481481490384616 0.6270833341346154 0.8481481490384616
2 0.3113283563097452 0.8242760580042242 0.2734043137340448 0.8087616768149133 0.22966168839662396 0.9156880933717146 0.2675857309723244 0.9312024745610257
2 0.8687244594702086 0.729323949354845 0.7962641848958465 0.6662292807472435 0.7639681775888041 0.7033192220809232 0.8364284521631661 0.7664138906885248
2 0.21758031346735862 0.7603099949879274 0.1772933324403909 0.7393653437933241 0.12473744907512 0.8404564460666223 0.16502443010208773 0.8614010972612256
2 0.3586231830878997 0.40517780461428643 0.316174402011842 0.3642450621167986 0.28966870542763984 0.391732458340989 0.3321174865036975 0.43266520083847687
3 0.6820497538206447 0.25743922769734895 0.5256443872391806 0.17000988437695966 0.4820697501174222 0.2479620550538897 0.6384751166988862 0.33539139837427895
2 0.2985062367766179 0.09488116392184157 0.2605301524463176 0.06675073000264249 0.24277845487079225 0.09071552080787913 0.28075453920109256 0.1188459547270782
2 0.21793462659440818 0.28915069972971735 0.1772449708085613 0.24337484137216456 0.1509877876648299 0.2667145619663518 0.19167744345067678 0.3124904203239046
2 0.7164808547492773 0.1300709893779361 0.7153504418493992 0.098913967867467 0.6715742135557404 0.10050222023473943 0.6727046264556186 0.13165924174520852
3 0.24895833413461552 0.9453703701923076 0.1844270841346155 0.9453703701923076 0.1844270841346155 1 0.24895833413461552 1
2 0.11726342140845415 0.13609412336692528 0.0802671606418783 0.09678559230043829 0.05757666454079892 0.11814135116251902 0.09457292530737477 0.15744988222900602
3 1.0533421560416765 0.47481639969014405 0.916051588712413 0.3846761273069173 0.8616522443603206 0.46753051248878924 0.9989428116895842 0.557670784872016
2 0.7080217300635335 0.3834927477224647 0.6564500164893704 0.344200009792574 0.6301786921975067 0.3786811196101537 0.6817504057716699 0.41797385754004435