2 0.9251944640800693 0.6083596853534374 0.8560083346773558 0.5550607402354193 0.8242555241718007 0.5962783300333553 0.8934416535745142 0.6495772751513734
3 0.33284807884081463 0.14673593549829592 0.24519794830321534 0.07748149971643373 0.2026593924674525 0.13131935038681736 0.29030952300505175 0.20057378616867955
2 0.8183764361004526 0.533464241467975 0.7531932507512802 0.47552362669749865 0.7223886502271792 0.5101787989548845 0.7875718355763517 0.5681194137253609
2 0.2068430860138656 0.10605746878223568 0.17916967643872267 0.0714372339496775 0.15572047411019108 0.0901811674725542 0.18339388368533405 0.12480140230511236
2 1.0259102018027362 0.6992697546292879 0.9471932283903854 0.6316314641032702 0.9153915697263362 0.6686420138977491 0.9941085431386868 0.7362803044237668
2 0.3087241883851366 0.8168686485079681 0.27080014786866013 0.8013542681610671 0.2270575216888295 0.9082806867770927 0.264981562205306 0.9237950671239937
2 0.22077673766721514 0.7404262362901424 0.1807407529114416 0.7199227328567818 0.12862682550029853 0.8216825325991638 0.16866281025607208 0.8421860360325244
2 0.6452030505019638 0.1325771151811378 0.6423368419709165 0.10140708407398831 0.5988989237354968 0.10540137369754721 0.601765132266544 0.1365714048046967
3 0.24583333413461553 0.938888889423077 0.17728456490384628 0.938888889423077 0.17728456490384628 1 0.24583333413461553 1
2 0.7051715686651583 0.12419798447398192 0.6981617647058822 0.09265386665723985 0.6614828429864252 0.10080473815045249 0.6684926469457012 0.13234885596719456
2 0.7520372318474303 0.17237248286275947 0.7318279387612314 0.1661719042480205 0.7176632764521794 0.2123382106295285 0.7378725695383783 0.21853878924426745
2 0.32455774485883965 0.06487069193781844 0.2897768746920662 0.04013762835138611 0.2698359095801085 0.06817961013562504 0.30461677974688195 0.09291267372205737
2 0.41144945072594913 0.12517886980794563 0.3758853678956147 0.09988885126550834 0.3559444009809162 0.12793083145944417 0.39150848381125064 0.15322085000188146
2 0.936511753513314 0.43938746468195267 0.8869123934911246 0.40632122466715964 0.8650106834319529 0.43917378975591703 0.9146100434541423 0.47224002977071006
2 0.9541562831927983 0.5556313400533732 0.8963766060595948 0.5089406933342117 0.8690120415119953 0.5428043430275052 0.9267917186451989 0.5894949897466668