2 0.9261037726899626 0.6410682018058164 0.8573580060975611 0.586071588531895 0.8269379514540337 0.624096656836304 0.8956837180464353 0.6790932701102252
3 0.33966503342198434 0.16514161502316277 0.2508259641349675 0.09745469858184082 0.20931472353244326 0.15193819663385594 0.2981537928194601 0.21962511307517787
2 0.8255616734103174 0.5652956339311502 0.7573677019236054 0.5105449170530553 0.7301150709015076 0.5444890414194407 0.7983090423882195 0.5992397582975357
2 0.21830141910733702 0.12457598623321155 0.19062800720099587 0.08995575321475482 0.1671788071096697 0.10869968751050411 0.19485221901601085 0.14331992052896084
2 1.0261381484988106 0.7301671527938953 0.947944027700773 0.6620797605033873 0.9159007006967597 0.6988795217841868 0.9940948214947972 0.7669669140746949
3 0.8837673738765834 0.3508410355249087 0.7655400110890102 0.2808379856048736 0.7133097929996273 0.3690490128327063 0.8315371557872004 0.4390520627527414
3 1.0172548735705087 0.4693463935347536 0.9317708341346156 0.42592592548076935 0.8937442615265644 0.5007907341326929 0.9792283009624576 0.5442112021866772
2 0.45922144507532775 0.3741617511160026 0.4093070543392577 0.33320636040477275 0.3848582453896959 0.3630033512708699 0.43477263612576594 0.40395874198209974
2 0.4226210592035191 0.4032782760358813 0.37669821224144945 0.36022561114862034 0.35147948557098246 0.3871255888503212 0.3974023325330521 0.4301782537375822
1 0.3446850512895795 0.35637440962237865 0.20273610387912747 0.2215229120392576 0.1538421052009334 0.2729902800066001 0.29579105261138544 0.40784177758972107
2 0.325693292776912 0.26060717834863945 0.28021819377235 0.21371097696610536 0.25578495664769013 0.23740381016985534 0.30126005565225206 0.2843000115523894
3 0.1507996829848117 0.22954939073827638 0.11229108966891671 0.15538469112886769 0.07546469903514848 0.17450608591205588 0.11397329235104348 0.24867078552146454
2 0.1348132187570123 0.15146232233879092 0.10584770087963813 0.11887611786003392 0.0849676725845301 0.13743614479585886 0.11393319046190425 0.17002234927461585
1 0.2911975022102814 0.24287809994740622 0.15849595948249828 0.13177913195529148 0.11606087737632638 0.1824654791198198 0.24876242010410948 0.2935644471119346
0 0.27864583413461547 0.4083333341346154 0.2635416658653847 0.4083333341346154 0.2635416658653847 0.4416666658653846 0.27864583413461547 0.4416666658653846
2 0.31696456301207765 0.834908720233644 0.2800605821736442 0.8194222274735397 0.23573602694113405 0.9250466940529948 0.27264000777956743 0.9405331868130993
2 0.5294452620588098 0.24516993876684015 0.4838156388020992 0.208095858353668 0.461456839172537 0.23561437242601502 0.5070864624292475 0.27268845283918713
2 0.22811063759042105 0.17915388287861483 0.20802800510897457 0.1613026900519129 0.20572916586538456 0.16388888942307697 0.22581179834683104 0.18174008224977886
2 0.22330948159012567 0.7695692568371997 0.1830224993084707 0.7486246034055865 0.13110286612286157 0.8484918725894979 0.17138984840451654 0.8694365260211112
2 0.06730011327501956 0.15150727639145745 0.03977232934932259 0.11386244667968683 0.014828961581802785 0.13210228581671404 0.04235674550749975 0.16974711552848465
3 1 0.5000000000000001 0.9520833341346153 0.5000000000000001 0.9520833341346153 0.6146825408653848 1 0.6146825408653848