3 0.4770151972281372 0.684280567712828 0.4372520272231374 0.6435233169092334 0.36393092064706145 0.715056101095013 0.40369409065206124 0.7558133518986074
2 0.6285537530621867 0.6406629075199823 0.5693281715159217 0.6331422027811535 0.5623193311883626 0.6883368499292407 0.6215449127346274 0.6958575546680696
2 0.23921734877685746 0.7627358735064068 0.2020932891962281 0.7432937477016558 0.15679660517801877 0.8297861823862417 0.19392066475864814 0.8492283081909929
1 0.25219687057800994 0.26563591956772536 0.12657220152889873 0.14071227889288135 0.08154711059216162 0.18599003510682383 0.20717177964127284 0.31091367578166784
3 0.5647848631986689 0.3651100026099918 0.49682771393259456 0.3454428180465955 0.48148616229426217 0.3984533601147128 0.5494433115603365 0.418120544678109
2 0.716856616915358 0.18954112094235764 0.7092095574848283 0.15512935747556228 0.6689522055068539 0.16407543672512984 0.6765992649373835 0.19848720019192514
2 1.0000000000000002 0.7833333341346156 0.9994791658653848 0.7370370360576923 0.9882722505002745 0.7371631140446665 0.9887930846348898 0.7834594121215896
2 0.2655674651527995 0.5154898631137234 0.23466126805463625 0.4935519811655325 0.18023263122131009 0.5702313151927562 0.21113882831947334 0.5921691971409471
2 0.4035419820741246 0.4160637523207636 0.38668983598773293 0.38153190201152865 0.3259815137468762 0.4111586236004688 0.34283365983326786 0.44569047390970373
2 0.28134506663397263 0.7938872140694198 0.241592846546186 0.7760591477783948 0.1867252091096274 0.898400537106355 0.22647742919741404 0.9162286033973799
3 0.7054882448745015 0.4493516661016932 0.6399397581880379 0.4024157100262857 0.6086691858959462 0.4460866792140263 0.6742176725824098 0.49302263528943374
2 0.16832386657882528 0.1558229394912328 0.12355194441259548 0.13241278109124066 0.11304057783377026 0.15251576708077716 0.15781250000000005 0.1759259254807693