2 0.9301405738512998 0.6328361564428622 0.8601319925177049 0.5834183332069802 0.8305258840161487 0.6253603193019378 0.9005344653497436 0.6747781425378198
3 0.34226919823837865 0.15680827830607125 0.2534301243673744 0.08912136813472271 0.2119188870922102 0.14360486967777478 0.3007579609632145 0.21129177984912334
2 0.8302223952383058 0.5557285099774141 0.7586908158160336 0.5071057431929047 0.7325831963606831 0.5455140728314357 0.8041147757829553 0.5941368396159452
2 0.22246808737656784 0.11994635642551922 0.19479467547022675 0.08532612340706248 0.17134547391219973 0.10407005887520755 0.19901888581854085 0.13869029189366427
2 1.0290801259825324 0.724962517004528 0.9544226144708022 0.6571255679146512 0.9216205891448579 0.6932256227702316 0.996278100656588 0.7610625718601084
3 0.9846598280827364 0.4209704400933162 0.8568039668510689 0.3414810996825816 0.8024561037314992 0.42889776221051695 0.9303119649631668 0.5083871026212515
3 1 0.4629629639423078 0.9666666658653846 0.4629629639423078 0.9666666658653846 0.5578703701923078 1 0.5578703701923078
2 0.298694095842418 0.23661986784830627 0.2598236140948484 0.19653467881579262 0.2357130305551832 0.2199146358528329 0.27458351230275285 0.25999982488534656
2 0.27015277887435896 0.2659907400303571 0.2364444445139195 0.22104629606854392 0.20899999948571432 0.24162963068791207 0.24270833384615387 0.2865740746497253
1 0.23957920981030767 0.25339927918541905 0.11239710740872356 0.1291457202110792 0.06791904815885583 0.174672086882867 0.19510115056043992 0.2989256458572068
2 0.22890883654844252 0.18122853587104984 0.19673287826564595 0.12826399895091184 0.18229166586538462 0.1370370360576923 0.21446762414818113 0.1900015729778303
3 0.10329040917926377 0.16856859976949196 0.05914296732511838 0.10578109702583144 0.025945773837369016 0.12912286258711908 0.0700932156915144 0.19191036533077963
2 0.09375 0.1416666658653846 0.09000541309348965 0.09982240269462958 0.07495078553492664 0.10116962109367608 0.07869537244143698 0.1430138842644311
1 0.23687060682903535 0.18614496613902326 0.11050022830100409 0.08225666368146818 0.07914859832241766 0.12039298176678324 0.20551897685044893 0.22428128422433835
2 0.31664583335281005 0.8275185191848996 0.2790637948230239 0.8116635967754282 0.23466191655396773 0.916912494045696 0.2722439550837538 0.9327674164551675
2 0.8780278271627767 0.511416223330319 0.8050264201229912 0.4623881114835329 0.779551191254816 0.5003199730622339 0.8525525982946014 0.54934808490902
2 0.1217500451372098 0.0863975651734128 0.11420603079612311 0.06329402492610102 0.08554218717586543 0.07265364882041093 0.09308620151695211 0.09575718906772271
2 0.21945101395645716 0.7719397539229488 0.17903293852183502 0.7505419482826063 0.1256024750782293 0.8514661523000014 0.16602055051285147 0.8728639579403438