3 0.29674613424856117 0.9404519875707436 0.24917311186732036 0.9193084196283274 0.213434276649607 0.9997207895898311 0.2610072990308478 1.0208643575322474
2 0.3940986202238384 0.7548763365277407 0.35854306575931705 0.7356170772896576 0.31318605583997094 0.8193530931248998 0.34874161030449236 0.8386123523629827
2 0.240171978064038 0.7827883111428057 0.20259042367298669 0.7620131633207399 0.15585370771274315 0.8465583346938869 0.1934352621037945 0.8673334825159527
1 0.257653047721959 0.2779194179903219 0.1317805344616098 0.15274931615922266 0.08675544232967548 0.19802707357506943 0.21262795559002468 0.3231971754061687
3 0.8842011465293568 0.6166767291095684 0.8028345181353449 0.5419399787765289 0.763601312194282 0.584653552410476 0.8449679405882939 0.6593903027435153
2 0.7200325409328537 0.2028763075630383 0.7137605929250713 0.1684785984959327 0.6723463700436928 0.1760299110611963 0.6786183180514752 0.21042762012830188
2 0.36750926156166525 0.4538570627395899 0.3409043461576137 0.41932183665177203 0.28433749914918366 0.46289926033813605 0.3109424145532352 0.4974344864259539
2 0.5341633984522521 0.3694640783634346 0.47582183133514305 0.36575985386421545 0.47311794326406437 0.4083461137977708 0.5314595103811734 0.41205033829698995
2 0.6889560129442572 0.46611393374053695 0.6355252143742993 0.4221876538654812 0.6109524840803524 0.4520772918312802 0.6643832826503103 0.49600357170633597
2 0.23650892729564532 0.9018121721874892 0.1979829839744884 0.88380870249347 0.1440707940824847 0.9991763514744206 0.1825967374036416 1.0171798211684395
3 1.0385495326439977 0.7430236749059739 0.9570722363280588 0.6736170911864886 0.9162116613698251 0.7215838544976901 0.9976889576857639 0.7909904382171754
2 0.0031250000000000036 0.025925925480769232 3.175010165495684e-18 0.025925925480769232 4.1842097989580404e-18 0.042407406249999995 0.003125000000000005 0.042407406249999995