2 0.928374515858102 0.6306889918537218 0.858976495370309 0.576961494787614 0.8277829737601666 0.6172531288669659 0.8971809942479597 0.6709806259330737
3 0.34141882809766194 0.15192757284768146 0.2525797542266576 0.08424066267633296 0.2104308640423659 0.1395610837028515 0.2992699379133702 0.2072479938742
2 0.8272155534728948 0.5561019008525048 0.7611663126033759 0.5008450217704268 0.7337175994503853 0.5336548129985424 0.7997668403199042 0.5889116920806203
2 0.1785410231605583 0.08138093277304198 0.15235279019968176 0.04735860877753151 0.12870155127118968 0.0655638364672812 0.15488978423206623 0.09958616046279167
2 1.0248857066785027 0.7198344181654244 0.9507767810382591 0.6524959395542798 0.9179747563168916 0.6885959949915722 0.9920836819571353 0.7559344736027167
3 0.9820556622173519 0.41726673817023924 0.8541997981740901 0.3377773960115069 0.7998519361323932 0.4251940568057212 0.9277078001756549 0.5046833989644535
3 1 0.4583333341346155 0.9635416658653846 0.4583333341346155 0.9635416658653846 0.5560185192307694 1 0.5560185192307694
2 0.29817326356190843 0.23106430912040382 0.25930277748616226 0.19097912403393824 0.2351921963250048 0.21435908366943346 0.27406268240075093 0.25444426875589904
2 0.2682152791430403 0.2590092596399725 0.2348819445139194 0.21456481529931315 0.20743749948571427 0.23514814991868127 0.24077083411483516 0.2795925942593406
1 0.23957920981030767 0.2487696493777267 0.11239710740872355 0.12451609040338686 0.06827330999280502 0.16967984561185545 0.19545541239438918 0.2939334045861953
2 0.09702414764727535 0.056267036420798604 0.06134305824062944 0.01411875118028604 0.037181958552135436 0.034572592973104735 0.07286304795878135 0.0767208782136173
3 0.10314190758267129 0.16632334520763678 0.06205069088812524 0.10057740228939802 0.02788506424651373 0.1219309201723388 0.06897628094105977 0.18767686309057754
2 0.08697916586538462 0.12592592548076925 0.08629643316040382 0.08223090001648056 0.06373249718892547 0.08258346044818031 0.06441522989390627 0.12627848591246899
1 0.22885622673177317 0.1762652073139404 0.10323584258577224 0.07162143487944593 0.06736529397475818 0.11468249805799413 0.1929856781207591 0.2193262704924886
2 0.8354652099820896 0.8722771590713214 0.7641744139060572 0.8000952308205671 0.7264964767928391 0.837308009647599 0.7977872728688715 0.9094899378983533
2 0.6128729683370658 0.6502807467460199 0.5642467746348211 0.5734393412988499 0.5299386470025456 0.5951499496629218 0.5785648407047904 0.6719913551100917
2 0.4085911467673204 0.13350336433140483 0.3856797223952073 0.09806226567623746 0.35940232055799537 0.1150496821992612 0.3823137449301084 0.15049078085442857