2 0.9258905598814227 0.6278106649745788 0.8568894065879203 0.5735146768671064 0.8259295178343357 0.612859536483758 0.894930671127838 0.6671555245912304
3 0.33601919812855646 0.15495642904410406 0.24718013000035216 0.08726951348568693 0.2057326548778793 0.14166931935318197 0.2945717230060836 0.2093562349115991
2 0.8247496962518777 0.5526066815585965 0.7570049710549871 0.4982166599691754 0.7293003178317974 0.5327238005150651 0.7970450430286881 0.5871138221044861
2 0.21413475187925018 0.11716857935915878 0.18646134347650298 0.08254834599330153 0.1630121399755757 0.1012922804533234 0.1906855483783229 0.13591251381918065
2 1.0260604194807004 0.7176085944309466 0.9470741486896197 0.6502069778557907 0.9153261578083562 0.6874116553136985 0.994312428599437 0.7548132718888543
3 0.678096444056409 0.21311372217014027 0.5795691181356392 0.14581602015725798 0.5309766596742299 0.21695789943275348 0.6295039855949996 0.2842556014456358
3 0.9140106211029411 0.42393899760746634 0.8113329247794118 0.29756644828619927 0.767759940164027 0.33296949828619926 0.8704376364875563 0.4593420476074664
2 1.0261564282554003 0.9733575585308769 0.9477873746881424 0.8964181185230521 0.9094854072215303 0.9354317757555067 0.9878544607887881 1.0123712157633316
1 0.6358518657131719 0.6454037374692055 0.4395833341346153 0.4453703701923078 0.37884963659813814 0.5049609964717727 0.5751181681766947 0.7049943637486705
2 0.695524425386522 0.5659291176218845 0.6276041658653845 0.5055555552884617 0.5945007189000561 0.5427969341640727 0.6624209784211936 0.6031704964974954
3 0.25162004206709326 0.3750629811876687 0.21833686502913954 0.37244193038459145 0.20907758569164614 0.49002005327783915 0.2423607627295999 0.49264110408091644
2 0.284970650715621 0.277889807094439 0.250465474463689 0.24260042469742113 0.2266584876563673 0.2658783689406016 0.26116366390829937 0.30116775133761947
1 0.4749794042117391 0.3950204751016149 0.3169538977381458 0.25720367764741414 0.2653759979217636 0.31634468144295413 0.42340150439535695 0.45416147889715497
0 0.47458163412156434 0.6625046117462537 0.4686348979757215 0.6138735563924256 0.4485770348786844 0.6163262857979397 0.4545237710245272 0.6649573411517677
2 0.31289085630974517 0.8252019834849933 0.27606194685473995 0.8101356113035193 0.23231932151731913 0.917062027860321 0.2691482309723243 0.9321284000417948
2 0.5177148329393931 0.41536342232779283 0.46985157556755514 0.37049164960677694 0.44378465205447176 0.3982963872701584 0.49164790942630976 0.44316815999117437
2 0.22018448140036184 0.7612359220526905 0.17989749878718314 0.7402912692725944 0.12734161399910657 0.841382370610382 0.16762859661228527 0.8623270233904781
2 0.20522562034613237 0.27403564836810906 0.17516904189799493 0.22981448229681417 0.1468617564711233 0.24905459332678706 0.17691833491926073 0.293275759398082
3 0.9057992171982647 0.41718517102355174 0.7176902611080705 0.2940529453710781 0.6646837815870137 0.37503088169835797 0.8527927376772079 0.4981631073508316
2 0.6097115613265652 0.3084520056069466 0.5564698262863293 0.2725138358370244 0.5315939414476372 0.30936699997844197 0.584835676487873 0.34530516974836417
2 0.10063504921467327 0.1815445596212982 0.06852986034375266 0.13778637755185158 0.045948367914259144 0.15435432085181694 0.07805355678517975 0.19811250292126356
2 0.8602439455029269 0.10163764492796176 0.8163313730984183 0.09700624083500643 0.8130492390587555 0.12812573413882394 0.8569618114632641 0.13275713823177926
3 0.24687500000000015 0.9546296298076923 0.18721955048076935 0.9546296298076923 0.18721955048076935 1 0.24687500000000015 1