0 0.1891280096229828 0.31175832803435277 0.18233371153217176 0.27207097874057395 0.17146563603685208 0.27393154503947303 0.17825993412766308 0.31361889433325185
2 0.0629407043269232 0.9898148149038462 0.03032852644230781 0.9898148149038462 0.03032852644230781 1 0.0629407043269232 1
2 0.37678613650656817 0.4824095152311443 0.34171024538650613 0.46133408808288545 0.30059829761112244 0.5297568153547344 0.3356741887311845 0.5508322425029932
2 0.29739583288646454 0.1932870368897929 0.2524919879372439 0.15836182367176832 0.23120592999768264 0.18572961207527314 0.27610977494690325 0.22065482529329772
2 0.240491702780279 0.15674290847209335 0.20305015678519983 0.11870702910379201 0.18810491263974044 0.13341874486725736 0.22554645863481962 0.1714546242355587
3 0.25294619916737054 0.20491804051176327 0.19794957385359968 0.13265192924612157 0.16785876127401267 0.15555191813224356 0.22285538658778356 0.22781802939788526
3 0.25175287276193636 0.2377937423740053 0.17382183841180365 0.15012132873010617 0.131052442755305 0.18813856931366058 0.2089834771054377 0.27581098295755974
3 0.174032370640802 0.16666631449177416 0.08380371739196842 0.08029358540901625 0.04139402920023713 0.12459656264360675 0.1316226824490707 0.21096929172636464
2 0.8183615143502123 0.5328902278543756 0.7597030734044441 0.4767385503243836 0.7287141122321017 0.5091109429021058 0.7873725531778699 0.5652626204320976
2 0.9116460841829672 0.6078684021714862 0.8411396311218184 0.5455457357084611 0.8109228612485209 0.5797303652765038 0.8814293143096695 0.6420530317395289
2 0.9138457311775908 0.5176822951507276 0.8400071856224436 0.4599241343884195 0.8073490875615329 0.5016745369218165 0.8811876331166799 0.5594326976841246
2 1.0244387645726027 0.694947897483422 0.9343436721358886 0.6377446557040757 0.9060022567750493 0.6823823782753176 0.9960973492117634 0.739585620054664