2 0.1670346280972315 0.2139204899324016 0.13897125054037948 0.17115725014378438 0.11172817135986537 0.18903552177692398 0.13979154891671736 0.2317987615655412
3 0.6227686860949766 0.24921088583093368 0.5600463771475502 0.20650194229519706 0.5263545101591137 0.2559817822377624 0.5890768191065402 0.2986907257734991
2 0.32892552681650256 0.8245556210938211 0.29124896512096676 0.8073185937496802 0.24648889588077544 0.9051548085769283 0.2841654575763112 0.9223918359210692
2 0.28224870025435583 0.9469504110347773 0.2346617828978951 0.9157823775454141 0.1823718933655138 0.9956178491225699 0.2299588107219745 1.026785882611933
0 0.5429055843509013 0.7379191822390408 0.5312652374677266 0.691932630851886 0.5112213685808569 0.6970062356273294 0.5228617154640315 0.7429927870144842
3 0.29356617548076924 3.337950437754802e-17 0.2515625 3.080752104105061e-17 0.2515625 0.020370370192307728 0.29356617548076924 0.020370370192307728
2 0.22010969099775324 0.19514093001369776 0.18390197345233877 0.15417866247205295 0.16017705363654583 0.17514979632357858 0.1963847711819603 0.21611206386522339
2 0.7343444544769115 0.17507217796248054 0.7261675828569495 0.14210916148039146 0.6845086697896079 0.15244315455301893 0.69268554140957 0.18540617103510798
2 0.34511610958231687 0.07091176483075547 0.31377934919595085 0.04447138342413678 0.29338930971200256 0.06863736544045827 0.3247260700983686 0.09507774684707695
3 0.5323290749878042 0.5462221272663415 0.4149430380377978 0.4157931672229012 0.36119073297569987 0.46417023061484985 0.4785767699257063 0.5945991906582901
2 0.8271573688648439 0.5611107610625081 0.7669779226651497 0.5035030787634885 0.7359889616574714 0.5358754714257384 0.7961684078571655 0.5934831537247579
2 0.9203662664247048 0.6443242003702884 0.8545036737199067 0.5720811717757909 0.8188025434722407 0.6046292119998697 0.8846651361770388 0.6768722405943671
2 1.0270611899480977 0.7226687843982457 0.9456188189657839 0.6623410998688277 0.9154298614722395 0.7030961909176087 0.9968722324545533 0.7634238754470265
3 0.27950243240558836 0.3063579344484533 0.23257113836932794 0.24476061483338882 0.20214909221178468 0.2679393181004572 0.24908038624804513 0.32953663771552166
1 0.6683961874458529 0.569077037293943 0.46557118493659677 0.3659346257348792 0.40307778192534194 0.4283303831017961 0.6059027844345981 0.63147279466086