2 0.21312617169761713 0.2660944625186942 0.18492574121138963 0.2209737828516371 0.15795944986681412 0.23782771834519478 0.18615988035304165 0.28294839801225186
3 0.5263715584389351 0.18341970707496738 0.4691260087413956 0.14316893328199 0.43637715760612195 0.18974508098150875 0.49362270730366153 0.22999585477448614
2 0.3284046928390322 0.8282593259259736 0.29072813387375507 0.81102229923426 0.2459680635019351 0.9088585131483751 0.28364462246721217 0.926095539840089
2 0.2767686984665636 0.9386617014680447 0.22285520998824151 0.9173625557659701 0.19020833413461544 1.0000000000000002 0.24412182261293752 1.0212991457020748
0 0.5992623521184672 0.8149698316723094 0.5853784870077126 0.7656049942193055 0.5663136300304884 0.7709669870118392 0.5801974951412431 0.8203318244648432
2 0.02701219929109579 0.10020784835207798 0.0250820066806163 0.05559902472382261 -0.001296154274985881 0.05674038930628365 0.0006340383354936058 0.10134921293453901
2 0.3344472213852926 0.2956087550054427 0.29310304669211323 0.25551743041113356 0.26983964905760094 0.27950780701981015 0.3111838237507803 0.31959913161411924
2 0.7245367089277696 0.18166100645583022 0.7159975390350153 0.14723747493907596 0.673241550771486 0.15784361067320848 0.6817807206642402 0.19226714218996277
2 0.25857111631972846 0.012946872311200251 0.22775842255351803 -0.0089643850166195 0.21017888497535828 0.015756830194507944 0.24099157874156868 0.03766808752232769
3 0.6240170004966057 0.6547951560098834 0.4995376142863129 0.5030859444620255 0.43953926326616455 0.5523153737921077 0.5640186494764573 0.7040245853399656
2 0.8261157024017857 0.5657403814224538 0.7659362483539511 0.5081327120631153 0.7349472959240327 0.5405051072578272 0.7951267499718674 0.5981127766171656
2 0.9182829322900894 0.6489538301779807 0.8524203395852913 0.5767108015834832 0.8167192093376254 0.609258841807562 0.8825818020424235 0.6815018704020593
2 1.027273397748675 0.724292025032329 0.9461396522487253 0.6641929519801251 0.915950694457096 0.7049480434313227 0.9970844399570455 0.7650471164835266
3 0.34687959490016773 0.36848906449982083 0.2908848049859483 0.30949866818629795 0.2587268396106238 0.3400236116989636 0.3147216295248433 0.3990140080124865
1 0.8121991770293804 0.7088592716662787 0.5723178747283053 0.4719394636700833 0.5043190073185092 0.5407883159767759 0.7442003096195843 0.7777081239729713