2 0.827517420034011 0.43595672117680695 0.7699741040417638 0.3906413516163916 0.7437739616376166 0.42391136768442145 0.8013172776298637 0.46922673724483677
2 0.2984416903407431 0.3428410525201842 0.25973947544720083 0.3029293970744392 0.23412045878976528 0.32777208217391224 0.2728226736833075 0.3676837376196572
3 0.39230769288613243 0.09163105691710295 0.34037126170551374 0.057006766134098684 0.31163194447526305 0.10011573783438119 0.36356837565588174 0.13474002861738546
2 0.32948802405628125 0.8339505129925487 0.29201081115360267 0.8166452707893274 0.24767586685718934 0.9126595378485759 0.2851530797598679 0.9299647800517973
2 0.2778103655898083 0.9414394808111309 0.22503344272223644 0.9205893484678016 0.19366134855769238 1.0000000000000002 0.24643827142526425 1.0208501323433294
0 0.6803498034732601 0.9375714849533446 0.6669091900426364 0.8867958255996538 0.6457508084821918 0.8923965727094182 0.6591914219128155 0.9431722320631091
2 0.10339439802490212 0.15439016108827303 0.07167025517481294 0.11870051067702213 0.048462642118929464 0.1393295060107043 0.08018678496901864 0.17501915642195517
2 0.5603446910662002 0.4909234706817686 0.5113742797360478 0.44343701349310854 0.4865964504014014 0.4689891512229308 0.5355668617315539 0.5164756084115909
2 0.7216382713985413 0.18572317131277247 0.7138071190973378 0.1519513276491721 0.6701612786351432 0.16207210243950046 0.6779924309363466 0.1958439461031008
3 0.8175030295007796 0.8698184062045606 0.6551821886662252 0.6774381492445122 0.5880971918496075 0.734041114968371 0.750418032684162 0.9264213719284194
2 0.8250740365364009 0.5703700112301463 0.7648945824885666 0.5127623418708073 0.7339056300586482 0.545134737065519 0.7940850841064825 0.602742406424858
2 0.9182829328663421 0.6526575353695606 0.852420342197454 0.580414504319352 0.8167192093974927 0.612962544757817 0.8825818000663807 0.6852055758080257
2 1.0268489824456057 0.7321566539386677 0.945097985980926 0.6716003579320393 0.9149090273376236 0.7123554505329943 0.9966600238023033 0.7729117465396226
3 0.4638364064229303 0.48733645744783016 0.39791666586538454 0.4203703701923077 0.3633971372218632 0.4543505303839433 0.4293168777794089 0.5213166176394657
1 1.045873343371024 0.9540410717037175 0.8015624999999998 0.7101851850961539 0.7272865087789456 0.7845997514610722 0.9715973521499696 1.0284556380686358