2 0.5643302028676721 0.3602329107276879 0.5052618349273088 0.3365208815018637 0.4894214510808193 0.37598041541396 0.5484898190211827 0.3996924446397842
2 0.7529108001049152 0.4825165550018254 0.6961484246753422 0.4359422977223722 0.6670543402887108 0.47140071267517936 0.7238167157182839 0.5179749699546325
2 0.8165027937233482 0.4587771279653492 0.7649729435587296 0.4207930628805964 0.7402725372432246 0.45430206813327784 0.7918023874078433 0.4922861332180306
2 0.8500133546036578 0.3871616807963747 0.8042868578530382 0.35667735109488796 0.7826522438469599 0.38912927366419414 0.8283787405975794 0.4196136033656809
2 0.9026119281652476 0.6095911639900368 0.8284688442197203 0.5425299752764661 0.7968786559531341 0.5774561975137189 0.8710217398986614 0.6445173862272895
2 0.994805860633658 0.1420292333152296 0.9429884811625677 0.13753558772865773 0.9398938782800088 0.17322024705227282 0.991711257751099 0.17771389263884468
2 0.642150042900602 0.1414241688876752 0.6410744656426787 0.10693854600586908 0.5979748769471749 0.10828278553390686 0.5990504542050981 0.14276840841571298
2 0.6989956170691892 0.13654190961295157 0.6960004747431818 0.10193142521895494 0.6599324415821228 0.10505270175200644 0.6629275839081303 0.13966318614600307
3 0.4518574805900917 0.24056911902516673 0.3563174664602078 0.16955388113591632 0.3129146902151821 0.22794560070169181 0.408454704345066 0.2989608385909422
2 0.2747684595192338 0.16247319055233975 0.2450647167806196 0.13290146951755796 0.22450936782740286 0.1535485869609644 0.25421311056601703 0.18312030799574622
2 0.22432721340599943 0.7312611132041682 0.1827674105945307 0.7108058967042302 0.13302335994039746 0.8118731690176646 0.1745831627518662 0.8323283855176025
2 0.31327840928611156 0.7990630697816348 0.27575311700838223 0.7833828579232106 0.23200735204149148 0.8880735745485417 0.2695326443192208 0.9037537864069657
3 0.25666124869504797 0.9410654475269106 0.2004588850404883 0.9220971455985836 0.1741666658653847 1 0.23036902951994437 1.018968301928327