2 0.7594480221777904 0.8329046664405979 0.6860985771992828 0.7626898036684189 0.6508046070250036 0.7995593925440824 0.7241540520035112 0.8697742553162614
2 0.548784223794783 0.6612674256146245 0.5387975811301835 0.6043903659268575 0.4697701067135043 0.6165104144107881 0.4797567493781037 0.6733874740985553
2 0.22361368564145673 0.7524645568623851 0.1832576032915987 0.7297642604314538 0.1282640947039949 0.8275304974504973 0.16862017705385293 0.8502307938814285
2 0.13495126739933355 0.8987976056713364 0.09239812574812192 0.8791033107810164 0.04223598628909587 0.9874878270998486 0.08478912794030749 1.0071821219901684
2 0.10970547699416852 0.7206166584501636 0.06999268824458695 0.6970197116447072 -0.001880730489988312 0.8179800171642491 0.03783205825959325 0.8415769639697056
2 0.2951774107683072 0.4664108862078301 0.26038470045493683 0.43308746299395556 0.1950857007819182 0.501265607982081 0.22987841109528856 0.5345890311959555
3 1.0593233519546794 0.6592891833945254 0.7838221207960795 0.45454509587530134 0.7102323027598475 0.5535666877335553 0.9857335339184475 0.7583107752527793
2 0.804829141807897 0.4761545029695276 0.7952354531248045 0.4383793544025177 0.745740138538989 0.4509495932346883 0.7553338272220815 0.4887247418016983
2 0.8520490426160237 0.4043080292742394 0.8063048840545759 0.37214416623938185 0.7830005488405601 0.40528810806141186 0.828744707402008 0.43745197109626943
2 0.6437203550493732 0.15854495013252692 0.6374223743786399 0.1266614242132294 0.5932029598281403 0.1353961237196484 0.5995009404988735 0.16727964963894595
2 0.7002609877569245 0.1539387037295899 0.6948002433062203 0.11996079426609087 0.6584620384066622 0.12580087253715055 0.6639227828573664 0.1597787820006496
2 0.7992276725154654 0.1920767219718312 0.7855542807676498 0.16284984941826025 0.7506671711493251 0.1791713054989949 0.7643405628971406 0.20839817805256586
3 0.9978308390073506 0.12668883997455166 0.8989777813814168 0.11556787045697198 0.8903292636332775 0.19244358007781723 0.9891823212592112 0.20356454959539688
3 0.24218750000000014 0.9490740745192308 0.17656250000000015 0.9490740745192308 0.17656250000000015 1 0.24218750000000014 1