3 1.024239067614013 0.9745902963752051 0.923596745407282 0.878584609381683 0.8731785804844735 0.9314377408797762 0.9738209026912045 1.0274434278732982
2 0.6854025388826751 0.7685415000079258 0.6180809808530585 0.701519135590477 0.5833776180438419 0.7363774172027455 0.6506991760734585 0.8033997816201943
2 0.4828091989782171 0.6540762545590036 0.4547817722417001 0.6116308725744488 0.38782592838504826 0.6558429851891224 0.41585335512156524 0.6982883671736774
2 0.22361368564145664 0.7515386313816159 0.18325760329159857 0.7288383349506847 0.12826409470399472 0.8266045719697281 0.1686201770538528 0.8493048684006593
2 0.13739129242869805 0.9007362694918968 0.09450971034007748 0.8794347032133845 0.04147701365226751 0.9861933286902927 0.08435859574088808 1.0074948949688052
2 0.1827243481956076 0.6132735207313632 0.14586762678305634 0.5873586374736383 0.07943691139795599 0.6818378734337414 0.11629363281050724 0.7077527566914663
2 0.354192434793838 0.4294309232453161 0.32670796660665136 0.3855244851022237 0.25685415016796564 0.42925144353610156 0.28433861835515234 0.47315788167919404
3 1.062593037532478 0.6621576165586173 0.7878254827297322 0.4560497435254506 0.7143482879557903 0.5540040275840332 0.989115842758536 0.7601119006171999
2 0.8055825110989959 0.47670858591986326 0.7934853571995392 0.4371178991329602 0.7447732893036088 0.4520021416132598 0.7568704432030654 0.4915928284001629
2 0.8520490426160237 0.4043080292742394 0.8063048840545759 0.37214416623938185 0.7830005488405601 0.40528810806141186 0.828744707402008 0.43745197109626943
2 0.6437203550493732 0.1557671712863731 0.6374223743786399 0.12388364536707554 0.5932029598281404 0.13261834487349464 0.5995009404988736 0.16450187079279216
2 0.7020271528632502 0.1485196385543048 0.6933817377119914 0.11690983788781262 0.6564645211461759 0.12700685389901242 0.6651099362974348 0.1586166545655046
2 0.764250846229111 0.20465520850348876 0.7496322522849574 0.17699616633796092 0.7154704523129798 0.19505165355270426 0.7300890462571332 0.2227106957182321
3 0.9432291658653846 0.11388888942307702 0.8494791658653846 0.11388888942307702 0.8494791658653846 0.18888888942307705 0.9432291658653846 0.18888888942307705