3 0.5323608390777129 0.6781985159780746 0.5051202512353625 0.6183001784863004 0.42726299450120825 0.6537081301931807 0.45450358234355864 0.713606467684955
2 0.7290474800304305 0.705672429132769 0.664649610084452 0.663493699703905 0.6366842287986182 0.7061908366594439 0.7010820987445967 0.7483695660883078
2 0.2393012620137166 0.7588033506947368 0.20217720243308726 0.7393612248899856 0.15627577104340334 0.8270084035400879 0.1933998306240327 0.8464505293448391
1 0.25109131316698735 0.2617907238842298 0.12339856484494297 0.1392777547209333 0.08035787230420785 0.1841381834391781 0.2080506206262522 0.30665115260247455
3 0.4864583341346154 0.3481481490384616 0.41874999999999996 0.3481481490384616 0.41874999999999996 0.4055555552884615 0.4864583341346154 0.4055555552884615
2 0.7163357852092761 0.18583741925904979 0.7086887260463801 0.1514256530260181 0.6684313717477376 0.1603717317590498 0.6760784309106336 0.1947834979920815
2 1.0034841310010136 0.724616929573705 0.9220796571205901 0.6483002199007063 0.8895681746409128 0.6829791275432237 0.9709726485213365 0.7592958372162225
2 0.2037618842814177 0.606726137409492 0.16994695674419574 0.5873828526525194 0.1152761556328963 0.6829555126845279 0.14909108317011827 0.7022987974415003
2 0.33768696294033074 0.45824545122145766 0.3128366611105665 0.4307708709168135 0.2530514653012204 0.48484558814052564 0.2779017671309846 0.5123201684451698
2 0.28209666925127225 0.7906072840027066 0.24447060652258507 0.772163793886054 0.18562149496593455 0.8922202663298887 0.22324755769462173 0.9106637564465413
3 0.6294287436713971 0.3941010292982536 0.5638289712687469 0.36730953070848005 0.5421013110123348 0.4205103459927281 0.6077010834149851 0.4473018445825017
2 0.19141029354549965 0.18886868235737791 0.1556152367575662 0.1520269897872539 0.1453125 0.1620370360576924 0.18110755678793347 0.1988787286278164
0 0.9990726072573872 0.15551913338620904 0.9975616665755566 0.1291720912723944 0.9746671953026709 0.13048503516513857 0.9761781359845015 0.1568320772789532
2 0.013541665865384616 8.291878878583121e-19 0 0 8.35184682959762e-19 0.013639600961538462 0.013541665865384616 0.013639600961538462