2 0.9293478753093289 0.6320012051785663 0.8596836789046323 0.5832128108347411 0.8306262549603054 0.6247034586803453 0.9002904513650022 0.6734918530241705
3 0.34222307805635216 0.15784704135387323 0.2545729402504413 0.08859261481207609 0.21203439282310416 0.14243046648815788 0.299684530629015 0.21168489302995505
2 0.8296634341237611 0.5602136980117269 0.7630347896144524 0.503995800829264 0.7353501161792355 0.5368072782611659 0.8019787606885443 0.5930251754436289
2 0.22246808737656787 0.11902043094474998 0.19479467547022675 0.08440019792629326 0.17134547391219973 0.10314413339443834 0.19901888581854085 0.13776436641289505
2 1.028559292988934 0.724962519591877 0.953901782274182 0.6571255688574825 0.9210997563371437 0.6932256231250805 0.9957572670518957 0.7610625738594751
3 0.984138993948121 0.42097044009331613 0.8562831327164535 0.34148109968258156 0.8019352695968838 0.428897762210517 0.9297911308285514 0.5083871026212516
3 1 0.4629629639423078 0.9666666658653846 0.4629629639423078 0.9666666658653846 0.5578703701923078 1 0.5578703701923078
2 0.298694095842418 0.23569394236753693 0.25982361409484833 0.1956087533350234 0.2357130305551832 0.21898871037206374 0.27458351230275285 0.25907389940457726
2 0.27029861084010975 0.2654907418493134 0.23696528059285718 0.22104629602513762 0.2095208341390111 0.24162962832087914 0.24285416438626367 0.2860740741450549
1 0.23957920981030767 0.25339927918541905 0.11266358995808012 0.12940606663197385 0.06853979254216162 0.17456982184044245 0.1954554123943892 0.29856303439388765
2 0.2196874997415372 0.15916666716061956 0.18051724116715231 0.12434865906067476 0.17385057556023048 0.13184865776543983 0.2130208341346154 0.16666666586538462
3 0.10366273318966572 0.17002705667208243 0.06257153054522417 0.10428110588972919 0.028405902343334306 0.12563461489237523 0.06949710498777587 0.19138056567472847
2 0.09520260999564112 0.13874032703586045 0.09100898645120405 0.0977360082931274 0.07465541876267505 0.09940853227589239 0.07884904230711214 0.14041285101862544
1 0.23687060682903535 0.18614496613902326 0.11035679807501995 0.08213875058448962 0.07900516809643351 0.12027506866980467 0.20551897685044893 0.22428128422433835
2 0.3146821117523473 0.8321190543216352 0.27705040816993687 0.8159911809146716 0.23191451230911203 0.9213082683632694 0.26954621589152244 0.937436141770233
2 0.909674905130378 0.5359173953815417 0.8356632640306306 0.48579310904450657 0.8103195666873173 0.5232146619281036 0.8843312077870646 0.5733389482651389
2 0.09065563635035602 0.05729848238065295 0.05561135490744495 0.03059806426826995 0.03839470689747328 0.053194903607095334 0.07343898834038434 0.07989532171947834
2 0.18689253813659362 0.8276359766943132 0.14571135521190984 0.8062534398018838 0.08900940073430089 0.9154572060002829 0.13019058365898467 0.9368397428927123