2 0.9293478753093289 0.6320012051785663 0.8596836789046323 0.5832128108347411 0.8306262549603054 0.6247034586803453 0.9002904513650022 0.6734918530241705
3 0.34222307805635216 0.15784704135387323 0.2545729402504413 0.08859261481207609 0.21203439282310416 0.14243046648815788 0.299684530629015 0.21168489302995505
2 0.8296634341237611 0.5602136980117269 0.7630347896144524 0.503995800829264 0.7353501161792355 0.5368072782611659 0.8019787606885443 0.5930251754436289
2 0.22246808737656787 0.11902043094474998 0.19479467547022675 0.08440019792629326 0.17134547391219973 0.10314413339443834 0.19901888581854085 0.13776436641289505
2 1.028559292988934 0.724962519591877 0.953901782274182 0.6571255688574825 0.9210997563371437 0.6932256231250805 0.9957572670518957 0.7610625738594751
3 0.984138993948121 0.42097044009331613 0.8562831327164535 0.34148109968258156 0.8019352695968838 0.428897762210517 0.9297911308285514 0.5083871026212516
3 1 0.4629629639423078 0.9666666658653846 0.4629629639423078 0.9666666658653846 0.5578703701923078 1 0.5578703701923078
2 0.298694095842418 0.23569394236753693 0.25982361409484833 0.1956087533350234 0.2357130305551832 0.21898871037206374 0.27458351230275285 0.25907389940457726
2 0.2697777791430403 0.2654907404092033 0.2364444445139195 0.22104629606854392 0.20899999948571432 0.24162963068791207 0.2423333341148352 0.2860740750285714
1 0.23957920981030767 0.25339927918541905 0.11266358995808012 0.12940606663197385 0.06853979254216162 0.17456982184044245 0.1954554123943892 0.29856303439388765
2 0.2207291678615637 0.16009259250876276 0.18155890809354486 0.12527458334781003 0.1748922402319811 0.13277458458904728 0.21406249999999996 0.16759259375
3 0.10366273318966572 0.17002705667208243 0.06257153054522417 0.10428110588972919 0.028405902343334306 0.12563461489237523 0.06949710498777587 0.19138056567472847
2 0.09375000000000001 0.13888888942307692 0.08999409877528734 0.09787207227299008 0.07489541204004782 0.09925465580678626 0.0786513132647605 0.1402714729568731
1 0.23687060682903535 0.18614496613902326 0.11035679807501995 0.08213875058448962 0.07900516809643351 0.12027506866980467 0.20551897685044893 0.22428128422433835
2 0.3152029454915321 0.8311931258978695 0.2775712400048858 0.8150652523394151 0.23243534478625977 0.9203823426295391 0.2700670502729061 0.9365102161879937
2 0.9059184790166591 0.5326187724436469 0.8315314018635154 0.48341181319739146 0.8062649191320328 0.5216076259264292 0.8806519962851767 0.5708145851726846
2 0.09374776972170334 0.0641046533435574 0.060545997505001385 0.03285592973279912 0.041137232063605214 0.053477745113788853 0.07433900428030718 0.08472646872454716
2 0.1909017256404806 0.8196059342244866 0.14972054369890203 0.7982233978425156 0.09366534443517796 0.9061815613837335 0.13484652637675654 0.9275640977657045