2 0.24461294038637282 0.5334430737851663 0.20896025460062873 0.506859021797974 0.15309371899563257 0.5817833426209484 0.18874640478137666 0.6083673946081406
2 0.4100618812465313 0.4281774834210164 0.393186192551808 0.3838788042483581 0.324745598246574 0.40995141375157435 0.34162128694129734 0.4542500929242327
2 0.5742539324872198 0.3766024597698523 0.5099416818339768 0.350976125109532 0.4905249340993604 0.3997046992006591 0.5548371847526034 0.4253310338609794
2 0.8170442038091481 0.4705940946395865 0.7648630484661739 0.4396719319084567 0.7423926608064235 0.47759071525118457 0.7945738161493977 0.5085128779823144
2 0.8864583341346154 0.5314814807692309 0.8803466802296427 0.49916611146069356 0.8307295055457998 0.5085499744923968 0.8368411594507724 0.5408653438009341
2 0.8553557611385881 0.4039930443461379 0.8080850554791768 0.36914851674847426 0.7839347474402459 0.40191125401597433 0.8312054530996575 0.43675578161363793
3 0.8113609657360835 0.1750692387093988 0.772266180145912 0.12009219726615922 0.687620941597587 0.18028436776868087 0.7267157271877583 0.23526140921192046
2 0.6531721461416667 0.2681146229097634 0.6322691211266279 0.23871973889478623 0.5996944008476432 0.2618839804173102 0.6205974258626822 0.2912788644322874
2 0.7022785547101908 0.14814238557137088 0.6935302844393042 0.11533636921656393 0.6561102478219658 0.12531504478431482 0.6648585180928526 0.15812106113912178
2 0.6462683826684562 0.1526811007035254 0.6392340695683474 0.12102668832887997 0.5947303924537738 0.13091639328454074 0.6017647055538826 0.16257080565918614
2 0.8085069443365793 0.7651620359690889 0.7338274574131234 0.7153757137470247 0.7038060902876556 0.7604077666002288 0.7784855772111116 0.8101940888222929
3 0.6503630779997559 0.6321062865588062 0.5593750000000001 0.6064814807692309 0.5398816132408301 0.6756982315023946 0.6308696912405859 0.70132303729197
2 0.2254858348858743 0.7513686446952215 0.1838394777353212 0.7283204086509957 0.12939398272197705 0.8266991533936956 0.17104033987253017 0.8497473894379214
2 0.44527658114271784 0.6708652621733981 0.4121731319402477 0.6336238814950828 0.3512895108787512 0.6877426552989022 0.3843929600812214 0.7249840359772178
2 0.1385543205742041 0.8998952190691097 0.09549609220612432 0.8791851479856951 0.04347489942745996 0.9873422078828707 0.08653312779553975 1.0080522789662854
3 1.0592363630100783 0.6557006134649591 0.8582816582199896 0.5098831358134108 0.7894325222963008 0.6047658481427218 0.9903872270863895 0.75058332579427
2 0.2926147633458874 0.8833021464518492 0.2498662469613275 0.8651134756276824 0.19666189862025066 0.9901587292790051 0.23941041500481047 1.008347400103172