2 0.9565737313970044 0.49031896046459583 0.8800667859597102 0.44055834176497033 0.8505871690132794 0.48588324937609484 0.9270941144505735 0.5356438680757203
0 0.18964884456150494 0.3145361065276581 0.18285454087104863 0.27484875517208185 0.1719864687836678 0.27670932232431794 0.1787807724741241 0.31639667367989416
2 0.15228266078729577 0.8700717728307306 0.10447046271824313 0.8455680210962215 0.0334196834819715 0.9842036866306935 0.08123188155102415 1.0087074383652026
2 0.45247166209276846 0.3236676426757229 0.42390469515517915 0.31310806772620536 0.401663644691812 0.3732770950101389 0.43023061162940124 0.3838366699596565
2 0.2966171374074965 0.2013253305099181 0.25568659908460895 0.15974513023154066 0.23154939014703702 0.18350521192457148 0.2724799284699246 0.22508541220294892
2 0.2428237796999144 0.162280445759869 0.20829915847124778 0.11955623460804833 0.1899489239657584 0.13438470957995502 0.22447354519442503 0.1771089207317757
3 0.2509816720488516 0.2164353620350599 0.2022044487500276 0.13591421313241134 0.1717817181185387 0.15434336305880164 0.22055894141736265 0.2348645119614502
3 0.2337928737067534 0.2624056822752149 0.18916256271340065 0.15051202606199435 0.13865608177263938 0.17065722488605142 0.18328639276599215 0.28255088109927196
3 0.174032370640802 0.16666631449177416 0.08380371739196842 0.08029358540901625 0.04139402920023713 0.12459656264360675 0.1316226824490707 0.21096929172636464
2 0.818824036536401 0.5351848261339923 0.7597030656154858 0.478590405348653 0.7287141131855677 0.5109628005433648 0.7878350841064828 0.5675572213287041
2 0.911512098626026 0.6156204991959284 0.8456495068660355 0.5433774669489163 0.8099483753788176 0.575925506190578 0.8758109671388081 0.6481685384375901
2 0.8883161600028567 0.5039709713227962 0.8221438847735568 0.44813811141380266 0.7890140703716017 0.48740307474319633 0.8551863456009017 0.5432359346521899
2 1.023917932151197 0.6958738240519433 0.9338228380012735 0.6386705811848454 0.9054814222433183 0.683308304381545 0.9955765163932419 0.740511547248643
3 0.07838641804301377 0.10542226495546175 0.031434568766256735 0.0592040359429079 0.0065755452455763955 0.08445764583768149 0.05352739452233343 0.13067587485023535
1 0.11640034411299173 0.04959069138394431 0.021457512690179623 -0.02670267541642557 -0.019657649104590228 0.024462845767305362 0.07528518231822189 0.10075621256767525
3 0.4697191502567992 0.17626322264712108 0.43600349684273654 0.09092043391258717 0.3924644368528795 0.10812104193534916 0.42618009026694226 0.19346383066988307
2 0.28934377910977427 0.6272777171096705 0.25057028419083943 0.6054676346062625 0.20242798792917147 0.6910539719892579 0.2412014828481063 0.7128640544926659