2 0.1765084070661258 0.6075035729471738 0.14050444999884157 0.5872513467946547 0.08382325591999733 0.6880179125424536 0.11982721298728156 0.7082701386949727
2 0.40570343730192615 0.40621576184253233 0.38769885031596935 0.361810214365252 0.3306034591844954 0.38496000069881325 0.3486080461704522 0.42936554817609357
2 0.5622873596694995 0.3760216826815916 0.5003294920355448 0.3732335744559077 0.4980966664339214 0.42285184673124393 0.5600545340678761 0.4256399549569278
2 0.7426227530196283 0.48105025546450314 0.6735042927417199 0.43189934742421 0.6429806224453519 0.4748232561989154 0.7120990827232604 0.5239741642392085
2 0.8166793597367307 0.46852604530433634 0.7648630521273163 0.43782007722557953 0.742392660114226 0.4757388538512845 0.7942089677236405 0.5064448219300413
2 0.9016217386454032 0.537094618242461 0.8451530128884811 0.5002170859850756 0.8227210052476231 0.5345661004149961 0.8791897310045453 0.5714436326723814
2 0.855341284032908 0.4046374887097536 0.8066431208055468 0.3678433231855767 0.782983764418892 0.3991571791395746 0.8316819276462533 0.4359513446637514
3 0.721514421995902 0.2355413184598339 0.6812900745263446 0.17520477985072336 0.5881410282203018 0.23730412614147 0.6283653756898594 0.29764066475058054
2 0.5218599465959518 0.2764343187530354 0.4795998373474694 0.2751832008586158 0.4784289864226815 0.31473206209377247 0.520689095671164 0.3159831799881921
2 0.7022785547101908 0.1472164600906017 0.6935302844393042 0.1144104437357947 0.6561102478219657 0.12438911930354564 0.6648585180928523 0.1571951356583526
2 0.6462683836732681 0.15082924678299456 0.6392340686404544 0.11917483598364303 0.594730391167113 0.12906454422842997 0.6017647061999267 0.1607189550277815
2 0.5869791658653848 0.6222222211538462 0.5239583341346156 0.6222222211538462 0.5239583341346156 0.6805555552884616 0.5869791658653848 0.6805555552884616
3 0.4654825784256244 0.655578938051729 0.42336997258954034 0.6096525636281751 0.34374430463437433 0.6826660425086476 0.3858569104704583 0.7285924169322014
2 0.22652750029645674 0.7485908666708594 0.184874713309001 0.7255390721785772 0.13040329142509854 0.8239646647455096 0.17205607841255427 0.8470164592377917
2 0.30419612068451074 0.8491220873210611 0.26405864728022177 0.8322786840858941 0.21781137431959818 0.9424849566877582 0.25794884772388715 0.9593283599229251
2 0.12246205270432367 0.9292137237922671 0.07830905080119568 0.9098967830715657 0.03909608363379384 0.999526411230756 0.08324908553692183 1.0188433519514573
3 1 0.6138888894230771 0.9432291658653846 0.6138888894230771 0.9432291658653846 0.7600970024038461 1 0.7600970024038461