0 0.5418070025954873 0.08020060143210772 0.5385732593944101 0.04570739534541917 0.52024476734768 0.04742569420094316 0.5234785105487572 0.0819189002876317
2 0.8644707607896831 0.4499230241258144 0.7977930999592794 0.40433146730218034 0.7705144926450042 0.4442264358697843 0.8371921534754078 0.4898179926934184
2 0.007291665865384623 0.05582788701923077 6.836944314126104e-18 0.05582788701923077 8.294380720127005e-18 0.07962962980769231 0.007291665865384624 0.07962962980769231
0 0.20880600315667153 0.3451523162876443 0.204984367997073 0.3094837346934571 0.19309211606013224 0.31075790501640665 0.19691375121973076 0.34642648661059383
3 0.9476228641438135 0.4408920959764026 0.8680956202586861 0.38787393032757744 0.8312366443853362 0.4431623909478834 0.9107638882704635 0.4961805565967086
2 0.9860764131147298 0.5524691596297522 0.9247332047521254 0.5028988814063743 0.8967925394007383 0.5374754486129631 0.9581357477633428 0.587045726836341
2 0.3040624998846153 0.23226852039903842 0.2679236123239315 0.18408333235160265 0.24370138983504278 0.20224999747147449 0.2798402773957266 0.25043518551891025
2 0.24947145983571137 0.18561885718651674 0.21660527053620962 0.14556319653262786 0.19292021352894403 0.16499709312708347 0.2257864028284458 0.20505275378097237
3 0.2805775521576142 0.2639713273673009 0.23886302998580597 0.17857594212728994 0.20427177838441987 0.1954733134292762 0.2459863005562281 0.2808686986692871
3 0.2516575944829305 0.29689950727864284 0.2080631410253287 0.1836284464292026 0.1568258448688959 0.20334806330075242 0.20042029832649774 0.3166191241501926
3 0.1834414935542879 0.18991465436520544 0.09129614711834762 0.10485741401774694 0.04954073384055165 0.15009244640700709 0.14168608027649196 0.2351496867544656
2 0.8209073700253053 0.5638885388651647 0.7607279228280144 0.5062808551546543 0.7297389616556718 0.5386532477323764 0.7899184088529627 0.5962609314428868
2 0.9141162658041542 0.6452501278068176 0.8482536751352663 0.5730070967566087 0.8125525423353047 0.6055551371950736 0.8784151330041927 0.6777981682452824
2 0.870680918379634 0.5183414446182307 0.8044627763261686 0.4625787842862871 0.7729602835317955 0.499987984824395 0.839178425585261 0.5557506451563387
2 1.0247268961786065 0.7251835063466245 0.9398896522487268 0.6623411010185859 0.909700695606855 0.7030961909176087 0.9945379395367347 0.7659385962456473
3 0.08847347016692104 0.12903125033621016 0.042144939867789145 0.08196734880295432 0.017677075363595966 0.10605290408222888 0.06400560566272787 0.15311680561548474
1 0.20674192023303986 0.14175141813512876 0.06879088938836037 0.026341375538023164 0.028984890296483132 0.07392197151524496 0.16693592114116262 0.18933201411235054