3 0.31289196539953584 0.9006371686296932 0.2653189411412053 0.8794936047322993 0.21196843139828256 0.999532265504488 0.2595414556566131 1.020675829401882
2 0.41800187583522574 0.7256471685362512 0.3815238686433714 0.7042733369833788 0.33558642118467863 0.7826732501963394 0.3720644283765328 0.8040470817492118
2 0.23842220020584806 0.7814192527490506 0.20165735679897817 0.7618086964375131 0.15686252279412397 0.8457877040425296 0.19362736620099386 0.8653982603540669
1 0.2558427047126254 0.2748951791831101 0.13021803566351414 0.149971538508266 0.08519294353157986 0.19524929592411264 0.21081761258069107 0.32017293659895674
3 0.8394094790609021 0.57778784445512 0.7615365174481806 0.5062600855689315 0.7237487038617085 0.5474000430158049 0.80162166547443 0.6189278019019935
2 0.720032538789259 0.20102445813032782 0.7137605949491882 0.16662674959507934 0.672346371928795 0.17417805728459893 0.6786183157688657 0.2085757658198474
2 0.32845207487022254 0.48171352267214856 0.2981000025046632 0.4519733854045215 0.24153994431713688 0.5096972272166688 0.2718920166826963 0.5394373644842958
2 0.495699981790524 0.4052406804705637 0.49447298179568644 0.36313922184478575 0.4378393232598622 0.36478974657716506 0.4390663232546998 0.40689120520294303
2 0.652516204610525 0.4395135339593547 0.5944892228611278 0.40150756486275996 0.5739172483931303 0.43291656758992647 0.6319442301425274 0.47092253668652123
2 0.25136158234744344 0.8689597451267109 0.21233146561700547 0.8511871033331837 0.1518006145015686 0.9841176047338634 0.19083073123200656 1.0018902465273907
3 1.0015072598997548 0.7056029723467477 0.9122665950040658 0.6326239429793686 0.8727358139560609 0.6809632154409276 0.9619764788517498 0.7539422448083067
2 0.02447916586538462 0.025 3.061616997868383e-18 0.025 5.612964447027661e-18 0.06666666586538461 0.024479165865384622 0.06666666586538461