2 0.8902522977062025 0.443821882132081 0.8199299578536069 0.39767286467040336 0.792798988642583 0.43901531012923173 0.8631213284951786 0.48516432759090944
0 0.18912801008186042 0.31546203225125863 0.18233371083117084 0.2757746806620723 0.17146563549262586 0.27763524714414595 0.17825993474331542 0.31732259873333224
2 0.740688814065643 0.7710060009543744 0.6641416414305785 0.715335336516583 0.6290065075091312 0.7636461513595868 0.7055536801441957 0.8193168157973781
2 0.4741648044546297 0.280181395212646 0.4452070163980369 0.2703094204064763 0.4223399156341845 0.3373862384079306 0.4512977036907773 0.34725821321410033
2 0.2505208341346154 2.8670767609417044e-17 0.21770833413461538 2.6661581454565916e-17 0.21770833413461538 0.017592593750000027 0.2505208341346154 0.01759259375000003
2 1.0236968772721229 0.5562451136463558 0.969575757001423 0.5212577346918082 0.9458788797292998 0.5579138542185298 0.9999999999999998 0.5929012331730772
2 0.29838012065724706 0.20258040405193586 0.25533282023608567 0.1613727266289202 0.23156631617910392 0.1862002321832667 0.2746136166002653 0.22740790960628238
2 0.24436873513057117 0.1618719415002752 0.2061085056104137 0.12300440875174365 0.1898406824378605 0.13901804801210385 0.22810091195801793 0.1778855807606354
3 0.250636746984043 0.2196505095856563 0.20409248184566173 0.13690515331778774 0.17362759508112624 0.15404165294670916 0.2201718602195075 0.23678700921457768
3 0.23425265054996539 0.26344588898908017 0.18987135990989207 0.150731495726741 0.13909746448618096 0.17072371628089567 0.18347875512625428 0.28343810954323484
3 0.17455320300050628 0.1685181621634722 0.08432454748577167 0.08214544158959401 0.04191486282758577 0.12644842060990816 0.13214351834232035 0.21282114118378637
2 0.818824036536401 0.5407403814224538 0.7586445824885664 0.48313271206311537 0.7276556300586481 0.5155051072578272 0.7878350841064827 0.5731127766171656
2 0.9104704328663421 0.6221019800810995 0.844607841000651 0.5498589477181471 0.8089067082006896 0.5824069881566121 0.8747693000663808 0.6546500205195643
2 0.8846703272724277 0.5058228234691167 0.8184980532279097 0.4499899645597832 0.7853682388259545 0.4892549278891769 0.8515405128704725 0.5450877867985104
2 1.0223873754483594 0.6959585526056448 0.9308051251812842 0.6482001054764317 0.9048341506240044 0.6980024008724596 0.9964164008910795 0.7457608480016726
3 0.07942808508531038 0.1054222579161696 0.032476230645677145 0.05920403905818632 0.007617210718537783 0.08445765362774436 0.05456906515817101 0.13067587248572765
1 0.16406230239721803 0.09354013362814985 0.02939170060134611 -0.020175718484122192 -0.011525237277173835 0.028281102138426044 0.12314536451869809 0.14199695425069808
2 0.4708333341346154 0.16574074038461545 0.44999999999999996 0.16574074038461545 0.44999999999999996 0.2194444447115385 0.4708333341346154 0.2194444447115385