2 0.8903663430713334 0.44932046200864445 0.8215258324582387 0.39892740696100853 0.7925546756187857 0.4385040753728507 0.8613951862318804 0.48889713042048655
0 0.18912801008186042 0.31546203225125863 0.18233371083117084 0.2757746806620723 0.17146563549262586 0.27763524714414595 0.17825993474331542 0.31732259873333224
2 0.6652199656893049 0.7121056641967327 0.589780564219538 0.667400826173684 0.5609480747363201 0.7160556439895066 0.636387476206087 0.7607604820125554
2 0.4590580202290492 0.33893911121246495 0.4255520784535456 0.32239044422677143 0.39270889359759936 0.38888775427940464 0.42621483537310295 0.4054364212650982
2 0.3007345914831134 0.03258708251528759 0.27190218907097286 0.004205185001956264 0.24976318785160553 0.02669559783851312 0.278595590263746 0.05507749535184444
2 1 0.546296295673077 0.9770833341346153 0.546296295673077 0.9770833341346153 0.5943019951923078 1 0.5943019951923078
2 0.29663087223344053 0.20522785074380473 0.25629865842724464 0.16201476844055046 0.23166938840729354 0.18500208920985348 0.2720016022134894 0.22821517151310777
2 0.243847898911375 0.16372380610831108 0.2055876788956605 0.12485625738813658 0.1893198567831259 0.14086988504660042 0.22758007679884046 0.17973743376677492
3 0.2506367469840429 0.22057643506642555 0.2035160115532314 0.13680624277239622 0.17305112478869591 0.1539427424013176 0.22017186021950744 0.23771293469534693
3 0.23373181902465134 0.2652977395701037 0.18935052754513032 0.15258334905289864 0.13857663011102836 0.1725755712636927 0.1829579215905494 0.2852899617808978
3 0.17455320206610175 0.16944408996490312 0.08432454896233708 0.0830713662459074 0.04191486308663862 0.12737434374106377 0.1321435161904033 0.21374706746005948
2 0.8188240377371786 0.5416663080526851 0.7586445824885667 0.4840586375438844 0.7276556288578706 0.5164310339929801 0.7878350841064825 0.574038704501781
2 0.9104704328663421 0.6221019800810995 0.844607841000651 0.5498589477181471 0.8089067082006896 0.5824069881566121 0.8747693000663808 0.6546500205195643
2 0.8846703272724276 0.5076746768345016 0.8184980520431278 0.45184181692550784 0.7853682388259545 0.4911067788507152 0.8515405140552542 0.546939638759709
2 1.0223873754483594 0.6959585526056448 0.9308051251812842 0.6482001054764317 0.9048341506240044 0.6980024008724596 0.9964164008910795 0.7457608480016726
3 0.07942808392678759 0.10634819032624236 0.0324762357711349 0.06012996265534957 0.007617212306603436 0.08538357262316645 0.05456906046225613 0.13160180029405927
1 0.16006416155105746 0.0899508356963028 0.025961341168859405 -0.01841507455415943 -0.01337779355397221 0.03026710700583424 0.12072502682822582 0.13863301725629645
2 0.475 0.20648148076923084 0.453125 0.20648148076923084 0.453125 0.263888889423077 0.475 0.263888889423077