2 0.9238442870559918 0.6241109001383885 0.8536583549677222 0.5681772842109049 0.82199041686987 0.607914456854865 0.8921763489581396 0.6638480727823487
3 0.33185253237299395 0.15310457397914823 0.2430134585019898 0.08541766380779964 0.20156598579394042 0.1398174743524899 0.29040505966494456 0.2075043845238385
2 0.8226364949058582 0.5520657765328822 0.7553520141995562 0.492257342337419 0.7254669537422255 0.5258780314726058 0.7927514344485274 0.585686465668069
2 0.20996808737656786 0.11439080113705773 0.1822946754702267 0.07977056811860095 0.15884547391219972 0.098514503586746 0.18651888581854084 0.13313473660520278
2 1.0247058824567472 0.7146949904897526 0.9440257347207436 0.6455405762447598 0.9122691984144782 0.6825898675842317 0.9929493461504819 0.7517442818292245
3 0.36707347720314093 0.07035585833598398 0.3317638032980835 -0.016890315365934414 0.27272231673573505 0.007004550723081422 0.3080319906407925 0.09425072442499981
3 0.753590488641454 0.3066787486270804 0.7207587607480319 0.16822557509593844 0.6794926257201269 0.1780111111143284 0.712324353613549 0.3164642846454704
1 0.9257192451923076 0.9999999999999999 0.8088541658653848 0.8564814807692307 0.7363336454921663 0.915533904189364 0.8531987248190891 1.059052423420133
2 0.6273260622168491 0.5924620552286066 0.5776228494895139 0.5425369538376654 0.5488844239620266 0.571147653418549 0.5985876366893618 0.6210727548094902
1 0.9495328168930709 0.8247206730105939 0.7026041658653847 0.5981481490384615 0.6323148822019624 0.6747524861064724 0.8792435332296488 0.9013250100786048
2 0.30924502217512967 0.8242760580042243 0.2713209816586533 0.8087616776573233 0.22757835632123255 0.9156880942141246 0.265502396837709 0.9312024745610257
2 0.2160178134673586 0.7603099949879275 0.17573083244039095 0.7393653437933243 0.12305329777429463 0.8406904420211371 0.1633402788012623 0.8616350932157404
2 0.547282185942816 0.6013001706927568 0.4987772820665614 0.5482349732496244 0.46742246611256894 0.5768952328394601 0.5159273699888234 0.6299604302825924
3 0.4876046144121625 0.13172138325811736 0.35456651026236397 0.05752148158704441 0.3154243379918672 0.12770217285340268 0.4484624421416657 0.20190207452447562
2 0.2320953572345384 0.41162647186464346 0.20590783942992397 0.40909467119620585 0.1973858988845652 0.4972408165636314 0.22357341668917963 0.499772617232069
2 0.655098885901296 0.13998452072059803 0.6521569806713129 0.10799131280098576 0.6087190619669324 0.11198560560641775 0.6116609671969154 0.14397881352603
3 0.24635416586538475 0.9462962956730769 0.18155715865384628 0.9462962956730769 0.18155715865384628 1 0.24635416586538475 1
2 0.23442528784475136 0.2310632165302581 0.19024425196770475 0.19179118652762853 0.16748563055531418 0.21739463684750307 0.21166666643236082 0.2566666668501326
3 0.9265080981176965 0.3849231305959042 0.7937516598996331 0.3033389247553855 0.7434891202799144 0.3851277424188427 0.8762455584979778 0.46671194825936146
2 0.3691429369741944 0.14620913449757567 0.33305102834486383 0.11829429580594063 0.311868535703253 0.14568175798717764 0.34796044433258366 0.1735965966788127
2 0.9351629283105434 0.5072382500005926 0.8692574809652052 0.4633012808789922 0.8437232913806074 0.501602561573073 0.9096287387259457 0.5455395306946735
2 1 0.12037037019230784 0.9744791658653846 0.12037037019230781 0.9744791658653846 0.14986772596153858 1 0.1498677259615386