2 0.9293478740548177 0.6329271287118478 0.8593342339519665 0.583894011013037 0.8292352786916842 0.6268718496650615 0.8992489187945354 0.6759049673638724
3 0.3417483665076094 0.15773420378684047 0.25290929263660505 0.09004729361549199 0.2113980544877331 0.1445307963052857 0.30023712835873745 0.21221770647663415
2 0.829866158357871 0.556412287543971 0.7579040946240245 0.5074969040095572 0.7322269594802486 0.5452719249172234 0.8041890232140951 0.5941873084516373
2 0.22142641910733707 0.11994635642551922 0.19375300720099597 0.08532612340706251 0.17030380710966975 0.1040700577028118 0.19797721901601084 0.1386902907212685
2 1.0290801253099084 0.7268143732907375 0.954422616849141 0.6589774179053796 0.9216205891838302 0.6950774705100672 0.9962780976445976 0.7629144258954252
3 0.9830973280827363 0.42189636797793145 0.855241465773196 0.34240702689707203 0.8008936037314991 0.42982368769128626 0.9287494660410395 0.5093130287721457
3 1 0.4629629639423078 0.9651041658653846 0.4629629639423078 0.9651041658653846 0.5592592596153847 1 0.5592592596153847
2 0.2981732623605542 0.23847171653535348 0.259302776284808 0.19838653144888793 0.2351921963250048 0.22176648991943346 0.27406268240075093 0.261851675005899
2 0.2711944447397436 0.26969444435728024 0.23748611037930403 0.22475000039546697 0.2100416668895604 0.24533333386098893 0.24375000125 0.2902777778228022
1 0.2401000424963694 0.256177062718819 0.11265146500481943 0.13166314759767261 0.06791904738150446 0.17744986138225277 0.19536762487305442 0.3019637765033992
2 0.23255467003505345 0.18585816461206822 0.2005191135787764 0.1331247417945464 0.18554529409796522 0.1422213377239166 0.21758085055424223 0.19495476054143845
3 0.10329041216352787 0.17042044384127905 0.05914296329398628 0.10763295149591326 0.025945771703299474 0.13097472329818197 0.07009322057284106 0.19376221564354779
2 0.09392117518659623 0.14442402039483404 0.08893894917749434 0.10266823100350358 0.07378225704579847 0.10447670036430948 0.07876448305490036 0.14623248975563993
1 0.23634977365262005 0.18707088971406496 0.1099793939443209 0.08318258905780546 0.07862776427321941 0.12131890778651454 0.2049981439815186 0.22520720844277406
0 0.18898989453559095 0.3063299978752529 0.17565225833711906 0.30507959565389914 0.17264961228878636 0.337107850195931 0.18598724848725826 0.33835825241728473
2 0.3166458345844362 0.828444445550345 0.279063795923452 0.812589522442371 0.2346619161836327 0.917838418929481 0.2722439548446169 0.933693342037455
2 0.8578477012906873 0.5012997466390237 0.7884398265890007 0.44885823846135786 0.762453501590444 0.4832519020330948 0.8318613762921305 0.5356934102107606
2 0.15089476541243094 0.10835113723021922 0.1272702983866888 0.09260149557516892 0.12481303297425783 0.09628739440264206 0.14843749999999997 0.11203703605769236
2 0.2247723268187175 0.7633410521874965 0.18409609973556723 0.742143054689387 0.1320873116056056 0.8419412208360924 0.17276353868875588 0.8631392183342019
2 0.017187500000000012 0.07574074038461538 9.27556552770699e-18 0.07574074038461538 1.1724859126001695e-17 0.11574074038461538 0.017187500000000015 0.11574074038461538