2 0.9234924531823163 0.6245085006845799 0.8539477869479319 0.5681136046057049 0.8220009705223886 0.6075095577866135 0.891545636756773 0.6639044538654885
3 0.33185253237299395 0.15310457397914823 0.2430134585019898 0.08541766380779964 0.20156598579394042 0.1398174743524899 0.29040505966494456 0.2075043845238385
2 0.8226364949058582 0.5520657765328822 0.7553520141995562 0.492257342337419 0.7254669537422255 0.5258780314726058 0.7927514344485274 0.585686465668069
2 0.20996808737656786 0.11439080113705773 0.1822946754702267 0.07977056811860095 0.15884547391219972 0.098514503586746 0.18651888581854084 0.13313473660520278
2 1.0248457983642203 0.7153210403336754 0.9435268840924761 0.6455300994694452 0.9117469868566451 0.6825593572338998 0.9930659011283893 0.7523502980981299
3 0.3551177684912712 0.05911136835762947 0.31779450082500965 -0.01958575801428146 0.2623857025146413 0.006692678133825663 0.2997089701809028 0.0853898045057366
3 0.7473199917541791 0.29969640921749535 0.7272078756701388 0.16462244746213553 0.6865198686190916 0.17068077217849367 0.7066319847031319 0.3057547339338535
1 0.9248660721153849 1.0000000000000002 0.8276041658653848 0.8805555552884615 0.7556738044654819 0.9391274217649787 0.852935710715482 1.0585718664765174
2 0.6478705620719867 0.6118823276979313 0.5981484441779432 0.5609393533558886 0.5691305346435283 0.5892618440927146 0.6188526525375718 0.6402048184347573
1 0.9820568546873124 0.8561686988410744 0.7281249999999998 0.6222222211538463 0.657425653277939 0.6989612104123898 0.9113575079652516 0.9329076880996179
2 0.30924502217512967 0.8242760580042243 0.2713209816586533 0.8087616776573233 0.22757835632123255 0.9156880942141246 0.265502396837709 0.9312024745610257
2 0.21601781327759464 0.761235919818803 0.1757308319191033 0.7402912692757169 0.12305329774286254 0.8416163705469841 0.16334027910135387 0.8625610210900703
2 0.5675975807169302 0.6193319308761389 0.5168235300941746 0.5677519454660003 0.4856104694152779 0.598477303575348 0.5363845200380337 0.6500572889854866
3 0.4721435892698325 0.12027448470416108 0.33902857853681956 0.04952378056067194 0.3018266107258831 0.11951800046834375 0.4349416214588961 0.19026870461183287
2 0.23409761019252281 0.43565648078629426 0.2055653165282469 0.42999198146902284 0.1878557919008818 0.5191955154481045 0.21638808556515773 0.5248600147653759
2 0.6524947200359112 0.13998452072059803 0.6495528148059282 0.10799131280098576 0.6061148961015476 0.11198560560641774 0.6090568013315306 0.14397881352603
3 0.24635416586538475 0.9462962956730769 0.18155715865384628 0.9462962956730769 0.18155715865384628 1 0.24635416586538475 1
2 0.24686731712501359 0.24110916820547573 0.20301085713870412 0.20074128991066578 0.17912017156774265 0.226696602402853 0.2229766315540521 0.2670644806976629
3 0.9124190220119514 0.3760641815962492 0.7842538086051067 0.294272137977474 0.7330913138621966 0.37444194138420095 0.8612565272690412 0.4562339850029762
2 0.3433565575850422 0.1337627574411522 0.31210655518459957 0.1041331301651772 0.290224000471539 0.1272123906952426 0.32147400287198175 0.15684201797121758
2 0.8986046379070353 0.48540442180123394 0.8380291589541918 0.4364545413595188 0.8109937914118112 0.4699108097460342 0.8715692703646547 0.5188606901877494
2 0.9932291658653847 0.11944444471153859 0.9588541658653846 0.11944444471153857 0.9588541658653846 0.1500000000000001 0.9932291658653847 0.15000000000000013