3 0.4449937157525803 0.6988273317773921 0.39888727217673553 0.6657812826175604 0.33203050432480896 0.75906105048691 0.3781369479006538 0.7921070996467416
2 0.5809848156816104 0.6823444536278236 0.5755847181821165 0.6269090499146551 0.5197338065511501 0.6323496230509738 0.5251339040506441 0.6877850267641421
2 0.23921734778891 0.7655136518351658 0.20209328919622807 0.7460715265478096 0.15679660616596625 0.8325639593459443 0.19392066475864816 0.8520060846333005
1 0.2527177032483108 0.2674877701511259 0.12709303167015557 0.14256413275279697 0.08206794000610454 0.18784189179720664 0.20769261158425972 0.31276552919553563
3 0.6078379288241297 0.38646014066316403 0.53891470405799 0.3530428200025939 0.5152550595455686 0.40184083744929744 0.5841782843117083 0.43525815810986757
2 0.7173774488950291 0.19046705065475264 0.7099264720942571 0.1569376376417771 0.6696691199515906 0.16588371125062404 0.6771200967523625 0.19941312426359958
2 0.06399615238786695 0.8766553984262822 0.021398690065691558 0.8548446794112702 -0.03988583833568055 0.9745365331146232 0.0027116239864948435 0.996347252129635
2 0.30083202990230773 0.4779133155271674 0.27283878209038415 0.45254443463452587 0.2167126521039336 0.5144767158448756 0.24470589991585714 0.5398455967375172
2 0.43959017539611156 0.40242272553617986 0.426691160525483 0.36433032865613313 0.36768903921841056 0.3843098863231177 0.3805880540890392 0.4224022832031645
2 0.28286365274409997 0.7969279132836834 0.24300954804857205 0.778246301168762 0.18617102055055396 0.8995018230001119 0.22602512524608187 0.9181834351150333
3 0.7470094371208877 0.48524410363803394 0.6813396296756427 0.4309817268315813 0.6467085315474577 0.4728932257290061 0.7123783389927028 0.5271556025354587
2 0.13854166586538463 0.1203703701923077 0.09895833413461538 0.1203703701923077 0.0989583341346154 0.1583333341346154 0.13854166586538466 0.1583333341346154