2 0.2025343714630935 0.5656993863318802 0.16687923481937383 0.544570408342408 0.11151543039906994 0.637996792368445 0.1471705670427896 0.6591257703579172
2 0.4303112561435625 0.4001437661564077 0.41845042013955247 0.3527745429159253 0.3618608875419623 0.3669440631184433 0.3737217235459723 0.4143132863589257
2 0.5873586105992611 0.38344816869342063 0.5253982394707808 0.37844127277366746 0.5215496183985122 0.4260679847709889 0.5835099895269925 0.43107488069074207
2 0.7686400296891551 0.5020583136373931 0.697901859485347 0.4500210331168682 0.666293533205931 0.4929885967913176 0.7370317034097391 0.5450258773118425
2 0.8166793597367307 0.46852604530433634 0.7648630521273163 0.43782007722557953 0.742392660114226 0.4757388538512845 0.7942089677236405 0.5064448219300413
2 0.9016217386454032 0.537094618242461 0.8451530128884811 0.5002170859850756 0.8227210052476231 0.5345661004149961 0.8791897310045453 0.5714436326723814
2 0.855341284032908 0.4046374887097536 0.8066431208055468 0.3678433231855767 0.782983764418892 0.3991571791395746 0.8316819276462533 0.4359513446637514
3 0.7064805438046757 0.2510979458031693 0.6676311290912562 0.1855395695057327 0.5713827188548825 0.24257567405804184 0.610232133568302 0.3081340503554784
2 0.5004097739025953 0.27604843965122733 0.45757655247759754 0.27363907257934533 0.4553134712110386 0.31387165570233316 0.4981466926360364 0.3162810227742152
2 0.7027993888448061 0.1472164600906016 0.6940511185739197 0.11441044373579468 0.6566310797123264 0.12438911990201354 0.665379349983213 0.1571951362568205
2 0.6462683836732681 0.15082924678299456 0.6392340686404544 0.11917483598364303 0.594730391167113 0.12906454422842997 0.6017647061999267 0.1607189550277815
2 0.5604166658653847 0.6166666658653847 0.4989583341346155 0.6166666658653847 0.4989583341346155 0.6722222211538462 0.5604166658653847 0.6722222211538462
3 0.4404545730779193 0.6639227299413698 0.3952162529915035 0.6259842304344614 0.319572184353011 0.7161831216447953 0.36481050443942686 0.7541216211517037
2 0.2268527017742972 0.7469728098524663 0.18433234304805463 0.7253751544196704 0.13343439755623204 0.8255804247313131 0.17595475628247462 0.847178080164109
2 0.2857941478995411 0.8908590232344902 0.24474591692605452 0.8748502127427694 0.19924716179188204 0.9915136844428994 0.24029539276536865 1.0075224949346202
2 0.1148169027232909 0.9445719498951028 0.07071247437855256 0.9252762601088244 0.03802083413461551 0.9999999999999999 0.08212526247935384 1.0192956897862784