2 0.9239548319510088 0.614349140524039 0.8561430340401331 0.5618496827741934 0.8252025288204633 0.6018145010245841 0.893014326731339 0.6543139587744297
3 0.3302439121909674 0.14951370721925772 0.2425937743850565 0.08025928067746078 0.20005522486447638 0.13409713500280354 0.28770536267038727 0.20335156154460046
2 0.8240854909316224 0.5432536483623998 0.7567579406901905 0.4873967032136856 0.7283657218391629 0.5216194580755721 0.7956932720805947 0.5774764032242863
2 0.20840558601386555 0.11161302407069724 0.18073217643872266 0.07699278923813904 0.15728297411019107 0.09573672276101573 0.18495638368533396 0.13035695759357388
2 1.0257906945938493 0.7042442276993304 0.9466723953986219 0.6362610952130558 0.9148707369890109 0.6732716452265317 0.9939890361842382 0.7412547777128062
2 0.31132835630974515 0.8205723536773011 0.27340431373404467 0.8050579724879902 0.22966168839662385 0.9119843890447916 0.2675857309723243 0.9274987702341027
2 0.22174698159012568 0.7482729611641228 0.18145999930847065 0.7273283077325094 0.1287824618077667 0.8286534037462184 0.16906944408942173 0.8495980571778318
2 0.6457238859012961 0.136280816393675 0.6428576753783464 0.1051107881182771 0.5994197566739656 0.10910508092370902 0.6022859671969154 0.14027510919910693
3 0.24843750000000012 0.9425925937499999 0.18155715865384628 0.9425925937499999 0.18155715865384628 1 0.24843750000000012 1
2 0.7078308820701357 0.12950980345022628 0.7008210781108596 0.09796568563348416 0.6635416672794119 0.10624999915158373 0.670551471238688 0.13779411696832583
2 0.3650602784572095 0.06262831412630149 0.3280901014220174 0.04072006022578479 0.314012266860304 0.06447640513497067 0.350982443895496 0.08638465903548738
2 0.24429492028518116 0.059151456659675104 0.2168307017951485 0.0312512904329196 0.1954709126242843 0.052277327049399906 0.22293513111431695 0.08017749327615542
2 0.7662486179081948 0.30457340864258103 0.7362608155958643 0.24975192469612364 0.7094017111603839 0.26444407558507227 0.7393895134727143 0.31926555953152963
2 0.5344397778937174 0.21065840896411897 0.49272023171717766 0.17694563836529845 0.4679480948278567 0.20760115229928955 0.5096676410043964 0.24131392289811007
2 0.6663438249163627 0.2993418958949381 0.6212999716908989 0.26687785763548266 0.598271762137409 0.29882949849059115 0.6433156153628727 0.33129353675004664