2 0.9282336496985037 0.6386372756221446 0.8587147070605674 0.5859598986772203 0.8278808630302895 0.6266516786929393 0.897399805668226 0.6793290556378635
3 0.34070669939719117 0.1614379065928221 0.2518676255261869 0.09375099642147353 0.21035638709221025 0.14823449948546707 0.2991954609632145 0.21592140965681564
2 0.8282085614482086 0.5619391766738445 0.7590241004084632 0.5076768546580269 0.730631389844109 0.5438775608732848 0.7998158508838544 0.5981398828891025
2 0.22090558737656782 0.12365006075244231 0.19323217547022672 0.0890298277339856 0.16978297391219974 0.10777376320213064 0.19745638581854083 0.14239399622058735
2 1.0259551257351487 0.7305180742513452 0.951297615345529 0.6626811228460594 0.9184955891591913 0.6987811768737863 0.9931530995488109 0.766618128279072
3 0.9690348270048635 0.4163408120193451 0.8411789657731958 0.33685147160861045 0.7868311037314991 0.4242681324028246 0.9146869649631668 0.5037574728135593
3 1 0.4657407403846155 0.9624999999999999 0.4657407403846155 0.9624999999999999 0.5643518509615386 1 0.5643518509615386
2 0.3085899287381367 0.2523606094342758 0.2697194458256175 0.2122754192004079 0.24560886228595238 0.23565537623744828 0.28447934519847157 0.2757405664713162
2 0.2889638825385432 0.2855130918743364 0.24994595643323794 0.24560839744195814 0.225327674187155 0.26967960839045824 0.26434560029246024 0.3095843028228365
1 0.25666529254192727 0.27529957007862893 0.12250110218846151 0.15422641219638045 0.07954524060844283 0.20182687534299945 0.2137094309619086 0.32290003322524796
2 0.24246282879222256 0.2004917765443764 0.21305528886543532 0.1436656178511828 0.1931718623905475 0.1539552920327255 0.22257940231733475 0.2107814507259191
3 0.10389837722753816 0.1759147352042878 0.059142963293986266 0.11226258130360559 0.025945771703299446 0.13560435310587435 0.07070118563685134 0.19925650700655656
2 0.0953125 0.14999999999999997 0.08996191618983608 0.10624412016175905 0.07371928601894016 0.10823031160273018 0.07906986982910408 0.1519861914409711
1 0.2358955546339575 0.19225303438143368 0.10997939512354392 0.08873814531569886 0.0713996403493117 0.13566680069917722 0.19731579985972528 0.23918168976491203
0 0.21309440046577582 0.3263287044167394 0.19866618243517478 0.3242997365975989 0.19421746611400062 0.35593505798253217 0.20864568414460163 0.35796402580167264
2 0.3165973126595504 0.8330060949475677 0.27892010488638996 0.8171951223590181 0.23471040585246944 0.9225458847337639 0.2723876136256298 0.9383568573223134
2 0.7753469452383593 0.4427638418802905 0.7134175793681733 0.39383199694805704 0.6881446758159131 0.4258180153141625 0.7500740416860991 0.474749860246396
2 0.1729022984618806 0.13378352638016874 0.15281968673225685 0.11593231080444484 0.1505208341346154 0.11851851923076925 0.17060344586423912 0.13636973480649314
2 0.22425149268410222 0.768896607475958 0.1835752656009519 0.7476986099778486 0.13156647798440593 0.8474967751393757 0.17224270506755626 0.8686947726374851
2 0.04233476787158079 0.12209132096286071 0.01244971470685072 0.08847062506879595 -0.00930316221147252 0.10780650928839305 0.02058189095325755 0.14142720518245783