2 0.680388641204909 0.41800808461222705 0.6171319795995576 0.38052265584042966 0.5941201358697581 0.4193551424739115 0.6573767974751095 0.45684057124570887
2 0.850078065775523 0.5484338642720576 0.7861037150031867 0.49745046488001454 0.7558985688509523 0.5353521081230169 0.8198729196232887 0.58633550751506
2 0.8391884471367417 0.46599712812578026 0.786672723999939 0.4250092411740044 0.7607016111363725 0.4582847250822721 0.813217334273175 0.49927261203404794
2 0.854447114776542 0.3784277051812486 0.807865919262141 0.34737357633130156 0.7858039531929589 0.38046652702608175 0.8323851487073599 0.4115206558760289
2 1.0076882160664955 0.6814513505095621 0.9242974480937752 0.6085825755014945 0.8915449658903454 0.6460644001054414 0.9749357338630659 0.7189331751135092
2 0.8719325426726852 0.14543969208640725 0.8684566667406993 0.11350509324116867 0.8203870813848005 0.11873715880143543 0.8238629573167864 0.150671757646674
2 0.6469468552699019 0.1255579870804971 0.6396051475170299 0.0908684012704916 0.594596431263203 0.1003940509244643 0.601938139016075 0.13508363673446977
2 0.6997200279242666 0.12708253022675725 0.6986820693928265 0.09017722302355684 0.6644123019321087 0.09114105723066618 0.6654502604635487 0.12804636443386658
3 0.39159888603152704 0.19266983332503076 0.30721829792224653 0.11862587010698195 0.26036085628788436 0.1720246660460948 0.34474144439716486 0.2460686292641436
2 0.21857865314911856 0.11160719116393839 0.18907629267184115 0.08223595732385142 0.16903945660502065 0.10236224700190537 0.1985418170822981 0.13173348084199235
2 0.2217230447798417 0.7284833287327028 0.17974397399913103 0.7078217606864624 0.1292040610981702 0.8105060572593182 0.1711831318788809 0.8311676253055585
2 0.3055433307577855 0.8109148236901208 0.267080539030768 0.7948428709793353 0.22298707475872528 0.9003656884824094 0.26144986648574275 0.9164376411931949
3 0.2428067971212991 0.9368881128965237 0.17636271720231317 0.9330217550157209 0.17246527644230783 0.9999999999999999 0.2389093563612938 1.0038663578808027