2 0.9270561163853628 0.6317699640892845 0.8576598025573344 0.5803652852025308 0.828024432038551 0.6203730338641289 0.8974207458665794 0.6717777127508827
3 0.34222307884081454 0.15692112059444976 0.25457294830321536 0.0876666848125876 0.2120343924674525 0.1415045354829712 0.2996845230050517 0.2107589712648334
2 0.8272079096941283 0.5557568708923288 0.7591175441743415 0.5019570668608815 0.732043005758583 0.5362232737773774 0.8001333712783698 0.5900230778088248
2 0.20528058737656782 0.10513154152167309 0.17760717547022672 0.07051130850321635 0.1541579739121997 0.08925524397136139 0.18183138581854083 0.12387547698981813
2 1.0253900767451758 0.7235231662237669 0.9512976153455287 0.6561996420768289 0.9184955903556192 0.6922996947878346 0.9925880517552663 0.7596232189347726
3 0.9815348261139815 0.4181926557660719 0.8536789634245214 0.33870332531041036 0.7993311034716286 0.42611999468944095 0.9271869661610886 0.5056093251451024
3 1 0.4583333341346155 0.9640625 0.4583333341346155 0.9640625 0.5555555552884617 1 0.5555555552884617
2 0.298694095842418 0.2347680168867678 0.25982361409484833 0.19468282785425411 0.23571303055518317 0.2180627848912944 0.2745835123027528 0.25814797392380806
2 0.26873610968626366 0.26363888934931323 0.23540278059285716 0.21919444506359909 0.20795833413901105 0.23977777735934064 0.24129166323241755 0.2842222216450548
1 0.23957920981030773 0.25154742822388065 0.11312642710509513 0.12800639535339547 0.06900262968917664 0.17317015056186408 0.1954554123943892 0.2967111834323492
2 0.12661595096558972 0.08976693489825532 0.12574748655994877 0.060456247116196 0.09096492303183265 0.06148684109562503 0.09183338743747362 0.09079752887768434
3 0.10418357344805584 0.1709529750153291 0.06309235742874765 0.10520703317747063 0.028926732515744537 0.12656054998003102 0.07001794853505273 0.1923064918178895
2 0.09114583413461538 0.1333333341346154 0.08872470151482093 0.09029099134865229 0.06863202495551958 0.09142120479634058 0.07105315757531404 0.13446354758230367
1 0.23350143171320753 0.18273827794466138 0.10775263338885835 0.07936097270776768 0.07346564419983087 0.12106788002944777 0.19921444252418002 0.22444518526634147
2 0.7268181639226684 0.7799781841992903 0.6623246274975825 0.705789555067657 0.625863593723463 0.7374858006693269 0.690357130148549 0.8116744298009603
2 0.34097342308867545 0.08592528624920306 0.3227496662419403 0.0517557352619548 0.29233167624226614 0.06797865998599795 0.31055543308900124 0.10214821097324621