0 0.5912861684608719 0.10612652691287695 0.5880524252807383 0.0716333210495859 0.5697239332340082 0.07335161990510988 0.5729576764141417 0.10784482576840095
2 0.8849017514687046 0.46030194956414944 0.8152460437600885 0.4149974286239163 0.7891417207037578 0.4551328292198485 0.8587974284123739 0.5004373501600816
2 0.004687500000000008 0.05538194471153846 6.782332132154127e-18 0.05538194471153846 7.996931970175349e-18 0.07521786538461538 0.004687500000000009 0.07521786538461538
0 0.19589884410262698 0.3321286979838295 0.18910454157205 0.29244134892366047 0.17823646892808384 0.29430191596116767 0.18503077145866081 0.33398926502133663
3 0.9985307058898669 0.47440656889654803 0.9138045748052525 0.4172074969226952 0.8763168563645706 0.47273618361398023 0.961042987449185 0.529935255587833
2 0.9876389131147296 0.5496913807835979 0.9262957047521247 0.5001211025602209 0.8983550382255971 0.5346976712210469 0.9596982465882019 0.584267949444424
2 0.3033373806053902 0.22301606845204097 0.26235083662023473 0.18019976862711262 0.23747041733684193 0.2040169224563225 0.2784569613219975 0.24683322228125085
2 0.2518893658925567 0.17714240814872248 0.21317888340677255 0.14273307714922806 0.19708693038229158 0.16083651733890753 0.23579741286807573 0.19524584833840197
3 0.262260446393801 0.2421667224598418 0.21551526970043045 0.15906418311958576 0.18386343867644933 0.1768683374285983 0.23060861536981994 0.25997087676885433
3 0.24124092962555116 0.28393654495797865 0.19778086364885553 0.17101466698697612 0.14654356840558952 0.19073428440523757 0.19000363438228518 0.3036561623762401
3 0.1813581592879589 0.18435910118295865 0.0892128161175075 0.09930185630033807 0.04745740145904193 0.14453688617037994 0.13960274462949335 0.2295941310530005
2 0.8224698688648442 0.5611107610625073 0.7622904226651492 0.5035030787634884 0.7313014616574716 0.5358754714257383 0.7914809078571664 0.5934831537247572
2 0.913595432866342 0.6424723502734074 0.8477328410006509 0.5702293179104548 0.8120317082006895 0.6027773583489195 0.8778943000663806 0.6750203907118721
2 0.8878684183796342 0.530378480675923 0.8216502763261685 0.4746158203439793 0.7901477835317953 0.5120250208820873 0.8563659255852609 0.567787681214031
2 1.0226296731857831 0.7089990969378059 0.935913545183789 0.6663185076334932 0.9108034583741603 0.7173358327786479 0.9975195863761545 0.7600164220829607
3 0.08743180550331048 0.12625347271090612 0.041103275204178585 0.07918957117765026 0.01663540949185279 0.1032751276461804 0.0629639397909847 0.15033902917943626
1 0.20017928433555365 0.13604924856465356 0.06732899715238488 0.01947312604511995 0.02798980758523436 0.0643041130310986 0.1608400947684031 0.1808802355506322