3 0.6498466465201846 0.6481350981371479 0.5652645817508168 0.6256920939827489 0.5473718798107198 0.6931252087290947 0.6319539445800876 0.7155682128834935
2 0.930956021732255 0.8901737443068849 0.8578558328146428 0.8211346746528518 0.8229302606345257 0.8581146910003509 0.8960304495521378 0.9271537606543839
2 0.2382595961483321 0.752321869925506 0.20113553656770267 0.7328797441207547 0.15523410517801872 0.8205269227708573 0.19235816475864814 0.8399690485756085
1 0.24944829908823077 0.25798910479242815 0.12376516662796688 0.13342813968945458 0.07892595705924142 0.17867130484140087 0.20460908951950532 0.30323226994437447
3 0.38005749392025034 0.4290283355994742 0.34991069161774263 0.3816640692046268 0.2750468147684807 0.4293140523408485 0.3051936170709884 0.4766783187356959
2 0.7131460273272244 0.18626243638027734 0.7108523862010361 0.14956406191451543 0.6699242991050548 0.15212205924126737 0.6722179402312431 0.18882043370702928
2 0.8928832645820205 0.6180680902509643 0.8231704277559998 0.5564469238318928 0.792409585659758 0.5912470694685812 0.8621224224857789 0.6528682358876527
2 0.03072916586538473 0.875 1.0747787571419723e-16 0.875 1.1309084016122488e-16 0.9666666658653846 0.030729165865384732 0.9666666658653846
2 0.2090220419653765 0.6323914604113573 0.1760951226577328 0.613064790544552 0.11759885792968848 0.7127250942478334 0.15052577723733215 0.7320517641146389
2 0.2804141158805801 0.7859493410553783 0.24278805127360029 0.767505851413499 0.18301732808151686 0.8894424879231444 0.22064339268849661 0.9078859775650236
3 0.4908557237583594 0.4136304439149075 0.48838419984133336 0.35358156497435644 0.42531776518435466 0.3561772870655316 0.4277892891013807 0.4162261660060826
2 0.23169084889149913 0.21746901891295375 0.19081786769131595 0.17922529543911236 0.17943951879981684 0.19138590633385102 0.22031250000000005 0.22962962980769241
0 0.9000803666839498 0.12421694741523837 0.8859375000000002 0.09907407451923074 0.8665507550893042 0.10997911905577808 0.8806936217732539 0.1351219919517857
2 0.097751472873447 0.06431038966238933 0.0679169067931611 0.0289508979876926 0.047228560354840736 0.04640668735775317 0.07706312643512662 0.0817661790324499
0 0.3092179265274059 0.9157128166438931 0.28984686581271457 0.91226907311287 0.2804165181835245 0.9653147877080588 0.2997875788982158 0.9687585312390821