2 0.925288551286951 0.6290326197114257 0.8565724344478404 0.5731279808252485 0.8254805295584018 0.6113451129219813 0.8941966463975124 0.6672497518081586
3 0.33497753226317184 0.1549564290441041 0.2461384641349675 0.08726951348568697 0.20469098901249466 0.14166931935318197 0.29353005714069896 0.2093562349115991
2 0.8236642845742428 0.5517352400639504 0.75637158244344 0.49770813299299516 0.7283461415529661 0.5326148260989256 0.7956388436837687 0.5866419331698809
2 0.21413475187925018 0.11716857935915878 0.18646134347650298 0.08254834599330153 0.1630121399755757 0.1012922804533234 0.1906855483783229 0.13591251381918065
2 1.0259744179164794 0.7171006011299994 0.946215492039259 0.6503741826890841 0.9144779180902545 0.6883105033738652 0.9942368439674749 0.7550369218147804
3 0.6211949238020202 0.1760741868664989 0.5267713487005923 0.1144628097509939 0.48142064707464816 0.18396580710896304 0.5758442221760761 0.24557718422446803
3 0.879649105488406 0.3963237677584993 0.7756620262006291 0.2778199691405164 0.7249324500984057 0.3223351704580942 0.8289195293861826 0.44083896907607706
1 0.7252074986675149 0.7469189895455493 0.5093750000000001 0.5175925937500001 0.44492438780009275 0.5782508386219016 0.6607568864676074 0.8075772344174508
2 0.8790036823241079 0.7326284205880017 0.7984374999999999 0.6564814807692309 0.7618454850922757 0.6951971396214264 0.8424116674163836 0.7713440794401971
3 0.2302453140530423 0.515462058333174 0.18524232574002572 0.497663024254479 0.134884618336621 0.6249871985734874 0.17988760664963757 0.6427862326521824
2 0.3324244907326772 0.31708054730157265 0.29481765574782937 0.28182413238419496 0.2706997862205632 0.3075498546853282 0.30830662120541114 0.3428062696027058
1 0.550908295290447 0.46682544686475436 0.3817708341346154 0.31388888942307697 0.3280920187342501 0.3732540190333252 0.49722947989008176 0.5261905764750026
0 0.5368361750520463 0.7308858711164077 0.5293702059967944 0.6804490904420403 0.5104589290698741 0.6832484564293988 0.517924898125126 0.7336852371037662
2 0.31289085630974517 0.8252019834849933 0.27606194685473995 0.8101356113035193 0.23231932151731913 0.917062027860321 0.2691482309723243 0.9321284000417948
2 0.6335318440930071 0.5138650292551697 0.5763666705455044 0.46740698725651353 0.5488391207965038 0.5012787797609125 0.6060042943440066 0.5477368217595687
2 0.2196636479669842 0.7621618496033811 0.17937666659388293 0.7412171966441126 0.12682078124895335 0.8423082950765195 0.16710776262205462 0.863252948035788
2 0.25836226975661014 0.31432291172542703 0.22152777328725956 0.2774884258814109 0.19658564813701956 0.302430558226496 0.23342014460637017 0.3392650440705121
3 0.816885389255706 0.35207856533211945 0.6440475232423081 0.24739014114477315 0.5958058192972879 0.32703593987975155 0.7686436853106857 0.43172436406709785
2 0.47445420020749096 0.21372937128881164 0.4286522404860421 0.18241178337512542 0.4063846614296071 0.21497810878460258 0.452186621151056 0.2462956966982888
2 0.14971900493813078 0.22199322553638592 0.11351672687112636 0.1784558486214784 0.08844091113788656 0.19930693608377498 0.124643189204891 0.24284431299868253
2 0.7940437564865158 0.09663794023675608 0.7508594156976218 0.09289295841365655 0.7480447264098466 0.1253498586496997 0.7912290671987405 0.1290948404727992
3 0.24947916586538474 0.9472222211538461 0.18732638942307706 0.9472222211538461 0.18732638942307706 1 0.24947916586538474 1
2 0.04756686601922932 0.08143869882078211 0.014582842575008756 0.04360756124267444 -0.007313766923964848 0.06269866786276818 0.025670256520255716 0.10052980544087585
2 0.992993329481817 0.6004980696495407 0.9245103689419275 0.5495854877581726 0.8943393523803869 0.5901687868146018 0.9628223129202763 0.6410813687059699