2 0.13563519330657342 0.18515072879720915 0.10983253689035395 0.14111420000727593 0.08223978493111933 0.15728182988061085 0.10804244134733881 0.20131835867054407
3 0.6923970788271132 0.29670012615382496 0.6224544522653217 0.25281455945061837 0.5898414263162809 0.3047915729965574 0.6597840528780724 0.34867713969976405
2 0.32892552681650256 0.8245556210938211 0.29124896512096676 0.8073185937496802 0.24648889588077544 0.9051548085769283 0.2841654575763112 0.9223918359210692
2 0.2817278680359193 0.9469504171720605 0.23414095287768133 0.9157823775512857 0.1818510537119233 0.995617844443312 0.2294379688701613 1.026785884064087
0 0.5073416606779768 0.6808135688353638 0.48802083413461533 0.6407407403846155 0.46990957943893086 0.649472951810321 0.48923040598229234 0.6895457802610694
3 0.36900120023886834 0.0321063847926418 0.33034174871754346 -0.004066199888440745 0.29751959047936305 0.031012483219813588 0.3361790420006879 0.06718506790089614
2 0.15045927370855797 0.13418265167531213 0.1205222051944866 0.0969276343082108 0.09696733844809757 0.11585565285341691 0.12690440696216895 0.15311067022051825
2 0.7521897553934588 0.17200642481994427 0.7451546415793758 0.13797406183563882 0.7029203639047749 0.14670466189515938 0.7099554777188578 0.18073702487946489
2 0.4108512941784041 0.11473818235126719 0.37831537000262944 0.08581736816141551 0.3560165219141592 0.11090357859279988 0.38855244608993394 0.13982439278265157
2 0.983604754760948 0.8533323133776005 0.9004326436104348 0.7697584057981038 0.8647446526766672 0.8052748203663516 0.9479167638271804 0.8888487279458482
3 0.4819867891327946 0.4866079574445696 0.37511175174883626 0.36569879819752554 0.32231544853578775 0.41236694902057663 0.42919048591974607 0.5332761082676207
2 0.8271573688648439 0.5611107610625081 0.7669779226651497 0.5035030787634885 0.7359889616574714 0.5358754714257384 0.7961684078571655 0.5934831537247579
2 0.9203662664247048 0.6443242003702884 0.8545036737199067 0.5720811717757909 0.8188025434722407 0.6046292119998697 0.8846651361770388 0.6768722405943671
2 1.0270611899480977 0.7226687843982457 0.9456188189657839 0.6623410998688277 0.9154298614722395 0.7030961909176087 0.9968722324545533 0.7634238754470265
3 0.2404046927783091 0.26770965707821426 0.19540120271449582 0.2105623784701618 0.1667902821104688 0.23309348253114234 0.2117937721742821 0.29024076113919484
1 0.5890569177512514 0.49633597561835807 0.4034626501360099 0.30161412130142384 0.34338466170114224 0.35887595409610323 0.5289789293163836 0.5535978084130375