2 0.8954266224246374 0.44757743087439394 0.8240121389468266 0.4007116635387536 0.7961967917286923 0.44309694318461545 0.8676112752065032 0.48996271052025586
0 0.18964884456150494 0.3145361065276581 0.18285454087104863 0.27484875517208185 0.1719864687836678 0.27670932232431794 0.1787807724741241 0.31639667367989416
2 0.3571391501952687 0.7396120816782569 0.31674625706141496 0.7172635544576216 0.26488231204753565 0.8110028316709931 0.30527520518138945 0.8333513588916284
2 0.2797771880253779 0.6436312753735 0.23961754134318275 0.6202488476981126 0.1788185117917462 0.7246720316079742 0.2189781584739413 0.7480544592833618
2 0.4534569768571795 0.22682324420794156 0.43976749499833806 0.17593708379171863 0.4173416040558894 0.18197013530737458 0.43103108591473077 0.23285629572359756
2 0.2971379643573732 0.203177204981819 0.25620745017594576 0.16159697482540586 0.23207022408512756 0.18535704231647473 0.273000738266555 0.2269372724728879
2 0.2433270692461108 0.1609460160382835 0.20506683972595321 0.12207848328975214 0.18879901535162594 0.13809212373310892 0.22705924487178353 0.1769596564816403
3 0.2509816743023356 0.21736128370069885 0.20220444551937083 0.13684014182527038 0.17257306234522896 0.15478992150520643 0.22135029112819365 0.2353110633806349
3 0.2337928726570112 0.2633316085069373 0.18955267877393223 0.15241601843722233 0.139046197675045 0.17256121637344043 0.18328639155812398 0.2834768064431554
3 0.17455320237157118 0.16759223997254338 0.0843245515778991 0.08121951324002546 0.04191486453563017 0.1255224892738383 0.13214351532930227 0.21189521600635622
2 0.81882403589069 0.5379626133843955 0.7597030734044444 0.4813681801320758 0.7287141122321018 0.5137405727097979 0.7878350747183472 0.5703350059621177
2 0.9115120992465768 0.6193242015670914 0.845649505450676 0.5470811717757909 0.8099483765157536 0.5796292108030664 0.8758109703116544 0.6518722405943669
2 0.8841494931378121 0.5048968979883484 0.8179772179085127 0.44906403807935386 0.784847403506557 0.4883290014087472 0.8510196787358564 0.5441618613177417
2 1.0225224559904995 0.6911277606983812 0.9313259569120534 0.6435704756687394 0.9053549828687188 0.6933727700792189 0.9965514819471648 0.7409300551088608
3 0.07890725219601837 0.10634819032624236 0.031955402819515887 0.06012996145357555 0.007096378171988049 0.0853835726231665 0.05404822754849053 0.1316018014958333
1 0.137313218560823 0.07344507918745895 0.024137925971476695 -0.02715516973068889 -0.019540232631974904 0.021982764149887833 0.09363505995737141 0.12258301306803568
3 0.39106138233524057 0.0489909307387011 0.3283167255081626 0.009410074262024191 0.2938392702264024 0.06406467985904271 0.3565839270534804 0.10364553633571962
2 0.4065708688834642 0.4560848595973174 0.3742292476637598 0.43477404136788833 0.33314531084279153 0.4971236474962509 0.36548693206249594 0.5184344657256799