3 1.0537610152177281 0.4635810642783302 0.9200939611966608 0.3758620944175518 0.8621231469777525 0.46419860780960853 0.9957902009988199 0.5519175776703868
2 0.24688354496492976 0.7127619768619261 0.2081223922846766 0.6917974121421071 0.16419107401852115 0.7730215423597729 0.20295222669877433 0.7939861070795917
1 0.2417333283863168 0.24148110774266884 0.11704247521843966 0.11714448886625087 0.0713576207345495 0.16295949923024103 0.19604847390242666 0.287296118106659
2 0.6999056272229593 0.16896608369038996 0.6904764008676545 0.1356270432295288 0.6479999192713213 0.1476405971354658 0.6574291456266261 0.18097963759632696
2 0.8316859423685224 0.5508588553014968 0.7637253324613777 0.49716157424049956 0.7353996599307144 0.5330112475047233 0.8033602698378591 0.5867085285657204
0 0.15591537015804818 0.28869215984398444 0.15232682922918792 0.2567940743824898 0.13926300101727052 0.25826375764240384 0.14285154194613076 0.2901618431038985
2 0.10730684375690466 0.9989491712653489 0.1062908141369476 0.939511410801267 0.04481730451465833 0.9405622395359181 0.04583333413461539 1
2 0.38798747441572307 0.5910864604126478 0.35199964520035365 0.5678988475223288 0.2943677831112742 0.6573451229986388 0.3303556123266436 0.6805327358889577
2 0.27454242247012367 0.24566976894285106 0.23079887568926008 0.2093788169568196 0.20719936161779764 0.237824652386764 0.25094290839866124 0.2741156043727955
0 0.5567642731915061 0.07395046235354667 0.5489284756084968 0.049185472312738406 0.534518261053242 0.053744954234461274 0.5423540586362512 0.07850994427526954
2 0.2918142924794767 0.21747801696561953 0.2527851194406727 0.17782932657200634 0.2301688748791751 0.20009218856607586 0.2691980479179791 0.23974087895968904
0 0.5925404272677576 0.7789727351964194 0.5719793006486373 0.736327440228245 0.5521172926352974 0.7459037665727348 0.5726784192544175 0.7885490615409091
2 1.008258306856524 0.6949908013806423 0.9328218301406828 0.6329402335460016 0.8994636181441766 0.6734946727779293 0.9749000948600179 0.73554524061257