2 0.23658711042594802 0.5133062343725986 0.20417418422691216 0.49165541270569946 0.14876202815949638 0.5746116234572077 0.1811749543585322 0.5962624451241069
2 0.4619169253976253 0.39706480623025925 0.4605821115538209 0.34901160834917033 0.4087766626612982 0.35045065160571603 0.4101114765051026 0.39850384948680495
2 0.6297287813925538 0.4093563699935329 0.5650370264039112 0.3790321177152511 0.546439512561055 0.4187068242135084 0.6111312675496976 0.4490310764917903
2 0.8186225724765737 0.4776946081146454 0.7694589936877291 0.43237509173316313 0.7407647057360947 0.4635032678289785 0.7899282845249392 0.5088227842104609
2 0.8522127282698662 0.4011837862818768 0.8047603560883103 0.3697941043261777 0.7829618230715899 0.4027473563910187 0.8304141952531457 0.43413703834671785
2 0.8002389481274925 0.5299177145756283 0.7293261007606132 0.477232881498686 0.6981925524569151 0.519138083241002 0.7691053998237944 0.5718229163179442
2 0.6462583236053121 0.15201396302826659 0.6399351551390837 0.12118851436141523 0.5950767826422585 0.13039023108203096 0.6013999511084869 0.16121567974888235
2 0.7026868157298757 0.14635047354611147 0.692838142371306 0.11403451395513502 0.6568165389074054 0.1250125263941323 0.6666652122659749 0.15732848598510873
3 0.6786721706202078 0.27613920157592237 0.6507249093740547 0.20415661241101393 0.548184443163617 0.24396797833618514 0.5761317044097702 0.31595056750109357
2 0.47585963148074895 0.2808234424595677 0.4332577610995146 0.2637066134724107 0.41952390134555895 0.2978886523016278 0.4621257717267933 0.31500548128878475
2 0.5313664214073174 0.6624741277278664 0.5196507339850612 0.6097535393970006 0.45759191197880633 0.623544390057767 0.4693075994010624 0.6762649783886328
2 0.22621503825152547 0.7451439205754746 0.18378582726474038 0.7250293282785543 0.1361893868479133 0.8254280528887812 0.17861859783469838 0.8455426451857015
3 0.4060620147588143 0.6859352124226189 0.359333048834244 0.6553347149172034 0.29054373429388664 0.7603805081943238 0.33727270021845696 0.7909810056997393
2 0.9067959760940497 0.5426149461276725 0.853175290167594 0.4949521057321872 0.8248994237354095 0.5267624498215882 0.8785201096618652 0.5744252902170733
2 0.26040039283674254 0.946533540347295 0.2173267089920625 0.9330730195818138 0.19641203605769242 0.9999999999999999 0.2394857199023725 1.013460520765481
2 0.09166666586538473 0.9629629639423077 0.038078704326923195 0.9629629639423077 0.038078704326923195 1 0.09166666586538476 1