2 0.9238984251508663 0.6156926447795877 0.8562945848095441 0.5614157209219374 0.8252070460688591 0.6001363568065685 0.8928108864101814 0.6544132806642189
3 0.33076474632558284 0.14951370721925772 0.24311460851967193 0.08025928067746078 0.2005760589990918 0.13409713500280354 0.2882261968050027 0.20335156154460046
2 0.8240854909316224 0.5432536483623998 0.7567579406901905 0.4873967032136856 0.7283657218391629 0.5216194580755721 0.7956932720805947 0.5774764032242863
2 0.20840558601386555 0.11068709858992803 0.18073217643872266 0.07606686375736985 0.1572829741101911 0.0948107972802465 0.18495638368533399 0.12943103211280468
2 1.0257906945938493 0.7042442276993304 0.9466723953986219 0.6362610952130558 0.9148707369890109 0.6732716452265317 0.9939890361842382 0.7412547777128062
2 0.31132835630974515 0.8205723536773011 0.27340431373404467 0.8050579724879902 0.22966168839662385 0.9119843890447916 0.2675857309723243 0.9274987702341027
2 0.22122614796698414 0.7491988856610734 0.18093916757770145 0.7282542332132789 0.12826162956552373 0.8295793302108064 0.16854860995480642 0.8505239826586012
2 0.6457238844863104 0.13720674506282446 0.6428576761791711 0.1060367139103018 0.5994197580134375 0.11003100320960482 0.6022859663205767 0.1412010343621275
3 0.24843750000000012 0.9416666658653846 0.1811431634615386 0.9416666658653846 0.1811431634615386 1 0.24843750000000012 1
2 0.7093933820701355 0.12950980345022625 0.7023835781108596 0.09796568563348419 0.6651041672794118 0.10624999915158372 0.6721139712386878 0.13779411696832577
2 0.42326285922858103 0.10031047002002715 0.38448936233140707 0.0785003864038602 0.37111770340227046 0.10227223364311756 0.40989120029944437 0.1240823172592845
2 0.190625 2.1450454091315358e-17 0.1596875 1.95560785738843e-17 0.1596875 0.013888889423076943 0.190625 0.013888889423076943
2 0.32386157025202067 0.10735006768510276 0.2867882846743817 0.08538070957195773 0.2723043566818265 0.10982233394662134 0.3093776422594654 0.13179169205976637
2 0.8048484951888282 0.3386711621701432 0.7565003387217257 0.2928299543121731 0.7307652234158005 0.3199724629774081 0.7791133798829027 0.36581367083537825
2 0.63798510615229 0.2760972325022374 0.5893388916452794 0.24482468020919212 0.5666591446347911 0.2801043026620839 0.6153053591418016 0.3113768549551291
2 0.8072414274188304 0.39710285551901864 0.7514996691547853 0.3602297555427875 0.728105879576593 0.3955945869344554 0.7838476378406382 0.43246768691068654