2 0.15443223524022526 0.19579349206588212 0.12320760873586788 0.15773848569123267 0.0981861224880253 0.17826893981811084 0.12941074899238264 0.21632394619276032
3 0.6512019235704938 0.26989850660524295 0.585603633209585 0.22616631050829267 0.5523771371135829 0.276006051776926 0.6179754274744916 0.3197382478738763
2 0.32892552681650256 0.8245556210938211 0.29124896512096676 0.8073185937496802 0.24648889588077544 0.9051548085769283 0.2841654575763112 0.9223918359210692
2 0.28224870025435583 0.9469504110347773 0.2346617828978951 0.9157823775454141 0.1823718933655138 0.9956178491225699 0.2299588107219745 1.026785882611933
0 0.5250539629085268 0.714000985646642 0.5143811455407549 0.6689379933499644 0.4953292344268763 0.6734502895260983 0.5060020517946483 0.718513281822776
3 0.3182291658653846 3.619724253291932e-17 0.2723958341346154 3.339076038300205e-17 0.2723958341346154 0.03611111057692311 0.3182291658653846 0.036111110576923115
2 0.190827546875 0.16507523197115387 0.15451388942307695 0.12876157451923073 0.13260995432692307 0.15066550961538458 0.16892361177884616 0.18697916706730772
2 0.7410850964806094 0.17402454044374308 0.7326918529286809 0.14018927453777208 0.6912493123550422 0.1504695938180128 0.6996425559069706 0.18430485972398378
2 0.3726414746552002 0.08554504813672445 0.3385327831190208 0.061289979765994894 0.3192915021871767 0.0883480323772686 0.3534001937233561 0.11260310074799816
3 0.5106326208635639 0.5217931425407237 0.39916040553723425 0.3956831344001785 0.34636410232418563 0.4423512852232294 0.4578363176505152 0.5684612933637746
2 0.8271573688648439 0.5611107610625081 0.7669779226651497 0.5035030787634885 0.7359889616574714 0.5358754714257384 0.7961684078571655 0.5934831537247579
2 0.9203662664247048 0.6443242003702884 0.8545036737199067 0.5720811717757909 0.8188025434722407 0.6046292119998697 0.8846651361770388 0.6768722405943671
2 1.0270611899480977 0.7226687843982457 0.9456188189657839 0.6623410998688277 0.9154298614722395 0.7030961909176087 0.9968722324545533 0.7634238754470265
3 0.2651416708136384 0.2851699348022584 0.2132186263103814 0.23087133391079442 0.18413553317990092 0.2586820456807859 0.23605857768315788 0.31298064657224983
1 0.6341145829326924 0.5364293978365382 0.43741319471153833 0.3397280096153847 0.37612847235576913 0.401012731971154 0.5728298605769231 0.5977141201923076