2 0.9271359292158105 0.6426181052366419 0.8574255371691317 0.5880050649657705 0.8270800036835804 0.6267393860299594 0.8967903957302591 0.6813524263008307
3 0.34070669823837874 0.16421568455607122 0.2518676243673745 0.09652877438472267 0.2103563859333978 0.1510122774487162 0.2991954598044021 0.21869918762006477
2 0.8259387258756854 0.5645141625260446 0.7579997287136233 0.5093137261070078 0.7301251368636633 0.5436209153149353 0.7980641340257253 0.5988213517339722
2 0.22090558737656782 0.12365006075244231 0.19323217547022672 0.0890298277339856 0.16978297391219974 0.10777376320213064 0.19745638581854083 0.14239399622058735
2 1.0251340996173264 0.7306747571374907 0.9498670984951025 0.6637707527835701 0.9174533044975125 0.7002362692014852 0.9927203056197365 0.7671402735554058
3 0.9490331160853699 0.4038038824495894 0.8234706327164534 0.32574035929796624 0.7690387785886953 0.41329211846442154 0.8946012619576117 0.4913556416160446
3 1 0.4648148149038463 0.9593750000000001 0.4648148149038463 0.9593750000000001 0.5662037043269232 1 0.5662037043269232
2 0.3278607635619084 0.26995319854348065 0.2889902774861622 0.22986801345701527 0.2648796963250048 0.25324797309251057 0.303750182400751 0.293333158178976
2 0.3093857740740183 0.3060089447992028 0.2719145139013767 0.26385376646485287 0.24570402190421245 0.28715197569288475 0.28317528207685405 0.32930715402723476
1 0.27299824874691714 0.2924790135156903 0.13930148791856237 0.1682355573086371 0.09552194591562137 0.2153461507759318 0.22921870674397615 0.33958960698298496
2 0.25340032891241104 0.2125288116294018 0.22399278671923303 0.1557026544578876 0.20018197158949563 0.16802475374164347 0.22958951378267367 0.22485091091315768
3 0.10806504912025741 0.18147027941200466 0.06330962342620455 0.11781813816319442 0.030112434533566098 0.14115991884152607 0.07486786022761895 0.2048120600903363
2 0.09947916586538463 0.1518518509615385 0.09465841096928763 0.10578685077050574 0.07503322662534447 0.1078406487325274 0.07985398152144146 0.15390564892356015
1 0.2395413866288058 0.19966044395968646 0.1136252283010041 0.09614555310454512 0.07452824144679135 0.14370337156144902 0.20044439977459305 0.24721826241659037
0 0.22525900540721497 0.3747522257333846 0.2224443948388241 0.3422278145705269 0.20908291976907206 0.34338409527157654 0.21189753033746295 0.37590850643443424
2 0.31607647724882554 0.834857944128397 0.2783992678392835 0.8190469730573346 0.2341895742112543 0.9243977372367448 0.27186678362079636 0.940208708307807
2 0.7182362974784205 0.3981397001235987 0.662712439680456 0.3512914347458918 0.6363736577425593 0.38250776199089775 0.6918975155405237 0.4293560273686047
2 0.18227729133298606 0.1430428000582904 0.1621947029492216 0.1251915588899774 0.1598958341346154 0.12777777884615382 0.17997842251837987 0.14562902001446681
2 0.2243144671924452 0.7700548189696099 0.18375982307258293 0.7486253766825194 0.13123842954827547 0.848020703659399 0.17179307366813773 0.8694501459464894
2 0.046501436422413785 0.12764687168435015 0.016616379658488088 0.09402618282493366 -0.005136492921087532 0.11336206956233418 0.024748563842838172 0.14698275842175065