2 0.9295491039220743 0.6347090772934367 0.8591341277220247 0.5838538133191766 0.8286859779698191 0.6260127870927127 0.8991009541698689 0.6768680510669729
3 0.341227532372994 0.1586601292676097 0.2523884585019897 0.0909732190962612 0.21087722035311776 0.14545672178605493 0.2997162942241221 0.2131436319574034
2 0.8290794371658616 0.5568034483606233 0.75747361031245 0.508130212740422 0.7316318779144935 0.5461473815623007 0.8032377047679051 0.594820617182502
2 0.22142641774463484 0.12087228368608188 0.19375300816949187 0.08625204885352368 0.17030380730766126 0.10499598120400461 0.1979772168828042 0.1396162160365628
2 1.028038459326392 0.728666220181737 0.9533809464703551 0.6608292738657583 0.9205789244587291 0.6969293271999712 0.9952364373147661 0.76476627351595
3 0.9810139939481209 0.42097044009331613 0.8531581327164535 0.3414810996825816 0.7988102695968837 0.428897762210517 0.9266661308285512 0.5083871026212515
3 1 0.46388888942307704 0.9645833341346154 0.46388888942307704 0.9645833341346154 0.5606481490384616 1 0.5606481490384616
2 0.29869409655311013 0.23939764190864052 0.2598236115434632 0.19931245818438503 0.23571303045663383 0.22269241790108169 0.2745835154662808 0.2627776016253372
2 0.273798610203846 0.27432407519739016 0.24009028059285714 0.2293796301597529 0.212645834139011 0.2499629624554945 0.2463541637499999 0.2949074074931317
1 0.243491525010162 0.2610670389482346 0.11604294751861209 0.13655312382708804 0.07156488151611982 0.18207949118994501 0.19901345900766973 0.30659340631109155
2 0.23418521965183706 0.18874796022789803 0.20208161598734975 0.1359025200645379 0.1850838963355127 0.14622863435587072 0.21718749999999998 0.19907407451923081
3 0.10329040804822703 0.1722723024878287 0.05914296732511838 0.10948480135275453 0.025945773837369016 0.13282656691404218 0.07009321456047767 0.19561406804911635
2 0.09531249999999998 0.14722222115384614 0.08890753766439856 0.10357359021820156 0.07321287220128186 0.10587661184812024 0.0796178345368833 0.14952524278376483
1 0.2363497736389576 0.18892273979187882 0.10997939367419618 0.08503444229615842 0.07635666929806487 0.12593333617818772 0.20272704926282628 0.22982163367390812
0 0.196948567080594 0.31243981538651167 0.18303108319894318 0.3104826691215609 0.17858236562551877 0.3421179925672051 0.19249984950716958 0.3440751388321559
2 0.31612500007909533 0.8312222214711689 0.27854296154930924 0.8153672990616975 0.2341410836434456 0.9206161954710647 0.2717231221732317 0.9364711178805363
2 0.8376196651051769 0.48687682793882525 0.7702983291638255 0.43725242581423723 0.744853675678682 0.47177108985544847 0.8121750116200335 0.5213954919800364
2 0.1619314773971016 0.11741392066496989 0.1376863535956012 0.10189704537090948 0.1346090420638842 0.10670534585978576 0.15885416586538462 0.12222222115384618
2 0.2242514925075912 0.765192902512353 0.1835752650942949 0.743994905651504 0.1315664788912486 0.8437930719108743 0.17224270630454488 0.8649910687717234
2 0.025520834134615398 0.07962962980769231 9.83185942270905e-18 0.07962962980769231 1.2553296770502405e-17 0.12407407451923078 0.0255208341346154 0.12407407451923078