2 0.1815814293859345 0.6230772825170093 0.14202533813350465 0.5995908533358791 0.08700164623715646 0.6922623344244655 0.1265577374895863 0.7157487636055957
2 0.35024602476494826 0.45224214744640334 0.32528357410983133 0.4124582380019459 0.25917897538833573 0.4539356294072678 0.2841414260434527 0.4937195388517252
2 0.5085042542398998 0.35599822048850843 0.4423500551047121 0.3465137476001222 0.43502176539634796 0.39762856888672293 0.5011759645315356 0.4071130417751091
2 0.8177819555072039 0.47542271676057735 0.7663639675570104 0.43885882555654115 0.7419625268454713 0.47317336219794714 0.7933805147956647 0.5097372534019833
2 0.8543140936845464 0.4049189716069265 0.8070433905914803 0.37007444197852524 0.7828930820165164 0.40283717628510457 0.8301637851095826 0.43768170591350586
3 0.8449179055419099 0.1724467022476715 0.815031824158833 0.1100061361911359 0.7237750742092365 0.15368457839614985 0.7536611555923134 0.21612514445268546
2 0.6865968688850519 0.24767926379677307 0.6656938402344671 0.21828438018085256 0.633373647680911 0.24126762855042574 0.6542766763314958 0.2706625121663463
2 0.7022785547101908 0.14906831105214013 0.6935302844393042 0.11626229469733317 0.6561102478219657 0.1262409702650841 0.6648585180928523 0.15904698661989108
2 0.6462683826684562 0.1526811007035254 0.6392340695683474 0.12102668832887997 0.5947303924537738 0.13091639328454074 0.6017647055538826 0.16257080565918614
2 0.9087510123981344 0.8511255605460045 0.8257712507148498 0.7910249929386098 0.7925360377206168 0.83691224764426 0.8755157994039013 0.8970128152516547
3 0.7402980665875171 0.697075313204479 0.6411458341346153 0.638888889423077 0.6058606544985401 0.6990163917862104 0.7050128869514418 0.7572028155676124
2 0.22369213195512744 0.7492592632799139 0.18193287544871745 0.72837962900374 0.1313078641025664 0.8296296224893169 0.17306712060897636 0.8505092567654908
2 0.499796344840831 0.6726131014076118 0.48304020296168637 0.6175111677064706 0.416990124748547 0.6375965695667876 0.43374626662769167 0.6926985032679287
2 0.13751265425719292 0.8998952200080848 0.09445442588911306 0.8791851489246701 0.04243323356207533 0.9873422078828706 0.0854914619301552 1.0080522789662854
3 1.0689965302043707 0.6654205640596756 0.832909403063832 0.49068396367688566 0.7602635323397624 0.5888360101302157 0.9963506594803011 0.7635726105130056
2 0.33095178805663583 0.7953551881849535 0.29109777670849507 0.7778583046308795 0.24218360275984427 0.8892739197379789 0.282037614107985 0.9067708032920531