3 0.9662786933043617 0.48265758325020713 0.8980254871032047 0.3280749693793178 0.8106844119541061 0.3666388690489221 0.8789376181552631 0.5212214829198115
1 0.10981495732335302 0.061338445761611946 0.012208750158471634 -0.015507080883187672 -0.02651979404442643 0.03368441371265488 0.07108641312045495 0.1105299403574545
2 0.3957371373924954 0.4644697166628587 0.36435900405289634 0.4448023502422398 0.32961275720127586 0.5002379557749536 0.3609908905408749 0.5199053221955725
1 0.24201768557429557 0.23981799289243616 0.11556152934717692 0.11462640088681571 0.06996082225522843 0.16068772216011362 0.19641697848234704 0.2858793141657341
2 1.0000000000000002 0.7509259254807692 0.9994791658653848 0.6972222211538461 0.9826344863750792 0.6973855857517852 0.9831553205096946 0.7510892900787082
2 0.6260896227320247 0.19404896861418713 0.6049239379156675 0.16825329272460518 0.5662180063548214 0.2000120088538935 0.5873836911711786 0.22580768474347546
2 0.8304296685896495 0.5455109399830999 0.7603733288421056 0.49387049365454266 0.7328253660336326 0.5312425455842303 0.8028817057811766 0.5828829919127876
0 0.18023501627751243 0.30944901109139705 0.17532245049024417 0.27451520237969357 0.16242643302508247 0.2763287044433876 0.16733899881235073 0.31126251315509107
2 0.23985191802697697 0.7314737519935601 0.19974761489489193 0.7092517785668287 0.14224349225845534 0.8130302648997346 0.1823477953905404 0.835252238326466
2 0.6191491814262073 0.324807227397632 0.5923828574179926 0.2983085630438411 0.5499009137580303 0.34121961143932766 0.5766672377662451 0.3677182757931185
2 0.2735007556247314 0.24104014031641768 0.22975720742002934 0.20474918714912735 0.2061576943285746 0.2331950213978128 0.24990124253327664 0.26948597456510315
0 0.4432291658653846 5.351451367711235e-17 0.42500000000000004 5.239829919570389e-17 0.42500000000000004 0.01666666586538467 0.4432291658653846 0.01666666586538467
2 0.30002223513089843 0.21792005884593582 0.2579333467366217 0.18228925248565642 0.23675517418749445 0.20730596784713165 0.27884406258177113 0.24293677420741105
0 0.7111078845042715 0.9387573936073383 0.6927339275907639 0.8930266684612371 0.6727462832275628 0.9010574205465948 0.6911202401410704 0.9467881456926961
2 0.9371657052877188 0.631018954879502 0.8674940690781694 0.5732173021277567 0.834885490884292 0.612522285447042 0.9045571270938415 0.6703239381987872