2 0.9243357788963158 0.6267238241587152 0.8546137017688247 0.5721016337467648 0.8234224864402344 0.6119154219606547 0.8931445635677255 0.6665376123726051
3 0.33445669812855644 0.15495642904410412 0.2456176300003521 0.08726951348568697 0.20417015487787926 0.14166931935318197 0.29300922300608356 0.20935623491159913
2 0.8229908319550099 0.5534480641923429 0.7559636536467764 0.4959228354638438 0.7267715974950596 0.5299368010944701 0.793798775803293 0.5874620298229692
2 0.2130930860138656 0.11624265387838956 0.1854196764387227 0.08162241904583133 0.16197047411019108 0.10036635256870802 0.189643883685334 0.13498658740126623
2 1.0258808115490952 0.7147540575599821 0.9453677558524466 0.648692061126644 0.9136541562575312 0.687343009453693 0.9941672119541797 0.753405005887031
3 0.5763537909504195 0.1463894743201689 0.48369434415321266 0.08682268586605538 0.4394893200667707 0.1555860552503596 0.5321487668639776 0.21515284370447316
3 0.8531285910334712 0.36204023441576616 0.7413074731895409 0.26264367750175477 0.6939511488295582 0.3159195382691869 0.8057722666734886 0.41531609518319823
1 0.7987166197867198 0.8329490222996025 0.5682291658653846 0.5768518509615386 0.5004345061079266 0.637867044668355 0.7309219600292618 0.893964216006419
2 1 0.8037037043269231 0.9468749999999999 0.8037037043269231 0.9468749999999999 0.9094486538461539 1 0.9094486538461539
3 0.16538061035203716 0.6579687277410305 0.11404903634957705 0.6337145591181533 0.04452076854169616 0.7808643328224864 0.09585234254415625 0.8051185014453635
2 0.37931274038863866 0.3585104526899561 0.3389406067771474 0.32255401655209476 0.3150073738441665 0.3494264149739123 0.3553795074556578 0.3853828511117736
1 0.6172057467115745 0.5252216885757253 0.43906249999999997 0.3620370360576924 0.38314257002613356 0.4230829599709577 0.5612858167377082 0.5862676124889905
0 0.5865221414949141 0.7913079251242766 0.581384127142485 0.7456366753695227 0.5622512773369767 0.7477891204510883 0.5673892916894058 0.793460370205842
2 0.3123700221751298 0.8242760580042242 0.2755411127201245 0.8092096858227502 0.23179848738270373 0.9161361023795517 0.26862739683770903 0.9312024745610257
2 0.749841219335781 0.6191624123528501 0.6858854069444077 0.56489687863208 0.6562567658683217 0.5998163510880972 0.720212578259695 0.6540818848088672
2 0.21862198159012566 0.7621618505871997 0.17833499832465222 0.7412171966441126 0.12577911297972258 0.8423082950765195 0.16606609624519605 0.8632529490196066
2 0.31093260205052375 0.3614872486496804 0.27238014714106984 0.32117096120148186 0.2448205849650253 0.34752479597561425 0.28337303987447926 0.38784108342381274
3 0.7442363339105759 0.3015671500292203 0.5789119937204534 0.2049967409837356 0.5330724920445195 0.28347197417497505 0.6983968322346418 0.38004238322045986
2 0.3770699784317604 0.14501425544776986 0.33428152394837674 0.11648860266841339 0.31382211325102555 0.14717770100918812 0.3566105677344092 0.1757033537885446
2 0.18782444327620945 0.2577919323971916 0.15047151246669604 0.21352179430688126 0.12461108289827788 0.23534153280426004 0.1619640137077913 0.2796116708945704
2 0.7489583341346153 0.09722222115384625 0.7057291658653846 0.09722222115384625 0.7057291658653846 0.12777777884615393 0.7489583341346153 0.12777777884615393
3 0.2500000000000001 0.9462962956730769 0.18592414423076936 0.9462962956730769 0.18592414423076936 1 0.2500000000000001 1
2 0.08427801644985325 0.11212324658342326 0.04979525967220822 0.07333013961341249 0.027122844816038886 0.0934833943566207 0.061605601593683904 0.13227650132663146
3 1 0.42870370432692323 0.9234374999999999 0.42870370432692323 0.9234374999999999 0.560185185096154 1 0.560185185096154
2 0.8302153911362284 0.4766260166952032 0.7704183618253215 0.42878839186654627 0.7413081530281883 0.46517615181331584 0.8011051823390953 0.5130137766419728