0 0.5954528314535479 0.10612652882043863 0.5922191031686717 0.07163332264047167 0.5738906084564588 0.07335161381528603 0.577124336741335 0.10784481999525299
2 0.8859909480754478 0.46050057486053425 0.8164573911605078 0.4148691659124094 0.7899419343778155 0.4552736606634034 0.8594754912927555 0.5009050696115283
2 0.004687500000000008 0.05538194471153846 6.782332132154127e-18 0.05538194471153846 7.996931970175349e-18 0.07521786538461538 0.004687500000000009 0.07521786538461538
0 0.19589884410262698 0.3321286979838295 0.18910454157205 0.29244134892366047 0.17823646892808384 0.29430191596116767 0.18503077145866081 0.33398926502133663
3 1.0031578843148738 0.47688565789699566 0.9176125848189662 0.4186819960708951 0.8796050799551782 0.4745438316437024 0.965150379451086 0.5327474934698029
2 0.9876389131147296 0.5496913807835979 0.9262957047521247 0.5001211025602209 0.8983550382255971 0.5346976712210469 0.9596982465882019 0.584267949444424
2 0.3033373806053902 0.22301606845204097 0.26235083662023473 0.18019976862711262 0.23747041733684193 0.2040169224563225 0.2784569613219975 0.24683322228125085
2 0.2513685359864233 0.17621646694439766 0.21302441998936678 0.14213282466672172 0.19693246541453416 0.1602362822669938 0.23527658141159064 0.19431992454466973
3 0.2634876986387305 0.23770591052576964 0.21180088300391212 0.15879123300361955 0.18117957006372526 0.17884730122985382 0.23286638569854368 0.2577619787520039
3 0.24072009468513028 0.2830106173834924 0.1972600287084346 0.17008873941248984 0.14602273346516859 0.1898083568307513 0.1894827994418643 0.30273023480175393
3 0.18135815928795887 0.18343317570218945 0.08921281611750752 0.09837593081956884 0.047457401459041974 0.14361096068961066 0.13960274462949335 0.22866820557223125
2 0.8224698688648442 0.5611107610625073 0.7622904226651492 0.5035030787634884 0.7313014616574716 0.5358754714257383 0.7914809078571664 0.5934831537247572
2 0.9141162670009572 0.6424723502734071 0.8482536751352664 0.5702293179104546 0.8125525423353049 0.6027773583489194 0.8784151342009957 0.6750203907118719
2 0.8878684183796342 0.530378480675923 0.8216502763261685 0.4746158203439793 0.7901477835317953 0.5120250208820873 0.8563659255852609 0.567787681214031
2 1.022629673185783 0.7080731714570369 0.9359135451837889 0.6653925821527239 0.9108034593265807 0.7164099053628019 0.9975195873285748 0.7590904946671148
3 0.08743180550331048 0.12625347271090612 0.041103275204178585 0.07918957117765026 0.01663540949185279 0.1032751276461804 0.0629639397909847 0.15033902917943626
1 0.20017928433555365 0.13604924856465356 0.06732899715238488 0.01947312604511995 0.02798980758523436 0.0643041130310986 0.1608400947684031 0.1808802355506322