2 0.9214875281828129 0.6202261934753311 0.8518039879770016 0.5665440578056186 0.8210956785452649 0.6064058048885727 0.8907792187510762 0.6600879405582852
3 0.3302439129754299 0.15229149078675744 0.2425937824378306 0.08303705500489536 0.20005522567815348 0.13687490684460796 0.2877053562157527 0.20612934262647004
2 0.8202726575668395 0.5480058907628838 0.7525343839312197 0.4913359478282544 0.7245763665523809 0.5247545068287778 0.7923146401880008 0.5814244497634071
2 0.20788475324195246 0.1143908011370577 0.18021134133561137 0.079770568118601 0.15676213977758435 0.09851450358674604 0.18443555168392545 0.13313473660520272
2 1.024715128818281 0.711977442961374 0.9419848944905549 0.640890725451574 0.9101832370436441 0.6779012762936537 0.9929134713713702 0.7489879938034536
3 0.9368121100423921 0.16366572441179447 0.9324256980699421 0.09272923212922585 0.8356565734001316 0.0987130245801456 0.8400429853725815 0.16964951686271418
2 0.308724187216437 0.8233501307943546 0.2708001468338392 0.8078357511124905 0.22705752289993766 0.9147621684444889 0.2649815632825355 0.930276548126353
2 0.21705948041654327 0.7566062941373707 0.1767724978033645 0.7356616413572745 0.12409496177633457 0.8369867385220657 0.16438194438951334 0.8579313913021618
2 0.6457238859012959 0.13998452072059803 0.6428576753783463 0.10881449244520015 0.5994197566739656 0.11280878525063215 0.6022859671969154 0.14397881352603
3 0.24687500000000015 0.9435185192307693 0.18040865384615398 0.9435185192307693 0.18040865384615398 1 0.24687500000000015 1
2 0.7659712960741741 0.7090786268101661 0.6923481526408922 0.6349711170503394 0.6599100315769099 0.6671972227114199 0.7335331750101918 0.7413047324712465
3 0.5162067598464968 0.10978628595750452 0.4197193407283923 0.058159789354125926 0.3830208121327462 0.1267475600260199 0.47950823125085074 0.17837405662939848
2 0.7363925101064924 0.12677096249877826 0.7306321802736341 0.09436909410357891 0.6941189968112907 0.10086032409764704 0.6998793266441491 0.1332621924928464
2 0.3410686268317666 0.1347697930735645 0.3188382765472718 0.10403152292944522 0.2974895862186574 0.11947119672680427 0.3197199365031521 0.15020946687092354
2 0.6671953169471129 0.2630050032963252 0.6193159614816732 0.23236221473773208 0.6002635371052081 0.2621316267954793 0.6481428925706478 0.29277441535407245
2 0.5573773708657419 0.23919685618814251 0.5183599806236427 0.21527814733747203 0.49982268985756184 0.24551710013241637 0.538840080099661 0.2694358089830869
2 0.7073179584666961 0.3781210670456388 0.6536319894199599 0.3444357608503351 0.6322250942076437 0.378553007910282 0.6859110632543799 0.4122383141055857