3 0.4252060762978215 0.7108111018943268 0.3793500557595303 0.6827741319947288 0.31728748178498034 0.7842809166803654 0.36314350232327147 0.8123178865799635
2 0.5597110807713734 0.6783610796703525 0.5489060202656291 0.6266993939891525 0.4929275971960916 0.6384073017027139 0.503732657701836 0.6900689873839139
2 0.24095093241982626 0.7654130412510342 0.20262392710472768 0.7452678015229738 0.156771293210535 0.8325040005802679 0.1950982985256336 0.8526492403083282
1 0.2527177032483108 0.2674877701511259 0.12709303167015557 0.14256413275279697 0.08206794000610454 0.18784189179720664 0.20769261158425972 0.31276552919553563
3 0.6333652574513141 0.40018640764469643 0.5641675346954875 0.3610442643721088 0.5371674592128743 0.4087765442480734 0.6063651819687009 0.44791868752066105
2 0.7178982830296445 0.1904670506547526 0.7104473061157507 0.15693763713272754 0.67018995168236 0.165883711250624 0.6776409285962538 0.19941312477264908
2 0.10083720730497497 0.8086402586765069 0.06008190531270849 0.7863611718153277 -0.004780410053470245 0.9050142955783331 0.035974891938796244 0.9272933824395123
2 0.32259902281026775 0.46036122763726733 0.29558195539468807 0.43159528539022946 0.23639292005949805 0.48718582173285974 0.26340998747507777 0.5159517639798976
2 0.45999826001737365 0.4013397194881485 0.453291266310196 0.3619960101782198 0.3951633248414008 0.37190518611715484 0.40187031854857846 0.41124889542708354
2 0.2828636527441 0.7978538387644526 0.2430095480485721 0.7791722266495312 0.186171020550554 0.9004277484808811 0.22602512524608193 0.9191093605958025
3 0.7714771373012739 0.5071278777852216 0.7051318974489682 0.44979248311505865 0.6692875110395395 0.4912695572221255 0.7356327508918452 0.5486049518922885
2 0.13357054383290065 0.14369270490214026 0.10104424763723777 0.10393833558765112 0.07812757816013385 0.1226883344452287 0.11065387435579674 0.16244270375971787