2 0.9265554436561912 0.6405036130980301 0.8578096770637896 0.585506999824109 0.8269379514540336 0.6240966568363042 0.8956837180464352 0.6790932701102252
3 0.33966503342198434 0.16514161502316277 0.2508259641349675 0.09745469858184082 0.20931472353244326 0.15193819663385594 0.2981537928194601 0.21962511307517787
2 0.8255616734103174 0.5652956339311502 0.7573677019236054 0.5105449170530553 0.730771233860588 0.5436717670406999 0.7989652053472999 0.5984224839187948
2 0.21830141910733702 0.12365006075244231 0.1906280072009959 0.08902982773398563 0.16717880710966973 0.10777376202973493 0.19485221901601082 0.1423939950481916
2 1.0261381484988106 0.7292412273131261 0.947944027700773 0.661153835022618 0.9159007006967597 0.6979535963034175 0.9940948214947972 0.7660409885939257
3 0.8806423764382019 0.3480632637507058 0.7624150172119291 0.2780602063741406 0.7101847947109913 0.3662712289994713 0.8284121539372641 0.4362742863760365
3 1.0173089583422557 0.46778656094077764 0.9276041658653846 0.42222222115384606 0.8895775948770287 0.4970870315531365 0.9792823873538998 0.542651371340068
2 0.4672380664977258 0.3805701928744828 0.4170101334963399 0.339750034794406 0.39261601082279035 0.3697662428862767 0.44284394382417624 0.4105864009663534
2 0.42991272506890377 0.40975975680511206 0.3839898781068341 0.3667070919178511 0.35806551771836403 0.39435974565779464 0.4039883646804337 0.43741241054505553
1 0.34937590112819805 0.36002554291676153 0.20582016610924708 0.223913445146348 0.15696967434048822 0.27543545066073033 0.3005254093594392 0.41154754843114394
2 0.33034681622934686 0.26370691535526125 0.28482181482011165 0.2160990646048227 0.26036372356106335 0.23948711135518186 0.30588872497029856 0.2870949621056204
3 0.1539246829848117 0.23232716718058405 0.11541609065202184 0.1581624694645631 0.07858969903514845 0.17728386475820973 0.11709829136793834 0.25144856247423064
2 0.13741738581603088 0.1533141746431675 0.10799209684594048 0.12021072773483955 0.08711206855083245 0.1387707546706645 0.11653735752092285 0.17187420157899244
1 0.29484333632797965 0.244729949992666 0.16214179237757503 0.13363098395814982 0.11970671035068058 0.1843173323880845 0.2524082543010852 0.2954162984226007
0 0.28125000000000006 0.4101851850961538 0.26614583413461546 0.4101851850961538 0.26614583413461546 0.44351851923076924 0.28125000000000006 0.44351851923076924
2 0.31696456301207776 0.8339827947528746 0.2800605821736445 0.8184963019927701 0.23573602694113424 0.9241207685722255 0.2726400077795676 0.9396072613323301
2 0.5183683282289104 0.23764923831184603 0.47273869789286205 0.2005751628411573 0.45104016841010997 0.2272810446888816 0.4966697987461583 0.26435512015957036
2 0.231235637590421 0.1810057362439994 0.21115300391534098 0.16315454235629195 0.2088541658653846 0.16574074038461542 0.22893679954046467 0.18359193427232287
2 0.22330948159012567 0.7695692568371997 0.1830224993084707 0.7486246034055865 0.13110286612286157 0.8484918725894979 0.17138984840451654 0.8694365260211112
2 0.06870613469572233 0.15221921408857203 0.04133483049468137 0.11478837372675856 0.016391462727161573 0.1330282128637858 0.04376276692820254 0.17045905322559923
3 1 0.4962962956730771 0.9479166658653846 0.4962962956730771 0.9479166658653846 0.6141534399038463 1 0.6141534399038463