2 0.5963919094333542 0.25263992064623647 0.5487080218588577 0.21410749745877403 0.522331055319669 0.24674900305243658 0.5700149428941654 0.28528142623989905
2 0.022916665865384624 0.04733115384615384 5.796394605764325e-18 0.04733115384615384 8.567858480916598e-18 0.09259259375 0.022916665865384624 0.09259259375
3 1 0.5370370360576925 0.9489583341346154 0.5370370360576925 0.9489583341346154 0.6195299158653846 1 0.6195299158653846
0 0.30528554275428 0.4420441300797115 0.2971066228008535 0.40205831492497845 0.2817455255067103 0.40520035878926924 0.2899244454601368 0.4451861739440023
3 0.7345315576989618 0.2810629212837992 0.6736042032979834 0.2392138288555731 0.640556831131343 0.28732691421032 0.7014841855323213 0.32917600663854607
2 0.8701740832727727 0.0868260603117284 0.8627467744268966 0.036691831655240564 0.841796689985605 0.03979555443431874 0.849223998831481 0.08992978309080657
2 0.8174356924918449 0.41276100716211783 0.764918254532417 0.3738591997700216 0.7391579940718849 0.4086355500541876 0.7916754320313127 0.44753735744628387
2 0.4722270157201806 0.37005746267650025 0.42693965158751024 0.31910919639801905 0.39913433895259876 0.3438250387632347 0.44442170308526907 0.3947733050417159
2 0.3594136761996649 0.2674874482813415 0.31582095512576996 0.23182068304083142 0.29371648180002197 0.25883726650941685 0.33730920287391697 0.29450403174992695
3 0.5768644336907717 0.5129687417003008 0.49375 0.43703703605769256 0.4530854520933332 0.48154822992526863 0.5361998857841048 0.557479935567877
3 0.4447087444805821 0.43186875151130205 0.35184658484208914 0.3339281772143642 0.30239525988851723 0.3808153520664434 0.3952574195270102 0.47875592636338127
3 0.2537280053461871 0.25336633066987485 0.1634271270469389 0.16522952722011214 0.12072001270837261 0.20898525449239885 0.21102089100762084 0.2971220579421615
2 0.8235115377371787 0.5620366782449929 0.7633320824885667 0.504429007736192 0.7323431288578706 0.5368014041852878 0.7925225841064827 0.5944090746940888
2 0.9156787670009574 0.6461760546003303 0.8498161751352663 0.5739330222373779 0.814115042335305 0.6064810626758427 0.8799776342009961 0.6787240950387952
2 0.592752089491431 0.2988313047242037 0.5386432951668538 0.2555442617725543 0.5114301042291108 0.2895607445572642 0.565538898553688 0.33284778750891364
2 1.0255757303777064 0.7270468219096871 0.9419729730247105 0.6651188832731211 0.9117840187576215 0.7058739911274923 0.9953867761106175 0.7678019297640583
3 0.10357763628097008 0.1382905132417209 0.05724911153709163 0.09122660716980352 0.03278124402598014 0.11531216019819644 0.07910976876985859 0.16237606627011378
1 0.287205460419563 0.21177522609919494 0.14397270682791394 0.08445721066450249 0.10052442908347071 0.13333651842706773 0.24375718267511978 0.26065453386176024