2 0.40997241231750015 0.11217092328520675 0.3689128484411172 0.08175643035513483 0.3467324526828213 0.1116999634771598 0.3877920165592043 0.1421144564072317
2 0.06360845447634063 0.11730358580441817 0.03949775083168516 0.07630374776890218 0.01390301119322983 0.0913552019173392 0.03801371483788529 0.1323550399528552
3 0.9550355233901573 0.49999142296419313 0.8654152270674567 0.43373747670369567 0.8244625449960794 0.48913329400362987 0.91408284131878 0.5553872402641273
2 0.3148823815796353 0.8487887540496306 0.2766731811929115 0.8313622608111585 0.2308579224513651 0.9318164587998085 0.26906712283808887 0.9492429520382806
0 0.36996113078185 0.522347099094113 0.35941054950965934 0.4831287724520169 0.3447555873546391 0.4870712754218264 0.35530616862682973 0.5262896020639224
3 0.5872043143534857 0.17727238676764387 0.5361451222566316 0.1413713861109072 0.5040854920764277 0.1869672966978164 0.5551446841732819 0.22286829735455307
2 0.8612835247909238 0.11413725224692985 0.8419836884400642 0.09817231274539409 0.8137220559243861 0.13233748340001852 0.8330218922752457 0.14830242290155426
2 0.6439816478039415 0.2865521705157138 0.6016038577483094 0.25426430386245813 0.5782657279011415 0.2848955740413021 0.6206435179567737 0.3171834406945578
2 0.6953181160376071 0.5734184152493683 0.6350527004215464 0.5121963887051643 0.6057573924774059 0.5410339494412397 0.6660228080934668 0.6022559759854438
2 0.5022449716643416 0.391347377146598 0.4523311776147673 0.34697956533300545 0.42635416663992043 0.3762037060517237 0.47626796068949473 0.42057151786531627
3 0.9167797034029306 0.8535436284514801 0.8081057202475369 0.7403846868289083 0.7557940059112705 0.7906230708319202 0.8644679890666642 0.9037820124544921
3 0.6363218664532284 0.6380740341598431 0.5248169686119406 0.5126626191869808 0.46731585920847774 0.5637875931870051 0.5788207570497654 0.6891990081598673
3 0.31887045161658595 0.3097969330073808 0.22525248550263302 0.21901588186129123 0.1800718596729774 0.2656084057914361 0.27368982578693024 0.3563894569375257
2 0.8255948697679307 0.5601848308578654 0.7654154190169735 0.5025771544282974 0.7344264628985642 0.5349495477295867 0.7946059136495214 0.5925572241591547
2 0.9182829328663421 0.6424723502734072 0.852420341000651 0.5702293179104547 0.8167192082006894 0.6027773583489197 0.8825818000663805 0.6750203907118723
2 0.3993468376217002 0.14987433214186308 0.3555258500286648 0.11818236441783783 0.3325950057605358 0.1498892073290069 0.3764159933535712 0.18158117505303212
2 1.0266367726435977 0.7231260073526685 0.9445771522487267 0.6623411010185859 0.9143881956068548 0.7030961909176088 0.9964478160017258 0.7638810972516914
3 0.14285848522704536 0.17219719260727825 0.09754634227507411 0.12386424988471258 0.07195151968067491 0.14785940091213579 0.11726366263264618 0.19619234363470148
1 0.37199031884191225 0.2833680600912208 0.22274488630395306 0.13945283244519124 0.17367123332742554 0.1903440319693552 0.3229166658653847 0.33425925961538466