2 0.6946666476032515 0.33293208579822947 0.6423789484252915 0.29420045528784033 0.6173937106066474 0.32793052504569953 0.6696814097846076 0.36666215555608866
2 0.355329823375497 0.4026970276597793 0.31415029442967773 0.3576459008257774 0.2874419516625753 0.38205898550011386 0.3286214806083946 0.4271101123341158
3 0.32055555834614735 0.04412038642788786 0.27244445793846667 0.008037029896158048 0.24227777769616338 0.048259235411534866 0.29038887810384406 0.08434259194326468
2 0.3300088572281185 0.8358023680852443 0.292531646140603 0.818497125267993 0.24819669990854706 0.9145113884620378 0.2856739109960626 0.9318166312792889
2 0.2625000000000001 0.9305555552884616 0.19547872355769244 0.9305555552884616 0.19547872355769244 1 0.2625000000000001 1
0 0.7234101338901502 0.9993179057734545 0.712454947535079 0.9579316567436812 0.6905521592595077 0.9637294551158393 0.7015073456145792 1.0051157041456127
2 0.1445473132082729 0.19362823988615563 0.11076893978114809 0.15759798321189428 0.08794612017095646 0.17899438153407646 0.1217244935980813 0.21502463820833784
2 0.7338605029616142 0.6372339697963197 0.6735395565701451 0.5773072685906523 0.6430255042050519 0.6080220664999222 0.703346450596521 0.6679487677055895
2 0.7216382708695706 0.18757502239697088 0.7138071190973378 0.15380318101455678 0.6701612791641142 0.16392395568222523 0.6779924309363469 0.1976957970646393
3 0.92917897599534 0.981013183622313 0.7499466419008389 0.8039001505206311 0.68846934334223 0.8661130747844149 0.8677016774367311 1.043226107886097
2 0.8250740365364009 0.5703700112301463 0.7648945824885666 0.5127623418708073 0.7339056300586482 0.545134737065519 0.7940850841064825 0.602742406424858
2 0.9182829322900894 0.653583459985673 0.8524203395852913 0.5813404313911755 0.8167192093376254 0.6138884716152542 0.8825818020424235 0.6861315002097517
2 1.0268489812958477 0.7330825809716104 0.945097984831168 0.6725262849649819 0.9149090273376236 0.7132813760137634 0.9966600238023033 0.7738376720203919
3 0.5408571605296298 0.5752670576989017 0.47229805275300724 0.4964016830765552 0.434353766419612 0.5293873428631906 0.5029128741962346 0.6082527174855371