2 0.9210398843778412 0.6208072660878894 0.8516831962398019 0.5673769329064686 0.8209748882876333 0.6072386820491079 0.8903315764256726 0.6606690152305288
3 0.3302439121909675 0.15321741154618085 0.24259377438505667 0.08396298500438383 0.20005522603380538 0.1378008378497946 0.28770536383971623 0.2070552643915916
2 0.8198169665044942 0.5485505767639536 0.7528407674723484 0.49251820478732944 0.7244270607305172 0.5264814658603362 0.791403259762663 0.5825138378369604
2 0.20892641910733706 0.11439080113705771 0.18125300720099596 0.07977056811860098 0.1578038071096697 0.09851450241435024 0.18547721901601083 0.133134735432807
2 1.024715128818281 0.7129033684421434 0.9419848944905549 0.6418166509323433 0.9101832370436441 0.6788272017744229 0.9929134713713702 0.749913919284223
3 0.8777777556869726 0.14910837541516747 0.8540818634029108 0.08912815167571704 0.7603108513162 0.12617349201032962 0.7840067436002616 0.18615371574978007
2 0.308724187216437 0.8233501307943546 0.2708001468338392 0.8078357511124905 0.22705752289993766 0.9147621684444889 0.2649815632825355 0.930276548126353
2 0.21549698159012567 0.7593840717410458 0.1752099993084707 0.7384394183094327 0.12253246180776678 0.8397645143231416 0.16281944408942176 0.8607091677547548
2 0.646765550501964 0.1418363747965224 0.6438352926378036 0.10996980689384704 0.6003973744023838 0.11396409651740595 0.6033276322665441 0.14583066442008133
3 0.24635416586538475 0.9444444447115384 0.18030181730769243 0.9444444447115384 0.18030181730769243 1 0.24635416586538475 1
2 0.5709689706672412 0.5310944247419337 0.5118105591979176 0.47165022470545764 0.48282538878659065 0.5004960437533977 0.5419838002559143 0.5599402437898737
3 0.6186470449486696 0.18039424936987783 0.5165704467556316 0.1188242387629152 0.4748591351387247 0.1879772038842517 0.5769357333317626 0.24954721449121434
2 0.291149694055818 0.0786038675854504 0.25764222033986217 0.05212883935308029 0.23727376911220036 0.07790767283175974 0.27078124282815613 0.10438270106412985
2 0.7695066068519906 0.1232854553706402 0.7685004512081026 0.09108852584789152 0.7336964758728596 0.0921761518026755 0.7347026315167475 0.12437308132542417
2 0.5196343552170917 0.2501921164253203 0.4823640935961443 0.22258451416278782 0.460774191104897 0.25173088140495775 0.4980444527258444 0.27933848366749026
2 0.795401074848969 0.35608413023252944 0.7422110277724048 0.3166840938456144 0.7201044428527551 0.34652798233929977 0.7732944899293194 0.3859280187262148
2 0.7751605826425354 0.39398172024577427 0.7289807331613789 0.36062960118114284 0.7062373244377861 0.3921204695577109 0.7524171739189426 0.42547258862234233
2 0.9401293103901034 0.5611334597509547 0.8780064648988156 0.5059131553024104 0.8485811788798822 0.5390166036652226 0.9107040243711698 0.594236908113767