2 0.9258290571395995 0.6100029256638261 0.856960138128875 0.5560491227558845 0.8249080027641512 0.5969618257644249 0.8937769217748759 0.6509156286723664
3 0.3312855788408146 0.1467359354982959 0.24363544830321537 0.07748149971643373 0.20109689246745252 0.13131935038681736 0.28874702300505173 0.20057378616867952
2 0.8222331818879524 0.5346644379436181 0.7528786582209798 0.4818228910211978 0.7261609787692863 0.5168898419297234 0.7955155024362589 0.5697313888521436
2 0.20684308718626132 0.10790932121047508 0.17916967761111838 0.07328908637791691 0.15572047411019108 0.09203302083793881 0.18339388368533405 0.12665325567049698
2 1.0259102029909632 0.7011216066118214 0.9471932283903853 0.6334833150648086 0.9153915685381088 0.6704938662421382 0.9941085431386867 0.7381321577891511
2 0.3087241880588466 0.8177945734466692 0.270800146833839 0.8022801934201829 0.2270575220575279 0.9092066128114049 0.2649815632825355 0.924720992837891
2 0.2207767366919322 0.7413521636752892 0.1807407519361586 0.7208486602419287 0.1286268255002986 0.8226084580799331 0.16866281025607222 0.8431119615132937
2 0.6452030505019638 0.1325771151811378 0.6423368419709165 0.10140708407398831 0.5988989237354968 0.10540137369754721 0.601765132266544 0.1365714048046967
3 0.24635416586538475 0.9398148149038461 0.17812500000000012 0.9398148149038461 0.17812500000000012 1 0.24635416586538475 1
2 0.7051715686651583 0.12512390995475114 0.6981617647058823 0.0935797921380091 0.6614828429864251 0.10173066363122173 0.6684926469457012 0.13327478144796376
2 0.7406132082544825 0.17665755749478593 0.7219098765178273 0.17540510264713838 0.7184554810851497 0.22699075768956264 0.7371588128218048 0.2282432125372102
2 0.34785831766317316 0.07807791491116794 0.3103787025471875 0.05675618295547953 0.2928686189390298 0.08753563350135286 0.33034823405501546 0.10885736545704128
2 0.4398397846310828 0.14305320544012395 0.40039181450261185 0.11967662965007918 0.3829298843636234 0.1491436356262757 0.42237785449209436 0.17252021141632048
2 0.9503760283507293 0.4509583812592026 0.9009992368418156 0.4169208639463752 0.8786590474005855 0.44932883501462767 0.9280358389094991 0.48336635232745506
2 0.9714661035807389 0.5685245243048193 0.9116968011166178 0.5223260294147962 0.8846012012512074 0.5573809615648101 0.9443705037153284 0.6035794564548331