2 0.5718159368322933 0.364788565072609 0.5135685142489647 0.3389008198353364 0.4968159361507907 0.37659411783796154 0.5550633587341193 0.40248186307523415
2 0.7591558909814323 0.48869412504973486 0.7036673848309019 0.43937100847148547 0.6728627870855437 0.4740261809350133 0.7283512932360742 0.5233492975132628
2 0.8165027937233482 0.4587771279653492 0.7649729435587296 0.4207930628805964 0.7402725372432246 0.45430206813327784 0.7918023874078433 0.4922861332180306
2 0.8505341876288058 0.3862357545759606 0.8048076919876538 0.35575142561411854 0.7831730772419304 0.38820334929289213 0.8288995728830825 0.41868767825473413
2 0.9103561535132129 0.6155722958220325 0.8347188442197204 0.5471596050841584 0.803128655953134 0.5820858273214112 0.8787659652466264 0.6504985180592855
2 0.9869933608405653 0.13925145448701892 0.9351759811625675 0.13475780888250385 0.9320813780731012 0.17044247059202197 0.983898757751099 0.174936116196537
2 0.6421500416665192 0.140498244074954 0.6410744672165516 0.10601262169324298 0.5979748794270826 0.10735685770317713 0.5990504538770501 0.14184248008488815
2 0.6995164512038047 0.1365419096129516 0.6965213088599287 0.10193142501247579 0.6599363130595133 0.10509743876054212 0.6629314554033893 0.13970792336101792
3 0.44687555466109513 0.23384293188518962 0.34739063412786203 0.1719412198791281 0.3084948288719848 0.23445235195538056 0.4079797494052179 0.2963540639614421
2 0.27008327947968086 0.15836439082342865 0.24011796276221234 0.12853225289798018 0.22008112366356 0.1486585419057784 0.2500464403810285 0.1784906798312269
2 0.22432721340599945 0.7303351877233989 0.18276741059453075 0.7098799712234609 0.13302335994039746 0.8109472435368953 0.1745831627518662 0.8314024600368334
2 0.3117159084309604 0.8018408482704575 0.27419061615323115 0.7861606364120336 0.2304448520414915 0.8908513509908494 0.2679701443192208 0.9065315628492734
3 0.25561957836472526 0.9429172950643012 0.1995938517244291 0.9240086130504579 0.17394675961538464 1.0000000000000002 0.2299724862556808 1.0189086820138433