0 0.9661458341346154 0.09537037019230779 0.9479166658653846 0.09537037019230779 0.9479166658653846 0.12222222115384626 0.9661458341346154 0.12222222115384626
2 0.8885475848310496 0.4417834333624935 0.8181026723833841 0.3959656058045015 0.791998348489914 0.43610100525907963 0.8624432609375796 0.4819188328170716
0 0.18912801008186042 0.31546203225125863 0.18233371083117084 0.2757746806620723 0.17146563549262586 0.27763524714414595 0.17825993474331542 0.31732259873333224
2 0.4666437520841014 0.20187354300127794 0.45462715575135854 0.1438887140573424 0.4332061174625609 0.1483279436771037 0.44522271379530376 0.20631277262103923
2 1.0004499241621059 0.5425323027818523 0.9371869436168331 0.48874348527746325 0.909293952250606 0.5215494448062649 0.9725569327958787 0.5753382623106539
2 0.29814814903846154 0.2015624999999999 0.2566550925480769 0.16006944350961538 0.23232060096153845 0.18440393509615388 0.27381365745192315 0.22589699158653836
2 0.2454104033108928 0.16002009073288687 0.20715017279350728 0.12115255657087855 0.19088234845452037 0.13716619681447184 0.2291425789719059 0.17603373097648017
3 0.2516784128494275 0.21872458410488718 0.20468286205313085 0.13517694226151786 0.1742179771146624 0.15231344086327644 0.221213527910959 0.23586108270664574
3 0.23477348570950124 0.2625199628051315 0.19000663692986028 0.14882637914947242 0.13923274157694004 0.1688186005408012 0.183999590356581 0.2825121841964603
3 0.1757670763041624 0.16504703313520105 0.08221266270025678 0.08345661252023119 0.04024071449746943 0.13158310791428512 0.13379512810137506 0.213173528529255
2 0.81882403589069 0.5379626133843955 0.7586445899477827 0.48035493087466274 0.72765562877544 0.5127273234523848 0.7878350747183472 0.5703350059621177
2 0.9109912658041542 0.6202501278068173 0.8451286751352665 0.5480070967566084 0.8094275423353048 0.5805551371950733 0.8752901330041924 0.6527981682452823
2 0.8840513282558237 0.5090051392217175 0.8205188545989238 0.44955955236218365 0.7867241876277075 0.4856776042230538 0.8502566612846073 0.5451231910825877
2 1.0223873764339082 0.6950326252349749 0.9308051251812846 0.6472741775918162 0.9048341496384562 0.6970764748777447 0.9964164008910799 0.7448349225209033
3 0.07942808272501356 0.10264448722016913 0.032476234569360884 0.05642625954927626 0.0076172123066034535 0.08167986829624335 0.05456906046225612 0.12789809596713622
1 0.17605530234847513 0.09870752105625179 0.039817194398705194 -0.014978696581925122 -0.0030076590946983774 0.03634130626781488 0.13323044885507157 0.15002752390599178
2 0.43423523101022377 0.1042682453039534 0.4093546495889775 0.06740812326218827 0.3869559086361527 0.08252727282383944 0.4118364900573989 0.11938739486560457