2 0.9260491347707251 0.6330050514636056 0.8573067566990044 0.5809161095958608 0.8272912509266385 0.6205279191629809 0.8960336289983594 0.6726168610307256
3 0.3381025323729939 0.15773420378684044 0.2492634585019897 0.09004729361549198 0.20775222035311772 0.1445307963052857 0.296591294224122 0.21221770647663413
2 0.8269203516992363 0.559925028871458 0.7584258627205414 0.5048848458139111 0.7304637485364651 0.5396821632537847 0.79895823751516 0.5947223463113317
2 0.2167389177446348 0.12179820916685108 0.18906550934188762 0.08717797580099379 0.16561630848005693 0.10592190815147474 0.1932897168828041 0.14054214151733202
2 1.0262317328868873 0.7233136470678736 0.9484648626162172 0.6555982793761935 0.9164215337622063 0.692398041128598 0.9941884040328763 0.7601134088202781
3 0.8452266735345664 0.32347067241311706 0.7307863894240888 0.25194548040148346 0.6793760392251904 0.33420202411022504 0.7938163233356679 0.4057272161218587
3 1.0237534299411537 0.45447784838184613 0.8916666658653847 0.3907407403846154 0.8554929042564884 0.4657060983292369 0.9875796683322575 0.5294432063264675
2 0.5656374200347292 0.4601697121052414 0.5091995737177929 0.4167820546113449 0.4838909916029295 0.44970298075489523 0.5403288379198656 0.49309063824879173
2 0.5157986096754799 0.49062500681089755 0.46765046784855796 0.442476851095086 0.44021990745192363 0.4699074035790594 0.4883680492788455 0.518055559294871
1 0.4037626637732977 0.40508640915034777 0.2471188416623842 0.26408493844851416 0.19806448974950566 0.31858125778872914 0.3547083118604192 0.45958272849056286
2 0.38119022223662985 0.3008170814807453 0.3279616782801984 0.256522878355005 0.30309692875964206 0.28640296015856426 0.3563254727160735 0.3306971632843046
3 0.19926695810490822 0.2498109029805291 0.1415477195547922 0.19157167291192218 0.10982977622825267 0.22300642119116545 0.16754901477836867 0.2812456512597724
2 0.16512931105003187 0.17497764809938957 0.13501436674502276 0.14109833901388008 0.11367456855083245 0.16006705034374136 0.14378951285584157 0.19394635942925087
1 0.3307035474135451 0.27233226638629277 0.19197223821770742 0.1560221792094039 0.14792459154958418 0.20856093863764585 0.2866559007454218 0.3248710258145347
0 0.31562500000000004 0.4444444447115385 0.30052083413461544 0.4444444447115385 0.30052083413461544 0.47777777884615386 0.31562500000000004 0.47777777884615386
2 0.31422658698623324 0.8303859383008692 0.277397677531228 0.8153195661193953 0.23388182151731915 0.9216916576680134 0.2707107309723244 0.9367580298494874
2 0.410359034998092 0.14895081903453206 0.37085987109759583 0.11524486953413277 0.3501944177857841 0.13946220028850406 0.38969358168628015 0.17316814978890335
2 0.27693388418915565 0.2123199910063325 0.2501907918220064 0.19194431585791732 0.24617357349823538 0.19721691860158488 0.27291666586538466 0.21759259375000006
2 0.2222678132775947 0.7658655496264953 0.1819808319191033 0.7449208990834092 0.12937845592278807 0.8461014337892251 0.16966543728127947 0.8670460843323112
2 0.09274943324523255 0.17098437564710386 0.06541057230730019 0.13210244603538274 0.03900965829640303 0.15066559153731396 0.06634851923433539 0.18954752114903511
3 1.044191676638645 0.5577237700474512 0.9270806887106364 0.447620565343166 0.8684940502355072 0.50993609130475 0.9856050381635159 0.6200392960090352