2 0.9258905598814227 0.6278106649745788 0.8568894065879203 0.5735146768671064 0.8259295178343357 0.612859536483758 0.894930671127838 0.6671555245912304
3 0.33601919812855646 0.15495642904410406 0.24718013000035216 0.08726951348568693 0.2057326548778793 0.14166931935318197 0.2945717230060836 0.2093562349115991
2 0.8247496962518777 0.5526066815585965 0.7570049710549871 0.4982166599691754 0.7293003178317974 0.5327238005150651 0.7970450430286881 0.5871138221044861
2 0.21413475187925018 0.11716857935915878 0.18646134347650298 0.08254834599330153 0.1630121399755757 0.1012922804533234 0.1906855483783229 0.13591251381918065
2 1.0261381484988106 0.7181301167362031 0.9479440265102704 0.650042723409067 0.915900699506257 0.6868424846898665 0.994094821494797 0.7549298780170025
3 0.6907294341579274 0.2226847847410895 0.5906864966498752 0.1551558045204226 0.5422664400682569 0.22688922443735332 0.6423093775763091 0.2944182046580202
3 0.920772270048015 0.41476053807110963 0.8061925289742017 0.31291187550673266 0.7723994247915714 0.350929116281777 0.8869791658653848 0.45277777884615394
2 0.9772868227079251 0.9274553992892509 0.8960148021448728 0.8448933446691052 0.8581226750763797 0.8821934063555171 0.9393946956394321 0.964755460975663
1 0.6154114438185522 0.6244649484123633 0.4229166658653847 0.42777777884615387 0.363903355699486 0.48553321892757784 0.5563981336526536 0.6822203884937873
2 0.6564152298849242 0.5316283523262858 0.5906250000000001 0.4731481490384617 0.5582112079639052 0.5096136657364996 0.6240014378488292 0.5680938690243237
3 0.24904357508878788 0.46403662354262504 0.2450575413653105 0.3488845826573141 0.21567768222664102 0.3499015781740014 0.2196637159501184 0.46505361905931236
2 0.27559565191724067 0.2695564741887528 0.241090474463689 0.23426709056280576 0.2172834876563673 0.2575450348059862 0.251788665109919 0.2928344184319332
1 0.4603339093636075 0.3806577260079322 0.30266645314842144 0.24455163129654467 0.252198160727703 0.30301490072156245 0.4098656169428891 0.4391209954329499
0 0.4620816337688606 0.6476897969372744 0.45613489829094084 0.5990587415562791 0.4361885917229401 0.6014978292542967 0.4421353272008598 0.6501288846352918
2 0.31341168838513656 0.8252019826425836 0.27658278098935524 0.8101356113035195 0.23284015565193455 0.9170620278603211 0.2696690630477158 0.9321283991993852
2 0.4898510092958998 0.4024315752810884 0.4494291896938008 0.3471538776767976 0.42156727709376207 0.36752790289308657 0.4619890966958611 0.42280560049737737
2 0.22018448140036184 0.7612359220526905 0.17989749878718314 0.7402912692725944 0.12734161399910657 0.841382370610382 0.16762859661228527 0.8623270233904781
2 0.19759463398096427 0.25251538009433294 0.1594892145818841 0.2214665201146367 0.1369692913333358 0.24910460797944675 0.17507471073241598 0.280153467959143
3 0.9270478353050001 0.43026146466748183 0.7348024760125781 0.30522383140508497 0.6806636134262553 0.38846233183118606 0.8729089727186773 0.513499965093583
2 0.644840981730236 0.3369277474751296 0.5914744022253551 0.29698084363780697 0.5649626259361097 0.3323989281761569 0.6183292054409907 0.37234583201347954
2 0.09126004921467325 0.17135937452514435 0.059154859197239736 0.12760119089304317 0.036573366767746224 0.14416913419300853 0.06867855678517974 0.1879273178251097
2 0.8770276898212128 0.10171727769684025 0.8321972408960209 0.09856513920045458 0.8299521392504167 0.13049549846941688 0.8747825881756086 0.13364763696580256
3 0.24375000000000016 0.9629629639423077 0.1880208341346155 0.9629629639423077 0.1880208341346155 1 0.24375000000000016 1