2 0.19889108286061047 0.24528933429899463 0.16770982849026356 0.20436394046764358 0.1412544329982655 0.22452043351700773 0.1724356873686124 0.2654458273483588
3 0.5568169226932329 0.2031035440824323 0.4932858132669609 0.16799926988938638 0.4649062505729311 0.21936011253404983 0.528437359999203 0.25446438672709576
2 0.32840469177247356 0.827333399523918 0.2907281329741409 0.8100963735052477 0.24596806373394947 0.9079325883324961 0.2836446225322821 0.9251696143511665
2 0.2767686976451044 0.9368098501819795 0.2227672060384399 0.9154759378286322 0.18937500000000002 1.0000000000000002 0.2433764916066645 1.0213339123533474
0 0.5771460207399978 0.7742969664483211 0.5666407430819372 0.7369448646452715 0.5480585413948054 0.7421711083852011 0.5585638190528659 0.7795232101882507
2 0.013020834134615392 0.04560185096153846 5.584616081524273e-18 0.04560185096153846 8.008396253901116e-18 0.08518518509615383 0.013020834134615394 0.08518518509615383
2 0.29330148407953865 0.2604259711891882 0.2542475542044725 0.2188027065607141 0.2300486258463233 0.241507875402862 0.26910255572138947 0.2831311400313361
2 0.7268943128582392 0.17974111602411644 0.7185413208253917 0.14606812863809002 0.6770408847731226 0.1563628140406736 0.6853938768059702 0.1900358014267
2 0.28838240113875335 0.03370694402991658 0.25588305713457793 0.009916572659732354 0.2376852236169001 0.034776111101529485 0.2701845676210755 0.058566482471713706
3 0.5910545014029785 0.6187606635704934 0.4718848929591234 0.47128829941874645 0.4135595655846105 0.518419885499704 0.5327291740284656 0.6658922496514509
2 0.8271573697679308 0.5648144606655575 0.7669779178161955 0.5072067830865274 0.7359889616977863 0.5395791763878169 0.7961684136495214 0.597186853966847
2 0.9193245992465768 0.6489538313747839 0.8534620054506761 0.5767108015834832 0.8177608765157535 0.6092588406107586 0.8836234703116543 0.6815018704020593
2 1.0272807792881848 0.7239116897620677 0.9466604848311679 0.6641929508303667 0.9164715261878656 0.7049480434313218 0.9970918206448824 0.7646667823630227
3 0.3264967077200747 0.34503390270498036 0.2697944656532606 0.2886042723891846 0.23870327448460366 0.31984566521640817 0.2954055165514177 0.37627529553220396
1 0.7578801781540381 0.6548751311708384 0.5319251069374795 0.4350404590509316 0.4659673895256597 0.5028344998696629 0.6919224607422183 0.7226691719895697