2 0.9224765355369164 0.6143472033577974 0.8552282594084537 0.5631104215456353 0.8245571298421807 0.6033662791013688 0.8918054059706434 0.6546030609135307
3 0.33076474632558284 0.1485877817384885 0.24311460851967187 0.07933335519669156 0.20057606016842072 0.1331712080421023 0.28822619797433163 0.20242563458389923
2 0.823415949662417 0.5462771375122334 0.7571910912291498 0.48741060131377156 0.7275359202764877 0.5207726712601547 0.793760778709755 0.5796392074586165
2 0.20788475187925018 0.11068709858992803 0.1802113423041073 0.0760668637573698 0.15676213997557567 0.09481079728024647 0.18443554955071856 0.12943103211280468
2 1.0257906945938493 0.7042442276993304 0.9466723953986219 0.6362610952130558 0.9148707369890109 0.6732716452265317 0.9939890361842382 0.7412547777128062
3 1 0.10740740625000013 0.9572916658653846 0.10740740625000011 0.9572916658653846 0.18055555528846165 1 0.18055555528846165
2 0.31080752217512975 0.8196464281965318 0.2728834816586532 0.8041320478496308 0.22914085632123254 0.9110584644064321 0.267064896837709 0.9265728447533333
2 0.2201844815901257 0.7501248121256612 0.17989749930847074 0.7291801586940481 0.12721996180776676 0.8305052547077569 0.1675069440894217 0.8514499081393704
2 0.6457238844863104 0.13720674506282446 0.6428576761791711 0.1060367139103018 0.5994197580134375 0.11003100320960482 0.6022859663205767 0.1412010343621275
3 0.24843750000000012 0.9416666658653846 0.1811431634615386 0.9416666658653846 0.1811431634615386 1 0.24843750000000012 1
3 0.3431944447115385 3.73113311040249e-17 0.2661458341346154 3.259346438793591e-17 0.2661458341346154 0.06759259375000003 0.3431944447115385 0.06759259375000003
2 0.7161642170699362 0.1276579515347351 0.7091544122931194 0.09611383367876628 0.6718749986595024 0.10439814877545252 0.6788848034363191 0.13594226663142137
2 0.5065595837651843 0.15119813266138557 0.46544600121427576 0.12488544165045229 0.448243328801197 0.1517646191567542 0.4893569113521056 0.17807731016768746
2 0.30596093606665964 0.06721759190450304 0.2756681755433074 0.04504249966384152 0.258950053203718 0.06788064937420236 0.2892428137270702 0.09005574161486388
2 0.4369714326458973 0.1870316896349307 0.39724683739616834 0.15956777494942712 0.37799689906753275 0.18741143880594663 0.4177214943172617 0.2148753534914502
2 0.8731481234389566 0.4024197342340055 0.8160253186928815 0.35367493719482795 0.7913913640094943 0.38254285067432864 0.8485141687555694 0.4312876477135061
2 0.794296542303515 0.3877990167492099 0.7364445294170738 0.35017168843550184 0.7125697549658216 0.38687915136508555 0.7704217678522627 0.4245064796787936
2 1.0217966631529924 0.5576235743929343 0.9551653045286256 0.5106497409447838 0.9285364233994359 0.5484222282646267 0.9951677820238027 0.5953960617127771