2 0.9404095613255952 0.4820935033380831 0.8679366885541093 0.4284098918129683 0.8376001073818418 0.46936427482036025 0.9100729801533276 0.523047886345475
0 0.18964884456150494 0.3145361065276581 0.18285454087104863 0.27484875517208185 0.1719864687836678 0.27670932232431794 0.1787807724741241 0.31639667367989416
2 0.21979166586538476 0.9629629639423077 0.1759803918269232 0.9629629639423077 0.1759803918269232 1 0.21979166586538476 1
2 0.17358791931242698 0.8302160074962615 0.1257914253788959 0.8057471566883101 0.055495964992276006 0.9430595532652686 0.10329245892580709 0.96752840407322
2 0.45709559026572805 0.29739269172040034 0.4290598546624791 0.28930546079884734 0.41175209047812633 0.3493057136990964 0.43978782608137534 0.3573929446206494
2 0.29713796792146013 0.20132534235766078 0.2562074411775017 0.15974512642647587 0.232070223595772 0.1835052009626155 0.2730007503397304 0.22508541689380035
2 0.24480882527171294 0.1585221481248778 0.20648873823903222 0.11972305861860681 0.18887001597669784 0.13712426516981105 0.22719010300937856 0.17592335467608206
3 0.25098167430233553 0.214583504854545 0.2022044455193709 0.13406236297911653 0.17178171831370148 0.1524915145106287 0.22055894709666615 0.23301265638605717
3 0.2337928737067534 0.2624056822752149 0.18891542330833408 0.14989241730257127 0.1384089423675728 0.17003761612662835 0.18328639276599215 0.28255088109927196
3 0.174032370640802 0.16666631449177416 0.08380371739196842 0.08029358540901625 0.04139402920023713 0.12459656264360675 0.1316226824490707 0.21096929172636464
2 0.818824036536401 0.5351848261339923 0.7597030656154858 0.478590405348653 0.7287141131855677 0.5109628005433648 0.7878350841064828 0.5675572213287041
2 0.911512098626026 0.6156204991959284 0.8456495068660355 0.5433774669489163 0.8099483753788176 0.575925506190578 0.8758109671388081 0.6481685384375901
2 0.8877953291635935 0.5030450336831227 0.8216230437453748 0.4472121893356714 0.7884932387846159 0.48647715846514283 0.8546655242028346 0.5423100028125941
2 1.023917932151197 0.6958738240519433 0.9338228380012735 0.6386705811848454 0.9059901916576414 0.6825069926728623 0.996085285807565 0.7397102355399602
3 0.07890725335454116 0.1054222579161696 0.03195539769405774 0.05920403785641229 0.007096376583922388 0.08445765362774439 0.054048232244405796 0.13067587368750172
1 0.12039343733829734 0.05258445636720247 0.02156245448607652 -0.026833282001466882 -0.01913136573551706 0.02380792651345974 0.07969961711670377 0.1032256648821291
3 0.46029769509337054 0.16096823286089587 0.43007704865786345 0.07597261082151152 0.38096435694511344 0.09343489012643075 0.41118500338062053 0.17843051216581507
2 0.30666720680952164 0.5972828337102415 0.2673054137800659 0.5783048242712586 0.22707335978692395 0.6617490752354845 0.26643515281637964 0.6807270846744674