3 1.0266706951772735 0.43591881418680944 0.8905678379220844 0.35936091281277416 0.8367643493894332 0.45501150391001377 0.9728672066446223 0.5315694052840491
1 0.0171875 1.0524308430172568e-18 0 0 2.6080441801660532e-18 0.042592593750000005 0.017187500000000005 0.042592593750000005
2 0.274669776841484 0.6612377419697376 0.23943030757670533 0.6418119854958556 0.19688851182585723 0.7189853149281541 0.23212798109063593 0.7384110714020361
1 0.24253851746134572 0.24259577263858298 0.1160823638712795 0.11740417999347806 0.07048165886465299 0.16346549796456739 0.1969378124547192 0.28865709060967226
2 0.6793806522133198 0.17492754022770102 0.6678211020042524 0.14079073818267407 0.6264933564595393 0.1547853164979343 0.6380529066686065 0.18892211854296123
2 0.8311651085445101 0.5499329300661422 0.7632044998066939 0.49623564992905916 0.734878828199945 0.5320853220239539 0.8028394369377612 0.585782602161037
0 0.16929751582321376 0.30018975163545925 0.16438495065676864 0.26525594280382186 0.15148893340844544 0.2670694446016165 0.15640149857489055 0.3020032534332539
2 0.16773335012852345 0.8655657303995725 0.12398593447318242 0.8436261387979769 0.061040962442581566 0.9691380400603615 0.10478837809792257 0.9910776316619573
2 0.4565315731814768 0.5027490554149961 0.4242069845232053 0.4789385321804334 0.3726384879554818 0.5489466719787843 0.4049630766137533 0.572757195213347
2 0.2740215909759073 0.24381790941522308 0.23027803906695532 0.20752696663433087 0.2066785292890327 0.23597280743899343 0.25042208119798465 0.27226375021988564
0 0.5265559412419811 0.05265416598909349 0.5187201438777277 0.02788917663966148 0.5043099271373823 0.0324486592527606 0.5121457245016359 0.057213648602192614
2 0.2959809635280614 0.2202557910478536 0.2569517852361364 0.18060710389557688 0.23433554206642399 0.2028699693360925 0.2733647203583491 0.2425186564883692
0 0.6253600693113571 0.8208085371636631 0.6042709669674253 0.7770681815532527 0.5867030499526271 0.7855384281876124 0.607792152296559 0.8292787837980229
2 0.9767032421168759 0.6675602815513322 0.9051981637723241 0.6081008620619449 0.8718293859972357 0.6482296942900414 0.9433344643417875 0.7076891137794288