3 0.32939218319028807 0.8632946730391274 0.2813573905002389 0.8419458757748023 0.22070446763996598 0.9784149489299098 0.26873926033001516 0.9997637461942349
2 0.43905512255172224 0.7053803867705501 0.40489765402454564 0.680219751113333 0.35537603901674575 0.7474490941668607 0.38953350754392235 0.7726097298240778
2 0.23994275583921737 0.7758413250452875 0.20317791334533977 0.7562307675751038 0.15738335554248947 0.8420839977679933 0.19414819803636707 0.861694555238177
1 0.25532187057801 0.2739692537023408 0.1296972015288987 0.14904561302749678 0.0846721105921616 0.1943233692414392 0.21029677964127289 0.3192470099162833
3 0.8013112050462896 0.5427960607367729 0.7275252557893753 0.47375657339657606 0.6896217394645547 0.514265954910675 0.763407688721469 0.5833054422508718
2 0.7189908750674692 0.19917260323611513 0.7127189274838918 0.16477489649550778 0.6713047041783086 0.17232620913811939 0.6775766517618861 0.2067239158787267
2 0.29336937590799583 0.5150848409291883 0.26099351897074985 0.48801381142644024 0.20541433271980744 0.554484271390528 0.23779018965705342 0.5815553008932761
2 0.46736405418215726 0.40547505350086965 0.4603290379850348 0.3627373317471092 0.40090083664839204 0.372519752096466 0.4079358528455145 0.4152574738502265
2 0.6197014135026961 0.4109749236087857 0.560566359870148 0.38045360418485347 0.5430247420869685 0.4144404870584885 0.6021597957195165 0.4449618064824207
2 0.2622990823474434 0.8439597451267109 0.2232689656170056 0.8261871033331836 0.16310448078057832 0.9583130356212931 0.20213459751101615 0.9760856774148204
3 0.9566512818330307 0.6675559514613248 0.8724092862110292 0.5991856375213833 0.8342935464801555 0.6461496749010885 0.9185355421021572 0.7145199888410302
2 0.049881943560622664 0.07507407267637366 0.02024999957087914 0.03556481565151101 -0.001083333587362597 0.051564816179532964 0.028548610402380933 0.09107407320439562