3 0.9591743489090582 0.4767935259145509 0.892684548186933 0.3229662770824759 0.8046661836426792 0.3610110549932053 0.8711559843648042 0.5148383038252803
1 0.1616475077042147 0.10258755218420094 0.03948457741721526 0.005875233658426116 0.0009679246644886269 0.05452784830819172 0.1231308549514881 0.15124016683396657
2 0.4704244748910317 0.2975298478582999 0.4442687033267706 0.28807173387132434 0.42569434896229663 0.3394378487627112 0.45185012052655765 0.3488959627496867
1 0.24136530759881641 0.2374256145880366 0.11451986266941713 0.11184862351517275 0.06891915766279062 0.15790994148626206 0.19576460259218992 0.2834869325591259
2 1.0297007245715302 0.7062157391560586 0.9492963018013849 0.6482666017276036 0.9177334105681475 0.6920601103660806 0.9981378333382926 0.7500092477945356
2 0.5770338804990479 0.22508792900865668 0.5509211250155981 0.21039949557512502 0.5227760215969414 0.26043520611931464 0.5488887770803912 0.2751236395528463
2 0.8304296685896495 0.5427331611369459 0.7603733288421056 0.4910927148083888 0.7328253660336326 0.5284647667380765 0.8028817057811766 0.5801052130666338
0 0.18075585028931468 0.30759716024269035 0.17584328512286954 0.2726633514110529 0.16294726787454633 0.27447685320884757 0.16785983304099147 0.30941066204048495
2 0.31461424281354045 0.5980931968681957 0.277818990125848 0.577395867650343 0.22913575713640283 0.6639438391613398 0.26593100982409523 0.6846411683791925
2 0.7637032327680207 0.203554760984503 0.7427246257470249 0.17648310204713413 0.7033216615745652 0.20701759211103532 0.7243002685955608 0.23408925104840422
3 0.125 1.1321604572431832e-17 0.05989583413461538 7.335124155521751e-18 0.05989583413461538 0.03981481490384616 0.125 0.03981481490384617
2 0.2735007582651308 0.23826235530802037 0.22975720493233995 0.20197141134586932 0.20615769613442458 0.23041725096927307 0.24990124946721542 0.26670819493142406
2 0.2145833341346154 1 0.2142471103981678 0.9922458357682876 0.19297308845984013 0.9931682860713286 0.1933093121962877 1.0009224503030412
2 0.3000222351308984 0.21606820788439732 0.25793334673662177 0.18043740152411797 0.23675517537293353 0.20545411548529338 0.2788440637672101 0.24108492184557273
2 0.9329990379984954 0.6254633984097817 0.8640444384966817 0.5682566205460917 0.8314358603028045 0.6075616038653769 0.9003904598046181 0.6647683817290668