2 0.8902522977062025 0.44567373309361985 0.819929957853607 0.3995247156319417 0.792798988642583 0.44086716109076984 0.8631213284951785 0.48701617855244794
0 0.18912801008186042 0.31546203225125863 0.18233371083117084 0.2757746806620723 0.17146563549262586 0.27763524714414595 0.17825993474331542 0.31732259873333224
2 0.6865677970756077 0.7278959989456724 0.6114564216998315 0.6770269272743931 0.5791524240159327 0.7247258063074747 0.6542637993917089 0.7755948779787543
2 0.46463097762864 0.3223478297622699 0.4334459462820588 0.30831456438406185 0.4033318161473064 0.37523484750545155 0.4345168474938876 0.38926811288365964
2 0.28976733707326857 0.02572544892969123 0.2606663563582987 -0.004226442242828934 0.2381123681969436 0.01768680426133258 0.26721334891191345 0.04763869543385275
2 1 0.5407407403846155 0.9708333341346154 0.5407407403846155 0.9708333341346154 0.5938997812500001 1 0.5938997812500001
2 0.29663087223344053 0.20522785074380473 0.25629865842724464 0.16201476844055046 0.23166938840729354 0.18500208920985348 0.2720016022134894 0.22821517151310777
2 0.243847898911375 0.16372380610831108 0.2055876788956605 0.12485625738813658 0.1893198567831259 0.14086988504660042 0.22758007679884046 0.17973743376677492
3 0.2506367469840429 0.22057643506642555 0.2035160115532314 0.13680624277239622 0.17305112478869591 0.1539427424013176 0.22017186021950744 0.23771293469534693
3 0.23373181902465134 0.2652977395701037 0.18935052754513032 0.15258334905289864 0.13857663011102836 0.1725755712636927 0.1829579215905494 0.2852899617808978
3 0.17455320206610175 0.16944408996490312 0.08432454896233708 0.0830713662459074 0.04191486308663862 0.12737434374106377 0.1321435161904033 0.21374706746005948
2 0.8188240377371786 0.5416663080526851 0.7586445824885667 0.4840586375438844 0.7276556288578706 0.5164310339929801 0.7878350841064825 0.574038704501781
2 0.9104704328663421 0.6221019800810995 0.844607841000651 0.5498589477181471 0.8089067082006896 0.5824069881566121 0.8747693000663808 0.6546500205195643
2 0.884149493137812 0.5067487489498871 0.8179772190932952 0.45091589004055227 0.7848474046913392 0.4901808533699455 0.8510196787358559 0.5460137122792803
2 1.0223873754483594 0.6959585526056448 0.9308051251812842 0.6482001054764317 0.9048341506240044 0.6980024008724596 0.9964164008910795 0.7457608480016726
3 0.07942808392678759 0.10634819032624236 0.0324762357711349 0.06012996265534957 0.007617212306603436 0.08538357262316645 0.05456906046225613 0.13160180029405927
1 0.16243503595087727 0.09030852415422294 0.025661238007726055 -0.01696504012963399 -0.013271290840485605 0.032673935415271374 0.12350250710266562 0.13994749969912829
2 0.475 0.19537037019230777 0.453125 0.19537037019230777 0.453125 0.25277777884615393 0.475 0.25277777884615393