0 0.9901041658653846 0.09722222115384628 0.971875 0.09722222115384627 0.971875 0.12407407451923089 0.9901041658653846 0.1240740745192309
2 0.8885951112979112 0.4419820465723864 0.8182727729111503 0.39583301961305584 0.7917772307088268 0.43620718581453377 0.8620995690955878 0.4823562127738643
0 0.18912801008186042 0.31546203225125863 0.18233371083117084 0.2757746806620723 0.17146563549262586 0.27763524714414595 0.17825993474331542 0.31732259873333224
2 0.9330980923629943 0.9859617387141449 0.8556432233218255 0.900913256710389 0.8115415836035259 0.9410772508041443 0.8889964526446948 1.0261257328079003
2 0.4695665711965732 0.23105785403268236 0.4652088366983368 0.16908127053314417 0.4424696942218325 0.17068011867924945 0.446827428720069 0.23265670217878764
2 1.006699924162106 0.5471619325895445 0.943436943616833 0.4933731150851554 0.915543952250606 0.5261790746139571 0.9788069327958789 0.5799678921183462
2 0.29814814903846154 0.2015624999999999 0.2566550925480769 0.16006944350961538 0.23232060096153845 0.18440393509615388 0.27381365745192315 0.22589699158653836
2 0.245410398911375 0.1609460272621572 0.2071501800974345 0.12207847976283329 0.19088235798489997 0.1380921074212971 0.22914257679884048 0.17695965492062105
3 0.2511575894290875 0.2187245736631772 0.20416202096004452 0.13517694458543134 0.1736971437664436 0.15231344789326984 0.2206927122354866 0.23586107697101572
3 0.23425265157488584 0.2625199628051315 0.18948580311790936 0.14882637996893772 0.13871190776498912 0.1688186013602665 0.18347875622196563 0.2825121841964603
3 0.1757670763041624 0.16504703313520105 0.08221266270025678 0.08345661252023119 0.04024071449746943 0.13158310791428512 0.13379512810137506 0.213173528529255
2 0.81882403589069 0.5379626133843955 0.7586445899477827 0.48035493087466274 0.72765562877544 0.5127273234523848 0.7878350747183472 0.5703350059621177
2 0.9109912658041542 0.6202501278068173 0.8451286751352665 0.5480070967566084 0.8094275423353048 0.5805551371950733 0.8752901330041924 0.6527981682452823
2 0.8840513282558237 0.5090051392217175 0.8205188545989238 0.44955955236218365 0.7867241876277075 0.4856776042230538 0.8502566612846073 0.5451231910825877
2 1.0223873764339082 0.6950326252349749 0.9308051251812846 0.6472741775918162 0.9048341496384562 0.6970764748777447 0.9964164008910799 0.7448349225209033
3 0.07942808272501356 0.10264448722016913 0.032476234569360884 0.05642625954927626 0.0076172123066034535 0.08167986829624335 0.05456906046225612 0.12789809596713622
1 0.17495910988425928 0.09853540195371716 0.03323051122998402 -0.016550040404940045 -0.008011707772651394 0.034240066361300635 0.13371689088162383 0.14932550871995784
2 0.4481362802004594 0.12534704487726556 0.4241314600934807 0.08741350176419732 0.40232859860664305 0.10121062496592133 0.42633341871362174 0.13914416807898958