2 0.9221061963880365 0.6268835448640518 0.8529560458011682 0.5696558309975871 0.8215673528891057 0.6075838329209005 0.8907175034759738 0.6648115467873651
3 0.33180641219096757 0.1550692625077193 0.24415627438505666 0.08581483596592229 0.20161772486447646 0.13965269029126506 0.28926786267038734 0.20890711683306204
2 0.8219128936186634 0.551445157490419 0.7534172541609969 0.49376463476265153 0.7249401565477029 0.5275811974198057 0.7934357960053694 0.5852617201475732
2 0.2099680860138656 0.1171685793591588 0.18229467761111845 0.08254834599330153 0.15884547411019106 0.1012922804533234 0.18651888251293824 0.13591251381918068
2 1.0247106856524166 0.7165780075267068 0.9430060515577214 0.6464560257738209 0.9112261549041768 0.6834852819747586 0.992930788998872 0.7536072637276446
3 0.2875 3.160481718330987e-17 0.2286458341346154 2.800103889113334e-17 0.2286458341346154 0.033333334134615415 0.2875 0.033333334134615415
3 0.7514635745920503 0.14589797313121292 0.7184237429173742 0.1397030044990209 0.6945643341907087 0.2669531804062696 0.7276041658653848 0.27314814903846163
2 0.7494801587941501 0.7064804882432577 0.6913152939628069 0.6484328909211879 0.6597286365713735 0.680083359543567 0.7178935014027167 0.7381309568656369
1 1.062548698105061 0.9309479906526481 0.8505208341346152 0.7388888894230768 0.779268335236454 0.8175496508616895 0.9912961992068998 1.0096087520912607
2 0.3097658563097452 0.8261279089657627 0.27184181373404476 0.8106135277764518 0.22809918755421418 0.9175399463924774 0.26602323012991463 0.9330543275817882
2 0.21653864796698408 0.7630877750841504 0.1762516675777013 0.7421431226363556 0.12357412956552355 0.8434682196338833 0.1638611099548063 0.8644128720816779
2 0.6618588202073792 0.7134590064732921 0.6038847123828727 0.6550554621343951 0.5714936178823492 0.6872083875498564 0.6294677257068557 0.7456119318887532
3 0.4008536256127292 0.07390236872099201 0.27581425201663706 0.011341083724690849 0.2416533655739541 0.07961742815292405 0.36669273917004624 0.1421787131492252
2 0.2099224723686461 0.5376915649105929 0.17684148434119548 0.5247605421792048 0.13869789784497255 0.622341959706426 0.17177888587242318 0.6352729824378142
2 0.6493697186209257 0.14183637487051684 0.6464278156636014 0.10984316397963764 0.6029898974978678 0.11383745327894065 0.6059318004551921 0.14583066416981985
3 0.24687500000000015 0.9481481490384615 0.18291933653846165 0.9481481490384615 0.18291933653846165 1 0.24687500000000015 1
2 0.29590736178489657 0.28849242899288796 0.251636133175209 0.2432150391837116 0.22649780692685473 0.2677947376357688 0.2707690355365423 0.31307212744494517
3 0.8526559175609815 0.33770062292446623 0.7309382489774175 0.26313484263872433 0.6831029324842371 0.3412189608118986 0.8048206010678011 0.4157847410976405
2 0.2461935856852063 0.06666643384295846 0.2134941277947757 0.0430501547696462 0.19654644237535018 0.06651617682978629 0.22924590026578076 0.09013245590309855
2 0.7541255196265317 0.37984491008791976 0.7009553452859085 0.3439550437883782 0.6774433772313753 0.37878759039406634 0.7306135515719986 0.4146774566936079
2 0.9328125 0.10370370432692318 0.8989583341346153 0.10370370432692318 0.8989583341346153 0.1370370360576924 0.9328125 0.1370370360576924