0 0.6718476810146086 0.08265028404643246 0.6536406130943704 0.0806019858329628 0.6501692428328933 0.111458564094556 0.6683763107531315 0.11350686230802567
2 0.8885951146644478 0.4540190929886518 0.8190615577495076 0.40838768404052683 0.7924092267753682 0.44900074893214453 0.8619427836903084 0.49463215788026954
2 0.002083334134615391 0.04907407451923077 6.009840828109465e-18 0.04907407451923077 6.8035932958868236e-18 0.06203703605769231 0.002083334134615392 0.06203703605769231
0 0.19485717816879655 0.32657314229555745 0.18806287570666538 0.28688579363519895 0.17719480346250974 0.28874636060426034 0.18398910592464085 0.3284337092646189
3 1 0.4879629639423078 0.9708333341346154 0.4879629639423078 0.9708333341346154 0.5456104254807694 1 0.5456104254807694
2 0.989486644703876 0.5425908963255653 0.929092008367878 0.4912408746819896 0.899212341961091 0.5263834418848721 0.9596069782970892 0.5777334635284478
2 0.30264816914389403 0.21454963390803408 0.2606476477638714 0.17306763588785892 0.23647255824316277 0.1975449130861426 0.2784730796231854 0.23902691110631777
2 0.24980603316743638 0.16788314329215448 0.21109554720696502 0.13347381912981351 0.19500359366569867 0.15157726512302216 0.23371407962617005 0.18598658928536313
3 0.2555015154067127 0.23332834260692084 0.2138213091057077 0.14765237033565998 0.1805156648450565 0.1638551175817216 0.22219587114606146 0.2495310898529825
3 0.23903554317420087 0.27437735671149016 0.19426886987125214 0.16295806911226832 0.1439153779788706 0.18318938067223078 0.18868205128181928 0.29460866827145266
3 0.17927482639097997 0.1778776171094301 0.08712948125296302 0.09282037796005459 0.04537406917325012 0.13805540905139135 0.13751941431126705 0.22311264820076684
2 0.8224698700253055 0.5527774282882417 0.7622904228280141 0.4951697445777314 0.7313014616556717 0.5275421371554536 0.7914809088529631 0.5851498208659639
2 0.9156787658041542 0.6350649427106637 0.8498161751352662 0.5628219116604547 0.8141150423353047 0.5953699520989196 0.8799776330041927 0.6676129831491285
2 0.887868418379634 0.5192673700989999 0.8216502763261684 0.46350470976705627 0.7901477835317953 0.5009139103051642 0.8563659255852609 0.5566765706371078
2 1.0238732659950622 0.7067087246639289 0.936534291046669 0.6611630670148932 0.9105633155038408 0.710965364300822 0.9979022904522341 0.7565110219498575
3 0.08482763845492948 0.11699421189374742 0.03849910933879396 0.06993031156226565 0.014031243626468161 0.0940158680307958 0.060359772742603665 0.1410797683622776
1 0.1962737230148538 0.12136436547810209 0.058247204875648266 0.011193535837649059 0.02134848186079444 0.05742176410954702 0.159375 0.16759259375000005