2 0.8892106330400028 0.4428959753809793 0.8188882995567173 0.39674693167122554 0.7920020360405976 0.4377164651027591 0.8623243695238832 0.48386550881251283
0 0.18912801008186042 0.31546203225125863 0.18233371083117084 0.2757746806620723 0.17146563549262586 0.27763524714414595 0.17825993474331542 0.31732259873333224
2 0.8013993197935844 0.8431688143593618 0.7242428801683206 0.7642588155632966 0.6824368324369557 0.8051358380822322 0.7595932720622195 0.8840458368782974
2 0.47541424823502915 0.24167740718198885 0.44894191183044924 0.23572113237458164 0.4338891801359817 0.30262217205265 0.46036151654056157 0.3085784468600572
2 1.0220454301960484 0.5583814611570077 0.9603229868094156 0.5097750418974134 0.9328180237982926 0.5447019825806726 0.9945404671849255 0.5933084018402669
2 0.29838012065724706 0.20258040405193586 0.25533282023608567 0.1613727266289202 0.23156631617910392 0.1862002321832667 0.2746136166002653 0.22740790960628238
2 0.24541039770960096 0.16187195392592205 0.20715017889566045 0.12300440642659811 0.1908823579849 0.13901803290206632 0.2291425767988405 0.17788558040139024
3 0.250636746984043 0.2196505095856563 0.20364119618774618 0.1361028677422871 0.17317630942321072 0.15323936737120852 0.2201718602195075 0.23678700921457768
3 0.23425265054996539 0.26344588898908017 0.18987135990989207 0.150731495726741 0.13909746448618096 0.17072371628089567 0.18347875512625428 0.28343810954323484
3 0.17455320300050628 0.1685181621634722 0.08432454748577167 0.08214544158959401 0.04191486282758577 0.12644842060990816 0.13214351834232035 0.21282114118378637
2 0.8188240365364009 0.5398144559416846 0.7586445812877888 0.4822067854328841 0.7276556288578706 0.5145791806275959 0.7878350841064827 0.5721868511363964
2 0.9104704328663421 0.62117605460033 0.844607841000651 0.5489330222373778 0.8089067082006896 0.5814810626758427 0.8747693000663807 0.6537240950387949
2 0.8846703272724277 0.5058228234691167 0.8184980532279097 0.4499899645597832 0.7853682388259545 0.4892549278891769 0.8515405128704725 0.5450877867985104
2 1.0223873754483594 0.6959585526056448 0.9308051251812842 0.6482001054764317 0.9048341506240044 0.6980024008724596 0.9964164008910795 0.7457608480016726
3 0.07942808388353632 0.10449633125240439 0.032476230645677145 0.058278113577417086 0.007617210718537779 0.08353172814697513 0.05456906395639695 0.12974994582196242
1 0.16610688735552825 0.09123372110712623 0.030913075691031633 -0.01809136569640907 -0.010215053553153781 0.03276858531505148 0.12497875811134285 0.14209367211858678
2 0.46657756696996605 0.1874877717522523 0.45774109217947095 0.14035988988944886 0.43660901583354994 0.1443221528327561 0.44544549062404504 0.19145003469555957