2 0.9612612313970044 0.49402266479151863 0.8847542859597101 0.4442620460918935 0.8552746690132792 0.4895869537030183 0.9317816144505735 0.5393475724026435
0 0.18964884456150494 0.3145361065276581 0.18285454087104863 0.27484875517208185 0.1719864687836678 0.27670932232431794 0.1787807724741241 0.31639667367989416
2 0.1470550532143769 0.8783693032787673 0.09771159480374128 0.8531259768152748 0.027181966318487467 0.9909911585262834 0.07652542472912309 1.0162344849897758
2 0.45515101501189303 0.33190179228752853 0.4252495835552389 0.31780973098842635 0.39723430541022015 0.3772543290080041 0.4271357368668743 0.3913463903071063
2 0.2966171374074965 0.2013253305099181 0.25568659908460895 0.15974513023154066 0.23154939014703702 0.18350521192457148 0.2724799284699246 0.22508541220294892
2 0.2417821089866297 0.162280453071736 0.20783359267767 0.1202691540038081 0.1897984381757018 0.1348430127115501 0.2237469544846615 0.17685431177947802
3 0.2509816720488516 0.2164353620350599 0.2022044487500276 0.13591421313241134 0.1717817181185387 0.15434336305880164 0.22055894141736265 0.2348645119614502
3 0.2337928737067534 0.2624056822752149 0.18916256271340065 0.15051202606199435 0.13865608177263938 0.17065722488605142 0.18328639276599215 0.28255088109927196
3 0.174032370640802 0.16666631449177416 0.08380371739196842 0.08029358540901625 0.04139402920023713 0.12459656264360675 0.1316226824490707 0.21096929172636464
2 0.818824036536401 0.5351848261339923 0.7597030656154858 0.478590405348653 0.7287141131855677 0.5109628005433648 0.7878350841064828 0.5675572213287041
2 0.911512098626026 0.6156204991959284 0.8456495068660355 0.5433774669489163 0.8099483753788176 0.575925506190578 0.8758109671388081 0.6481685384375901
2 0.8883161600028567 0.5039709713227962 0.8221438847735568 0.44813811141380266 0.7890140703716017 0.48740307474319633 0.8551863456009017 0.5432359346521899
2 1.023917932151197 0.6958738240519433 0.9338228380012735 0.6386705811848454 0.9054814222433183 0.683308304381545 0.9955765163932419 0.740511547248643
3 0.07838641804301377 0.10542226495546175 0.031434568766256735 0.0592040359429079 0.0065755452455763955 0.08445764583768149 0.05352739452233343 0.13067587485023535
1 0.11583612375514779 0.04871873181105812 0.021661848354918873 -0.02695698217160497 -0.01940989616281378 0.024154551183295566 0.07476437923741514 0.09983026516595864
3 0.4683901291865426 0.18452702560895082 0.44116488624647815 0.09652622465568637 0.3949145539214124 0.11083491866720285 0.42213979686147685 0.19883571962046734
2 0.28569794620136385 0.6346851245287513 0.24692445157322582 0.6128750413500702 0.19878215397447896 0.6984613778183257 0.23755564860261702 0.7202714609970068