3 1 0.9120370360576923 0.9333333341346154 0.9120370360576923 0.9333333341346154 1 1 1
2 0.7036164508069518 0.781776289731169 0.633162035778835 0.7164272658670024 0.599400917735556 0.7528259705726547 0.6698553327636728 0.8181749944368212
2 0.49840331021945816 0.6549635903932471 0.47323238296971737 0.6065882113518065 0.4053374242439396 0.6419156671893457 0.43050835149368044 0.6902910462307863
2 0.22361368564145664 0.7515386313816159 0.18325760329159857 0.7288383349506847 0.12826409470399472 0.8266045719697281 0.1686201770538528 0.8493048684006593
2 0.13739129242869805 0.9007362694918968 0.09450971034007748 0.8794347032133845 0.04147701365226751 0.9861933286902927 0.08435859574088808 1.0074948949688052
2 0.1647316798495373 0.6353576585440364 0.127769569840784 0.6113402527375575 0.06318552536713369 0.7107332752762923 0.10014763537588699 0.7347506810827711
2 0.3417113765007143 0.4357704553307971 0.3120174219261166 0.3943013104981976 0.24136676100517554 0.44489067096175217 0.2710607155797733 0.48635981579435167
3 1.0590430412952394 0.6580575610852262 0.7851658937935823 0.45568651793204545 0.711511430527702 0.5553661657004065 0.9853885780293592 0.7577372088535873
2 0.8051705810680859 0.47586884681998415 0.7927692434206558 0.4369209014304374 0.744552238544759 0.4522735818307304 0.7569535761921892 0.4912215272202772
2 0.8520490426160237 0.4043080292742394 0.8063048840545759 0.37214416623938185 0.7830005488405601 0.40528810806141186 0.828744707402008 0.43745197109626943
2 0.6437203550493732 0.1557671712863731 0.6374223743786399 0.12388364536707554 0.5932029598281404 0.13261834487349464 0.5995009404988736 0.16450187079279216
2 0.7020271534749541 0.15037149175238573 0.6933817377119914 0.11876168884935111 0.6564645211461759 0.12885870486055095 0.6651099369091387 0.16046850776358557
2 0.7725841800270781 0.20187743029407296 0.7579655880180962 0.17421838833978553 0.7238037841720301 0.19227387534985158 0.7384223761810118 0.21993291730413903
3 0.9578515629133276 0.19027136308268416 0.9562659367386916 0.11624240683570138 0.8593810768978986 0.11831758359730472 0.8609667030725345 0.1923465398442875