2 0.9288326460759022 0.6304333405770615 0.8590648914130615 0.5772769560720398 0.8275010474664773 0.6187045012519317 0.897268802129318 0.6718608857569532
3 0.34193966223227734 0.1510016473669122 0.253100588361273 0.08331473719556372 0.21095169817698126 0.13863515822208225 0.29979077204798554 0.20632206839343079
2 0.8276712459707383 0.5564831337769178 0.7611663126033759 0.5008450217704268 0.7337175994503853 0.5336548129985424 0.8002225328177477 0.5892929250050334
2 0.16710799481365662 0.07081850851084771 0.1422102892641233 0.0371789355483159 0.11879695276084709 0.05450788199005568 0.14369465831038042 0.0881474549525875
2 1.0248857066785027 0.7198344181654244 0.9507767810382591 0.6524959395542798 0.9179747563168916 0.6885959949915722 0.9920836819571353 0.7559344736027167
3 0.9820556622173519 0.41726673817023924 0.8541997981740901 0.3377773960115069 0.7998519361323932 0.4251940568057212 0.9277078001756549 0.5046833989644535
3 1 0.4583333341346155 0.9635416658653846 0.4583333341346155 0.9635416658653846 0.5560185192307694 1 0.5560185192307694
2 0.29817326356190843 0.23013838363963457 0.2593027774861622 0.19005319855316902 0.23519219632500474 0.21343315818866426 0.27406268240075093 0.2535183432751298
2 0.26821527798919403 0.25715740713997254 0.2348819433600733 0.21271296279931326 0.20743749948571433 0.23329629655329673 0.2407708341148351 0.277740740893956
1 0.23957920981030773 0.2469177984161883 0.11312642710509514 0.12337676554570318 0.06900262968917663 0.16854052075417178 0.19545541239438918 0.2920815536246569
2 0.08035748077834441 0.041452220331513405 0.0446763913716985 -0.0006960649089991671 0.020515291683204505 0.019757776883819522 0.056196381089850415 0.0619060621243321
3 0.10314190650229094 0.16447149251748988 0.06205069088812524 0.09872555132785957 0.02788506424651373 0.12007906921080035 0.06897627986067942 0.18582501040043065
2 0.08489583413461539 0.12222222115384616 0.08421309830355847 0.07852719729004184 0.06164916158183141 0.07887975936067125 0.062331897412888346 0.12257478322447558
1 0.22781455826514402 0.174413354185524 0.10219417411914312 0.06976958175102957 0.06638086894175044 0.11276192662982558 0.19200125308775134 0.21740569906432006
2 0.7738972718984924 0.8093135253383126 0.7099892167620608 0.7374169909623389 0.6732758633119548 0.7700510954695622 0.7371839184483864 0.8419476298455357
2 0.5836373676334095 0.6069186032471157 0.5395087857218032 0.5324515854698293 0.5053273151336984 0.552707262005951 0.5494558970453046 0.6271742797832374
2 0.4271526455840475 0.15595504450085354 0.40823218528852606 0.11976966394006658 0.3799472098622664 0.1345591934743307 0.3988676701577879 0.17074457403511764