2 0.9288326460759022 0.6304333405770615 0.8590648914130615 0.5772769560720398 0.8275010474664773 0.6187045012519317 0.897268802129318 0.6718608857569532
3 0.34193966223227734 0.1510016473669122 0.253100588361273 0.08331473719556372 0.21095169817698126 0.13863515822208225 0.29979077204798554 0.20632206839343079
2 0.8276712459707383 0.5564831337769178 0.7611663126033759 0.5008450217704268 0.7337175994503853 0.5336548129985424 0.8002225328177477 0.5892929250050334
2 0.16658716247472463 0.06989258092906875 0.1416894526972241 0.03625300846446584 0.11827611884485 0.05358195614337982 0.14317382862235054 0.08722152860798273
2 1.0248857066785027 0.7198344181654244 0.9507767810382591 0.6524959395542798 0.9179747563168916 0.6885959949915722 0.9920836819571353 0.7559344736027167
3 0.9820556622173519 0.41726673817023924 0.8541997981740901 0.3377773960115069 0.7998519361323932 0.4251940568057212 0.9277078001756549 0.5046833989644535
3 1 0.4583333341346155 0.9635416658653846 0.4583333341346155 0.9635416658653846 0.5560185192307694 1 0.5560185192307694
2 0.298694095842418 0.23013838707907552 0.25982361409484833 0.1900531980465618 0.23571303055518317 0.2134331550836021 0.27458351230275285 0.25351834411611585
2 0.26821527798919403 0.25715740713997254 0.2348819433600733 0.21271296279931326 0.20743749948571433 0.23329629655329673 0.2407708341148351 0.277740740893956
1 0.23957920981030773 0.2469177984161883 0.11312642710509514 0.12337676554570318 0.06900262968917663 0.16854052075417178 0.19545541239438918 0.2920815536246569
2 0.0793158149129598 0.041452220331513405 0.04363472550631389 -0.0006960649089991713 0.019473625817819886 0.019757776883819522 0.0551547152244658 0.0619060621243321
3 0.10314190650229094 0.16447149251748988 0.06205069088812524 0.09872555132785957 0.02788506424651373 0.12007906921080035 0.06897627986067942 0.18582501040043065
2 0.08489583413461539 0.12222222115384616 0.08421309830355847 0.07852719729004184 0.06164916158183141 0.07887975936067125 0.062331897412888346 0.12257478322447558
1 0.227293725549635 0.17441335536766214 0.1016733414036341 0.06976958293316765 0.06586003622624141 0.11276192781196367 0.19148042037224233 0.21740570024645817
2 0.7697378067692111 0.8004515406828812 0.7028148904426066 0.7345742915304776 0.6680052062061768 0.7699365086157841 0.7349281225327814 0.8358137577681876
2 0.5758352821281558 0.611449957277795 0.5463137811239281 0.5274777525505294 0.5109687564451451 0.539903747377486 0.5404902574493727 0.6238759521047517
2 0.42639166024990327 0.16401851991407007 0.41230745898447935 0.12282223523482769 0.38185930081305697 0.1332318629764248 0.39594350207848095 0.1744281476556672