2 0.9270561163853628 0.6317699640892845 0.8568806297614067 0.5797881201463116 0.8272452592426233 0.6197958688079097 0.8974207458665794 0.6717777127508827
3 0.3417022471100453 0.15692112059444976 0.25405211657244614 0.0876666848125876 0.21151355981276884 0.1415045366523002 0.29916369035036805 0.21075897243416233
2 0.8272079096941283 0.5557568708923288 0.7591175441743415 0.5019570668608815 0.732043005758583 0.5362232737773774 0.8001333712783698 0.5900230778088248
2 0.20423891910733707 0.10420561604090389 0.17656550720099595 0.06958538302244711 0.15311630710966975 0.08832931731819636 0.18078971901601087 0.12294955033665314
2 1.0248857066785027 0.7226121970115782 0.9507767810382591 0.6552737184004335 0.9179747575133199 0.6913737725210046 0.9920836831535635 0.7587122511321494
3 0.9815348261139815 0.4181926557660719 0.8536789634245214 0.33870332531041036 0.7993311034716286 0.42611999468944095 0.9271869661610886 0.5056093251451024
3 1 0.4583333341346155 0.9640625 0.4583333341346155 0.9640625 0.5555555552884617 1 0.5555555552884617
2 0.29817326356190843 0.23476801344732687 0.25930277748616226 0.19468282836086132 0.23519219632500477 0.21806278799635656 0.27406268240075093 0.2581479730828221
2 0.26873610968626366 0.26363888934931323 0.23540278059285716 0.21919444506359909 0.20795833413901105 0.23977777735934064 0.24129166323241755 0.2842222216450548
1 0.23957920981030773 0.25154742822388065 0.11312642710509513 0.12800639535339547 0.06900262968917664 0.17317015056186408 0.1954554123943892 0.2967111834323492
2 0.12463522088190991 0.08774968912824838 0.12173884291435198 0.05733770417675629 0.08844296407164579 0.06050873855824479 0.09133934203920371 0.09092072350973687
3 0.10418357236767553 0.1700270478059515 0.06309235742874765 0.1042811076967014 0.02892673251574452 0.1256346244992618 0.07001794745467241 0.19138056460851188
2 0.09114583413461538 0.13240740625 0.08872470149132886 0.08936506584001405 0.06863202488296824 0.09049527936381713 0.07105315752625477 0.13353761977380307
1 0.23298059757859216 0.1827382779446614 0.10723179925424296 0.07936097270776768 0.07294481006521548 0.12106788002944777 0.19869360838956468 0.22444518526634147
2 0.7195264938171646 0.7716448586050617 0.6550329643931263 0.6974562173852106 0.6185719300633937 0.7291524548645713 0.683065459487432 0.8033410960844224
2 0.34461925620340494 0.08777713755154157 0.3263954955365804 0.05360758728690591 0.2959775079582991 0.06983051446329178 0.3142012686251236 0.10400006472792743