2 0.9219831505268559 0.6265758072669846 0.8519331157795993 0.5694129354802879 0.8203402546212941 0.6081282930669858 0.8903902893685507 0.6652911648536824
3 0.3318064121909675 0.15599518798848852 0.2441562755543856 0.08674076237060567 0.2016177260338054 0.14057861669594843 0.28926786267038734 0.20983304231383126
2 0.8206752867010808 0.5531002583486345 0.7539727029397615 0.4938090670819424 0.7243175286222522 0.5271711349812496 0.7910201123835715 0.5864623262479417
2 0.2099680860138656 0.1171685793591588 0.18229467761111845 0.08254834599330153 0.15884547411019106 0.1012922804533234 0.18651888251293824 0.13591251381918068
2 1.0248346363530372 0.7171881595314518 0.9425057290001957 0.6464462787177963 0.9107040696896473 0.683456827955828 0.9930329770424889 0.7541987087694835
3 0.8001502877782626 0.1381906519160973 0.7598811370026548 0.11262294662046601 0.6960755606769763 0.2131167666044725 0.7363447114525841 0.2386844719001038
2 0.9316609361938117 0.880003275688386 0.8646717699447505 0.8147501080299252 0.8300250954582012 0.8503185244063464 0.8970142617072625 0.9155716920648072
2 0.3097658563097452 0.8261279089657627 0.27184181373404476 0.8106135277764518 0.22809918755421418 0.9175399463924774 0.26602323012991463 0.9330543275817882
2 0.21653864796698422 0.7621618496033811 0.17625166659388294 0.7412171966441126 0.12357412858170512 0.84254229364164 0.16386110995480638 0.8634869466009086
2 0.8377629802937759 0.8840021227378334 0.7656515604342771 0.8102518077460417 0.7285239415700069 0.8465543687941242 0.8006353614295058 0.9203046837859159
3 0.2807291658653846 2.8279672679894963e-17 0.18111293750000002 2.2179937919354965e-17 0.18111293750000002 0.07129629567307695 0.2807291658653846 0.07129629567307695
2 0.1335559407307358 0.7218378662213776 0.09656656742845579 0.7040467823924603 0.03887368173998356 0.8239958369940724 0.07586305504226355 0.8417869208229898
2 0.6472863844863104 0.14276230035128606 0.6445089720239875 0.11255792450101398 0.6010710538582539 0.11655221380031698 0.6038484663205768 0.14675658965058905
3 0.24739583413461552 0.9481481490384615 0.18301281971153857 0.9481481490384615 0.18301281971153857 1 0.24739583413461552 1
2 0.38306435012664164 0.3599998704760432 0.33242975127822005 0.3149034360116374 0.30688291790754946 0.34358760306241315 0.35751751675597104 0.38868403752681896
3 0.7606546118554326 0.2780699094683034 0.6465040622452667 0.20626238314194867 0.6002904886858742 0.2797268943309149 0.7144410382960402 0.35153442065726964
2 0.5650853924112135 0.2532561950748799 0.5197365901967744 0.22480204345877167 0.49908984679312424 0.2577077893624503 0.5444386490075633 0.28616194097855857
2 0.8557291658653846 0.09259259375000009 0.8213541658653847 0.09259259375000009 0.8213541658653847 0.1250000000000001 0.8557291658653846 0.1250000000000001
2 0.8292391806876851 0.476768897469085 0.7794303202768783 0.4359000957282761 0.7530954625563495 0.46799570891652587 0.8029043229671563 0.5088645106573348
2 0.9960901180666639 0.49754545377318304 0.9226711036686107 0.45521376831079774 0.9009375342014161 0.49290792653303317 0.9743565485994693 0.5352396119954185