3 1 0.5490740745192307 0.9994791658653847 0.5055555552884615 0.9868036762099675 0.5057072568583265 0.9873245103445828 0.5492257760890957
2 0.23305126201371673 0.7430626103101213 0.19551847070330786 0.7234064288821292 0.1496170393136239 0.8110536075322318 0.1871498306240328 0.830709788960224
1 0.2435005959938095 0.24457585118376476 0.11880974282593239 0.1202392323073468 0.07344095246874299 0.16573727807980942 0.1981318056366201 0.29007389695622743
2 0.7147511804739205 0.1686126477789369 0.7055764466986921 0.13420739314445265 0.6638557509890861 0.14533291103756235 0.6730304847643146 0.1797381656720466
2 0.8322067740752066 0.5536366173452315 0.7642461518941699 0.4999393614379437 0.7359204871383175 0.5357890481299955 0.8038811093193542 0.5894863040372832
0 0.11737369991542787 0.24702549257225678 0.11378516847017094 0.21512740951724837 0.10072134100145703 0.216597088920429 0.10430987244671397 0.24849517197543744
2 0.28614328332519945 0.7526160112073955 0.2485172215465548 0.7341725215564333 0.18874649496593457 0.8561091557529655 0.22637255674457923 0.8745526454039277
3 0.033854165865384714 0.8027777788461539 9.857153442554939e-17 0.8027777788461539 1.0580675345544383e-16 0.9209378725961539 0.03385416586538472 0.9209378725961539
2 0.2735007582651308 0.24474383607725114 0.22969525036837962 0.20840149277879613 0.20609574157046423 0.23684733240219982 0.24990124946721542 0.27318967570065483
0 0.6455101417327257 0.10929238064877801 0.6438385691704915 0.08551894449723367 0.6253103785242644 0.08682171010985487 0.6269819510864986 0.11059514626139923
2 0.2655020743044299 0.19658641135527702 0.2276035253186455 0.15915574425066378 0.20543445370468363 0.1816019283964854 0.24333300269046804 0.2190325955010986
0 0.4994282616049878 0.7118950139312716 0.4982100211611139 0.6810583679270804 0.46801223819454185 0.6822513692839791 0.4692304786384158 0.7130880152881703