2 0.9241500168310145 0.6140970240542759 0.8563382179058814 0.5615975694273467 0.8252025282172011 0.6018145039377696 0.8930143271423342 0.6543139585646988
3 0.3302439121909674 0.14951370721925772 0.2425937743850565 0.08025928067746078 0.20005522486447638 0.13409713500280354 0.28770536267038727 0.20335156154460046
2 0.8240854909316224 0.5432536483623998 0.7567579406901905 0.4873967032136856 0.7283657218391629 0.5216194580755721 0.7956932720805947 0.5774764032242863
2 0.20840558601386555 0.11161302407069724 0.18073217643872266 0.07699278923813904 0.15728297411019107 0.09573672276101573 0.18495638368533396 0.13035695759357388
2 1.0257906945938493 0.7042442276993304 0.9466723953986219 0.6362610952130558 0.9148707369890109 0.6732716452265317 0.9939890361842382 0.7412547777128062
2 0.31132835630974515 0.8205723536773011 0.27340431373404467 0.8050579724879902 0.22966168839662385 0.9119843890447916 0.2675857309723243 0.9274987702341027
2 0.22174698159012568 0.7473470356833537 0.18145999832465215 0.7264023817402664 0.1287824608239482 0.8277274777539755 0.16906944408942173 0.8486721316970626
2 0.6452030519169495 0.13628081631968053 0.6423368411700916 0.10511078808965589 0.598898922396025 0.10910508121934401 0.6017651331428829 0.14027510944936863
3 0.24843750000000012 0.9425925937499999 0.18155715865384628 0.9425925937499999 0.18155715865384628 1 0.24843750000000012 1
2 0.7052757357748868 0.1297303915158371 0.6982659318156108 0.09818627369909504 0.6614828429864252 0.10636029343891404 0.6684926469457012 0.1379044112556561
2 0.32752667271220565 0.03755126514851016 0.29017325178681214 0.017629436057623595 0.2771398014686984 0.04206714976461542 0.31449322239409194 0.06198897885550199
2 0.19689295879733287 0.023164116893450402 0.16958333796419117 -0.0011111103779832137 0.15050287427627412 0.020354403530952882 0.17781249510941582 0.0446296308023865
2 0.7521836319474853 0.2808329245044099 0.7318225814205402 0.22452581755864007 0.7075092272725313 0.2333176994211536 0.7278702777994763 0.28962480636692345
2 0.4703214031984903 0.16326566962864442 0.42690171079369593 0.13845441580346313 0.4077421663258611 0.17198361724047645 0.45116185873065545 0.1967948710656577
2 0.5848399227022559 0.24031551755547728 0.5389271029453977 0.21699471829661657 0.520875162990511 0.25253447215369906 0.5667879827473692 0.2758552714125598
2 1.0181580866456554 0.4996492415903121 0.9618940376216021 0.4663075742075853 0.9399651008631473 0.5033126453295609 0.9962291498872008 0.5366543127122878