2 0.936800469751599 0.4842317111566983 0.8696869727338125 0.4223657668449652 0.8364296274426951 0.45844404494847407 0.9035431244604817 0.5203099892602071
0 0.18964884456150494 0.3145361065276581 0.18285454087104863 0.27484875517208185 0.1719864687836678 0.27670932232431794 0.1787807724741241 0.31639667367989416
2 0.2402330821869355 0.9562660375705287 0.1988896641724963 0.9405161698825186 0.17622916586538473 0.9999999999999999 0.21757258387982395 1.0157498676880101
2 0.17998316841984058 0.8170607700537306 0.1321866740683727 0.7925919183180583 0.06250086035614572 0.9287134510100953 0.11029735470761359 0.9531823027457674
2 0.4576238013563158 0.2899632831409154 0.430139750451858 0.28369580538156963 0.41657335384214433 0.3431869674292437 0.44405740474660216 0.3494544451885896
2 0.29713796792146013 0.20132534235766078 0.2562074411775017 0.15974512642647587 0.232070223595772 0.1835052009626155 0.2730007503397304 0.22508541689380035
2 0.24480882527171294 0.1585221481248778 0.20648873823903222 0.11972305861860681 0.18887001597669784 0.13712426516981105 0.22719010300937856 0.17592335467608206
3 0.25098167430233553 0.214583504854545 0.2022044455193709 0.13406236297911653 0.17178171831370148 0.1524915145106287 0.22055894709666615 0.23301265638605717
3 0.2337928737067534 0.2624056822752149 0.18891542330833408 0.14989241730257127 0.1384089423675728 0.17003761612662835 0.18328639276599215 0.28255088109927196
3 0.174032370640802 0.16666631449177416 0.08380371739196842 0.08029358540901625 0.04139402920023713 0.12459656264360675 0.1316226824490707 0.21096929172636464
2 0.818824036536401 0.5351848261339923 0.7597030656154858 0.478590405348653 0.7287141131855677 0.5109628005433648 0.7878350841064828 0.5675572213287041
2 0.911512098626026 0.6156204991959284 0.8456495068660355 0.5433774669489163 0.8099483753788176 0.575925506190578 0.8758109671388081 0.6481685384375901
2 0.8872744931378121 0.5021191215460397 0.8211022179085121 0.44628626163704627 0.7879724046913391 0.48555122356225383 0.8541446799206391 0.5413840834712473
2 1.023917932151197 0.6958738240519433 0.9338228380012735 0.6386705811848454 0.9059901916576414 0.6825069926728623 0.996085285807565 0.7397102355399602
3 0.07890725335454116 0.1054222579161696 0.03195539769405774 0.05920403785641229 0.007096376583922388 0.08445765362774439 0.054048232244405796 0.13067587368750172
1 0.12039343733829734 0.05258445636720247 0.02156245448607652 -0.026833282001466882 -0.01913136573551706 0.02380792651345974 0.07969961711670377 0.1032256648821291
3 0.46216845976925397 0.14464092011350765 0.41831060609138443 0.0706307564502926 0.37212405222204165 0.09800055299208124 0.41598190589991124 0.17201071665529627
2 0.3123963721879175 0.5889495005856767 0.27303458204929665 0.5699714925404893 0.23280252760275127 0.6534157444451074 0.27216431774137206 0.6723937524902949