2 0.9241500168310145 0.6140970240542759 0.8563382179058814 0.5615975694273467 0.8252025282172011 0.6018145039377696 0.8930143271423342 0.6543139585646988
3 0.3302439121909674 0.14951370721925772 0.2425937743850565 0.08025928067746078 0.20005522486447638 0.13409713500280354 0.28770536267038727 0.20335156154460046
2 0.8240854909316224 0.5432536483623998 0.7567579406901905 0.4873967032136856 0.7283657218391629 0.5216194580755721 0.7956932720805947 0.5774764032242863
2 0.20840558601386555 0.11161302407069724 0.18073217643872266 0.07699278923813904 0.15728297411019107 0.09573672276101573 0.18495638368533396 0.13035695759357388
2 1.0257906945938493 0.7042442276993304 0.9466723953986219 0.6362610952130558 0.9148707369890109 0.6732716452265317 0.9939890361842382 0.7412547777128062
2 0.31132835630974515 0.8205723536773011 0.27340431373404467 0.8050579724879902 0.22966168839662385 0.9119843890447916 0.2675857309723243 0.9274987702341027
2 0.22174698159012568 0.7482729611641228 0.18145999930847065 0.7273283077325094 0.1287824618077667 0.8286534037462184 0.16906944408942173 0.8495980571778318
2 0.6452030519169495 0.13628081631968053 0.6423368411700916 0.10511078808965589 0.598898922396025 0.10910508121934401 0.6017651331428829 0.14027510944936863
3 0.24843750000000012 0.9425925937499999 0.18155715865384628 0.9425925937499999 0.18155715865384628 1 0.24843750000000012 1
2 0.7063174016402715 0.12973039151583707 0.6993075976809954 0.09818627369909504 0.6625245088518099 0.10636029343891404 0.669534312811086 0.13790441125565606
2 0.3445988324919185 0.048878643379620106 0.30683992547622374 0.02874054569616156 0.2938064706491106 0.05317825657857811 0.3315653776648054 0.07331635426203666
2 0.21805090052999562 0.0423813147230583 0.19427291247662232 0.01419999690356109 0.1709985260493454 0.03383776139569935 0.19477651410271868 0.06201907921519656
2 0.7588105079297411 0.29114975286138967 0.7321272135160479 0.23641480380718283 0.7067656561437692 0.24877856615368807 0.7334489505574625 0.3035135152078949
2 0.48697916586538464 0.16574074038461545 0.44270833413461536 0.16574074038461545 0.44270833413461536 0.2120370360576924 0.48697916586538464 0.2120370360576924
2 0.6208827717375655 0.268442832221182 0.5765437386253958 0.24141713595941983 0.5568154728749487 0.2737838220896265 0.6011545059871183 0.30080951835138864
2 1 0.4879629639423078 0.96875 0.4879629639423078 0.96875 0.5354595336538464 1 0.5354595336538464