2 0.9251634671223368 0.6240765904506831 0.8546691389029087 0.5688493930001551 0.8230817469173558 0.609168874723268 0.8935760751367838 0.6643960721737958
3 0.33289419823837874 0.15403049945991737 0.24405512436737442 0.08634358928856886 0.20260765165932504 0.14074339983325918 0.29144672553032935 0.20843031000460768
2 0.8229824487845742 0.5539257575578083 0.7576599070653245 0.4933367191063996 0.7264680009591011 0.5269654849690689 0.7917905426783508 0.5875545234204776
2 0.21100975324195242 0.11439080113705767 0.18333634133561125 0.079770568118601 0.15988713977758431 0.09851450358674606 0.18756055168392546 0.13313473660520272
2 1.025158093153785 0.7141270936378566 0.9450437778958709 0.6455518760173706 0.9132954501701653 0.6826424697418434 0.9934097654280793 0.7512176873623294
3 0.42935954187688463 0.11444731597986985 0.3893062120631935 0.014177757939755713 0.3274129222280081 0.03890143678584468 0.36746625204169925 0.1391709948259588
3 0.7863010897206656 0.32698549638670393 0.7194197176868582 0.19149455687071482 0.6659001027220424 0.21791304132698033 0.7327814747558499 0.35340398084296953
1 0.9295348125 1.0000000000000002 0.7244791658653846 0.7518518509615385 0.6504118473467482 0.8130569091180552 0.8554674939813636 1.061205058156517
2 0.5338664072016448 0.50562786186732 0.4886016457338409 0.4589485710951649 0.4610295207155805 0.48568517401837175 0.5062942821833845 0.5323644647905268
1 0.816993493013653 0.7016379225498215 0.5963541658653846 0.5037037043269232 0.5328642226330385 0.5744766029254437 0.7535035497813068 0.7724108211483419
0 0.7275713067266829 0.9951863098299593 0.7262525626797262 0.9506421320650423 0.7035750692536051 0.9513135062143964 0.7048938133005619 0.9958576839793133
2 0.3097658563097451 0.8242760580042243 0.27184181373404476 0.8087616768149135 0.22809918839662405 0.915688093371715 0.2660232309723244 0.9312024745610258
2 0.21653864796698413 0.7603099962379964 0.17625166757770144 0.7393653437902017 0.1236957812489532 0.8404564441149811 0.16398276163823589 0.8614010965627759
2 0.45998581448702297 0.5086141222136881 0.4136159064614185 0.4620372020040992 0.38443531819344734 0.4910880964820962 0.4308052262190518 0.5376650166916851
3 0.571044127704231 0.1831047549079907 0.4273425579105249 0.1067575631391436 0.38727598889723863 0.1821713240131414 0.5309775586909447 0.25851851578198853
2 0.2384934184671124 0.39694344582337426 0.2254922170586176 0.3218254207434914 0.20083033958011287 0.3260938241775365 0.21383154098860763 0.4012118492574194
2 0.6743743695466247 0.13736367830235466 0.6723585116592636 0.10618086335999372 0.6286357481431657 0.10900738424510505 0.6306516060305267 0.14019019918746597
3 0.24739583413461552 0.9453703701923076 0.18286458413461554 0.9453703701923076 0.18286458413461554 1 0.24739583413461552 1
2 0.1811069438882445 0.19346914001865023 0.14499002601597752 0.14760638036116222 0.11856510417024581 0.16841600322753375 0.15468202204251277 0.21427876288502176
3 0.9846252687727274 0.4233731884108552 0.8478250148909942 0.3365158810182955 0.794673640259341 0.42022929284340277 0.9314738941410743 0.5070866002359624
2 0.49999897395114434 0.24036963848504211 0.4590241300474156 0.21123197675211675 0.4386458666495047 0.23988891461528536 0.47962071055323346 0.2690265763482107