2 0.9281470586214964 0.636589888013722 0.8579793219645994 0.5862904320303592 0.8278398399068383 0.6283350068405471 0.8980075765637353 0.6786344628239098
3 0.34122753342198436 0.16051198521547033 0.2523884641349675 0.09282506877414841 0.21087722353244323 0.1473085668261636 0.2997162928194601 0.2149954832674855
2 0.8284068199266136 0.5596834249014033 0.757633824847763 0.507875740659501 0.7309471324536223 0.5443316675575756 0.8017201275324729 0.5961393517994777
2 0.2209055860138656 0.1217982091668511 0.19323217761111844 0.08717797580099382 0.1697829752825868 0.10592190932387048 0.197456383685334 0.14054214268972778
2 1.0269967931761845 0.7295921479172432 0.9523392816120804 0.6617551989354371 0.9195372575227226 0.6978552525129358 0.9941947690868269 0.765692201494742
3 0.9752848280827364 0.420044514612547 0.8474289668510687 0.34055517420181236 0.7930811037314991 0.4279718367297478 0.9209369649631667 0.5074611771404824
3 1 0.4648148149038463 0.9630208341346154 0.4648148149038463 0.9630208341346154 0.5629629639423078 1 0.5629629639423078
2 0.3023399287381367 0.2449532031842758 0.2634694458256176 0.20486801295040796 0.23935886228595243 0.22824796998744828 0.2782293451984716 0.26833316022131615
2 0.2795277789589742 0.2817314793521976 0.2458194419018314 0.2367870373510992 0.2183749990967035 0.2573703728478024 0.2520833361538463 0.3023148148489008
1 0.24844550663979006 0.2678088614502853 0.12073044036941033 0.14303461083575314 0.07625238229347119 0.1885609763059439 0.20396744856385093 0.31333522692047605
2 0.23890315344459118 0.19428502698797256 0.20624828185273442 0.14053214987223026 0.18699840339677737 0.1522264505844433 0.21965327498863416 0.20597932770018562
3 0.10329040917926377 0.17319822957718428 0.05914296732511838 0.11041072683352374 0.02594577383736901 0.1337524923948114 0.0700932156915144 0.19653999513847195
2 0.09538997341355815 0.14813758448400655 0.08943085225661568 0.10443735464453298 0.07342482304638556 0.10661999459072305 0.07938394420332803 0.1503202244301966
1 0.2363497736389576 0.18892273979187882 0.10997939367419618 0.08503444229615842 0.07136025776569453 0.13201100266253804 0.19773063773045596 0.23589930015825844
0 0.20528190088372378 0.3207731494745119 0.19085368283606707 0.3187441812140136 0.18640496559412825 0.3503795023024268 0.20083318364178498 0.3524084705629251
2 0.3161249992181947 0.8321481489925918 0.2785429606884086 0.8162932265831202 0.2341410836434456 0.921542120951834 0.27172312217323163 0.9373970433613056
2 0.8088410689809612 0.46596232436848506 0.7431646561884944 0.41634014884539544 0.7180022342841414 0.4496433563413978 0.7836786470766083 0.49926553186448736
2 0.16821479846188064 0.12730204561093797 0.14813218553862273 0.10945082897420591 0.14560344944514386 0.11229565625874577 0.1656860623684018 0.13014687289547783
2 0.22425149268410233 0.7670447565144195 0.1835752646157735 0.7458467585028944 0.1315664779844058 0.845644921773991 0.17224270605273462 0.8668429197855161
2 0.03844049022504577 0.11964826943686999 0.010586463994924621 0.0839951197704488 -0.010939488091613483 0.10081227168147514 0.016914538138507663 0.13646542134789633