2 0.9210398843778412 0.6208072660878894 0.8516831962398019 0.5673769329064686 0.8203780301971104 0.6080134498258034 0.8897347183351497 0.6614437830072242
3 0.3302439121909675 0.15321741154618085 0.24259377438505667 0.08396298500438383 0.20005522603380538 0.1378008378497946 0.28770536383971623 0.2070552643915916
2 0.8198169665044942 0.5485505767639536 0.7528407674723484 0.49251820478732944 0.7244270607305172 0.5264814658603362 0.791403259762663 0.5825138378369604
2 0.20892641910733706 0.11439080113705771 0.18125300720099596 0.07977056811860098 0.1578038071096697 0.09851450241435024 0.18547721901601083 0.133134735432807
2 1.024715128818281 0.7129033684421434 0.9419848944905549 0.6418166509323433 0.9101832370436441 0.6788272017744229 0.9929134713713702 0.749913919284223
3 0.8717017023889135 0.14690461805627686 0.845133067578754 0.0887857294090531 0.7507815034231679 0.1319178730230354 0.7773501382333272 0.19003676167025915
2 0.308724187216437 0.8233501307943546 0.2708001468338392 0.8078357511124905 0.22705752289993766 0.9147621684444889 0.2649815632825355 0.930276548126353
2 0.21549698159012565 0.7603099972218151 0.17520999930847062 0.7393653437902018 0.12253246180776664 0.8406904398039108 0.16281944408942167 0.861635093235524
2 0.646765550501964 0.1418363747965224 0.6439881376239937 0.11163199682961311 0.6005502193885739 0.11562628645317202 0.6033276322665441 0.14583066442008133
3 0.24635416586538475 0.9444444447115384 0.18030181730769243 0.9444444447115384 0.18030181730769243 1 0.24635416586538475 1
2 0.5553439706672412 0.5172055353188567 0.49644472125426964 0.4580217493255747 0.46778160850582373 0.4865470590601441 0.5266808579187953 0.5457308450534261
3 0.6272794912768868 0.18601533724126515 0.5250134750911162 0.12487695127258504 0.4829305845307679 0.19526889078818258 0.5851966007165385 0.2564072767568627
2 0.30833656108116725 0.0889684423993659 0.2730343041525307 0.06281862144646556 0.2536587507526685 0.08897561753024133 0.288961007681305 0.11512543848314165
2 0.7744791658653847 0.08981481490384625 0.7395833341346154 0.08981481490384625 0.7395833341346154 0.12407407451923087 0.7744791658653847 0.12407407451923087
2 0.5381568371177716 0.2580915466676647 0.4970094573721251 0.2349461477862578 0.4783490973551308 0.2681201243396086 0.5194964771007773 0.29126552322101545
2 0.8089271474603584 0.3651349693404123 0.7553660026269496 0.32432648005676934 0.7330481332918024 0.3536186850076654 0.7866092781252111 0.3944271742913084
2 0.800242339084288 0.4116110966678149 0.7515991242916749 0.3765529195804778 0.7287133563977329 0.4083069186713492 0.7773565711903461 0.4433650957586863
2 0.9649919020303039 0.5791264260864041 0.8991925610641889 0.5229776491358514 0.8703889377973005 0.5567318915491202 0.9361882787634155 0.6128806684996728