3 0.9555996315323099 0.4867299935136663 0.8905196454575979 0.3324663218909873 0.802312391303794 0.36967875701349107 0.8673923773785059 0.52394242863617
1 0.22756846033655737 0.17084807481859804 0.10123945378366471 0.06757180410938 0.06301086264685662 0.11433356174320433 0.1893398691997493 0.21760983245242238
1 0.24136530748871768 0.24853672430068158 0.1145198622919486 0.1229597362232934 0.06891915638984386 0.16902105629472888 0.19576460158661296 0.294598044372117
2 1.0289840890349962 0.7231699515109997 0.9493451551711399 0.6557507473862021 0.9162515438267514 0.6948425752916955 0.9958904776906077 0.7622617794164932
2 0.5496167985859093 0.5708597285490221 0.5260525063481348 0.4870755823983535 0.4968519036649858 0.49528825229782925 0.5204161959027602 0.5790723984484978
2 0.8288671685896496 0.5529183462330999 0.7588108288421055 0.5012778999045426 0.7312628660336326 0.5386499518342304 0.8013192057811765 0.5902903981627877
0 0.1812766853734661 0.3196341950537064 0.17636411517145437 0.2847003871948664 0.1634680961643295 0.28651389114940157 0.1683806663663413 0.32144769900824155
2 0.44163379102582856 0.19371538971032456 0.425266690665904 0.14768295048878435 0.4017332916195934 0.1560503868122734 0.418100391979518 0.2020828260338136
3 0.34138875243024586 0.15169504410313733 0.25891937925629704 0.08402786936748582 0.21578469361019492 0.13659827002609576 0.2982540667841438 0.20426544476174732
2 0.2724590909759073 0.24937346470368452 0.22871553906695527 0.21308252192279242 0.20511602928903272 0.24152836272745504 0.24885958119798476 0.2778193055083471
2 0.7130756619479894 0.7452937911566354 0.6501896693003387 0.6814096112208531 0.616662081941273 0.7144133316141505 0.6795480745889237 0.7782975115499329
2 0.30002223513089843 0.2271793184613204 0.2579333467366217 0.19154851210104107 0.23675517418749453 0.21656522746251636 0.27884406258177125 0.25219603382279565
3 0.1038357074669926 0.1655002341755777 0.06328154329389711 0.09821036292523816 0.028868790372760893 0.11895019205078264 0.06942295454585638 0.18624006330112217
2 0.9298740368172367 0.6337967315643898 0.8609194384966818 0.5765899546807072 0.8283108603028045 0.6158949379999926 0.8972654586233594 0.6731017148836751
2 0.09865469003718232 0.10733867998606315 0.07193046860019289 0.07351584292121624 0.0512490810539376 0.08985669509014188 0.07797330249092703 0.12367953215498878
3 1 0.45370370432692325 0.9614583341346153 0.45370370432692325 0.9614583341346153 0.5578431370192309 1 0.5578431370192309
2 0.15437911734240412 0.062311720426020574 0.1295915270051412 0.030263120826403273 0.10910142578161314 0.04611093450447512 0.13388901611887608 0.0781595341040924
2 0.05734037940465019 0.03251458735372932 0.030179800495005606 -0.01186695541626945 0.0014941102702031952 0.005688088962562714 0.028654689179847776 0.05006963173256148