2 0.7602218837052348 0.38172990191743544 0.7024639356111233 0.3377238419953323 0.6760650815179694 0.372372334661011 0.7338230296120809 0.41637839458311415
2 0.32643448996517993 0.37024197435327405 0.2863019754472008 0.3288553225552085 0.2599436518488474 0.3544149114207652 0.3000761663668265 0.3958015632188308
3 0.3549679477649442 0.06639066706375167 0.3054754238276312 0.033395657450738254 0.2769497866993506 0.07618412137170977 0.32644231063666374 0.10917913098472319
2 0.33000885814302927 0.8348764406230925 0.292531647055514 0.8175711978058413 0.24819669990854715 0.9135854629812686 0.28567391099606243 0.9308907057985197
2 0.26436671193374667 0.932169619270947 0.19996966919736076 0.9281448075829357 0.19547872355769244 1.0000000000000002 0.2598757662940784 1.0040248116880115
0 0.7043081418568715 0.9764603719574579 0.6905799467701677 0.9245983227502006 0.6686771589326491 0.9303961218918138 0.682405354019353 0.982258171099071
2 0.12176923100350422 0.17542769345606912 0.09130623678170678 0.1386013156945289 0.06787721651305219 0.1579819377499453 0.09834021073484964 0.19480831551148547
2 0.6409841936421461 0.5544859535405995 0.586275144141323 0.5058556826416584 0.5584590513211152 0.5371487840554401 0.6131681008219384 0.5857790549543812
2 0.7216382708695707 0.1866490969162016 0.7138071185683672 0.15287725325260126 0.6701612786351432 0.16299802792026977 0.6779924309363469 0.19676987158387013
3 0.8783406175387752 0.9411355349458085 0.7085965642469628 0.7315749781472943 0.6380744547700217 0.7886978875925788 0.8078185080618341 0.9982584443910929
2 0.8250740365364009 0.5703700112301463 0.7648945824885666 0.5127623418708073 0.7339056300586482 0.545134737065519 0.7940850841064825 0.602742406424858
2 0.9182829322900894 0.653583459985673 0.8524203395852913 0.5813404313911755 0.8167192093376254 0.6138884716152542 0.8825818020424235 0.6861315002097517
2 1.0268489812958477 0.7330825809716104 0.945097984831168 0.6725262849649819 0.9149090273376236 0.7132813760137634 0.9966600238023033 0.7738376720203919
3 0.5009646922175743 0.5276969152377233 0.4322916658653846 0.4555555552884615 0.3969389635712836 0.48920860893163376 0.4656119899234733 0.5613499688808956
1 1.0464816126617367 0.9526795905625621 0.8880429145813089 0.7970493607662446 0.8094454566148358 0.8770651708626309 0.9678841546952636 1.0326954006589486