2 0.4891347936069639 0.3382783868626119 0.430445760548786 0.33132837559333744 0.42519047910236185 0.37570634486408616 0.48387951216053965 0.38265635613336063
2 0.6997027827442334 0.4419409227003338 0.6433832023240817 0.40618245363668 0.6185133853740425 0.4453524095220639 0.674832965794194 0.4811108785857177
2 0.8165027936530164 0.46248082821337866 0.7649729406488169 0.4244967668362264 0.7402725363174762 0.45800577451448066 0.7918023893216758 0.4959898358916329
2 0.8500133534941904 0.3908653843836529 0.8042868578530382 0.36038105542181104 0.7826522438469599 0.39283297799111716 0.8283787394881121 0.42331730695295905
2 0.8421157634885093 0.5596818247821727 0.7695603569008992 0.5020981649635353 0.7411154004059948 0.5379388077839955 0.8136708069936047 0.5955224676026328
2 0.6421500416665192 0.14605379936341553 0.6410744672165516 0.11156817698170453 0.5980037301158913 0.11291151316551974 0.5990793045658588 0.14739713554723075
2 0.6968749999999999 0.10740740625000006 0.6619791658653846 0.10740740625000006 0.6619791658653846 0.1435185192307693 0.6968749999999999 0.1435185192307693
3 0.49330112014976646 0.2546551747648108 0.3908617929851853 0.19511232405046877 0.3513200877068235 0.26314107368304024 0.45375941487140464 0.32268392439738225
2 0.3111547931805144 0.19120108333788857 0.27744921277534595 0.16235021850713588 0.25905076941652355 0.18384455552609816 0.292756349821692 0.21269542035685088
2 0.2264105447798417 0.7331129585403952 0.1848507413014668 0.7126577485610596 0.1351067034593677 0.8137250286831885 0.1766665069377426 0.8341802386625242
2 0.3366863466916482 0.7600986700525258 0.30002392051378207 0.743387240871705 0.2555097204446267 0.8410448712421328 0.29217214662249297 0.8577563004229536
3 0.2729449409297279 0.917131153980815 0.22233812344667772 0.8949906622081536 0.17639651923076932 1 0.22700333671381948 1.0221404917726615
2 1 0.6638888894230769 0.95 0.6638888894230769 0.95 0.7496011394230769 1 0.7496011394230769