1 0.025000000000000005 0.023116218749999997 2.830920330057753e-18 0.023116218749999997 7.255211094504264e-18 0.09537037019230768 0.02500000000000001 0.09537037019230768
2 0.6225518792238697 0.2812657171474482 0.576727925154266 0.24812517529457775 0.5526498033236543 0.28141837713016277 0.5984737573932581 0.31455891898303323
2 0.3949064065424584 0.442935668473349 0.3506081144830647 0.3967703974802062 0.3235717679964449 0.4227133616850767 0.3678700600558385 0.4688786326782194
3 0.26173930958761854 0.04552872538108516 0.26018975328319055 -0.0013022364900219712 0.21299877199352032 0.00025923224023413307 0.2145483282979483 0.047090194111341264
2 0.3300088572281185 0.8358023680852443 0.292531646140603 0.818497125267993 0.24819669990854706 0.9145113884620378 0.2856739109960626 0.9318166312792889
2 0.26354166586538474 0.9314814807692307 0.1969525697115386 0.9314814807692307 0.1969525697115386 1 0.26354166586538474 1
2 0.1690906493654816 0.21623941902061194 0.1340124976994189 0.18222423852543748 0.11091737121070598 0.20604108553093559 0.14599552287676867 0.24005626602611005
2 0.8538072138221527 0.7455020811846311 0.787133426640919 0.678334415617982 0.7542485211551575 0.7109775210666449 0.8209223083363912 0.778145186633294
2 0.7216382708695706 0.18757502239697088 0.7138071190973378 0.15380318101455678 0.6701612791641142 0.16392395568222523 0.6779924309363469 0.1976957970646393
3 0.9355097692566283 0.9972790458385311 0.8125000000000001 0.8787037043269232 0.7559064619536726 0.9374137022720987 0.8789162312103008 1.0559890437837065
2 0.8250740358906901 0.5731477984805495 0.7648945899477824 0.5155401159708167 0.7339056287754399 0.5479125085485389 0.7940850747183474 0.6055201910582718
2 0.9177620992465767 0.6545093866632453 0.8518995054506759 0.5822663568719446 0.8161983765157536 0.6148143958992199 0.8820609703116541 0.6870574256905209
2 1.0268489812958477 0.7330825809716104 0.945097984831168 0.6725262849649819 0.9149090273376236 0.7132813760137634 0.9966600238023033 0.7738376720203919
3 0.5950968786622399 0.6330950448500196 0.5205490543633454 0.5507118694792078 0.4826254904448185 0.5850285751301033 0.557173314743713 0.667411750500915