2 0.6806041476032514 0.3236728261828451 0.6292354050458487 0.28562190430645706 0.6042501672272047 0.3193519740643159 0.6556189097846075 0.35740289594070396
2 0.3632969520012548 0.4104797060630746 0.3216898370286386 0.3660987919604101 0.29498621062485453 0.3911334465283144 0.3365933255974707 0.43551436063097887
3 0.31170139209614867 0.037638902966350404 0.26359029322692873 0.0015555475884665437 0.23342361183077878 0.04177775464230357 0.2815347106999987 0.07786111002018743
2 0.3300088572281185 0.8358023680852443 0.292531646140603 0.818497125267993 0.24819669990854706 0.9145113884620378 0.2856739109960626 0.9318166312792889
2 0.2625000000000001 0.9305555552884616 0.19547872355769244 0.9305555552884616 0.19547872355769244 1 0.2625000000000001 1
0 0.7258119739618448 0.999619233352942 0.7201237521108538 0.9672595611160119 0.6973887418403624 0.9712559483864467 0.7030769636913535 1.003615620623377
2 0.14943129543231862 0.19640544785148023 0.11538334228272797 0.1634214947724274 0.09301144454719254 0.18651506770291665 0.1270593976967832 0.2194990207819695
2 0.756256337814249 0.6566784107952564 0.6959353886298743 0.5967517149497837 0.6654213389258581 0.6274665143498996 0.7257422881102328 0.6873932101953724
2 0.7216382708695706 0.18757502239697088 0.7138071190973378 0.15380318101455678 0.6701612791641142 0.16392395568222523 0.6779924309363469 0.1976957970646393
3 0.936534011548681 0.9906408518226866 0.7598958341346157 0.8203703701923077 0.6997429656664538 0.8827728074832847 0.8763811430805191 1.0530432891136634
2 0.8250740377371788 0.5722218633411467 0.7648945824885665 0.514614192832346 0.7339056288578706 0.5469865892814418 0.7940850841064828 0.6045942597902425
2 0.9182829322900894 0.653583459985673 0.8524203395852913 0.5813404313911755 0.8167192093376254 0.6138884716152542 0.8825818020424235 0.6861315002097517
2 1.0268489812958477 0.7330825809716104 0.945097984831168 0.6725262849649819 0.9149090273376236 0.7132813760137634 0.9966600238023033 0.7738376720203919
3 0.551597447314806 0.5879486941661362 0.4816730539432391 0.5075127950226339 0.44451084702484206 0.5398185789174793 0.5144352403964089 0.6202544780609816