2 0.9172735992026266 0.6028003615736399 0.8485631216580674 0.5478319795379926 0.8179849828212945 0.5860546530839587 0.8866954603658537 0.641023035119606
3 0.34274391219096756 0.1532174115461809 0.25509377438505676 0.08396298500438379 0.2125552260338054 0.13780083784979452 0.3002053638397162 0.20705526439159166
2 0.7928725623803701 0.5035434290669343 0.7240645789977692 0.45985581408891496 0.6992546177381083 0.49893149727593794 0.7680626011207091 0.5426191122539573
2 0.20528058737656782 0.10513154152167309 0.17760717547022672 0.07051130850321635 0.1541579739121997 0.08925524397136139 0.18183138581854083 0.12387547698981813
2 1.025790694593849 0.6968368190454842 0.9466723953986218 0.6288536865592097 0.9148707358007836 0.6658642379555363 0.9939890349960108 0.7338473704418107
2 0.30671553576292704 0.8156078978943826 0.26762658645665816 0.7998556344924377 0.22474018324874334 0.9062774481802034 0.2638291325550122 0.9220297115821482
2 0.22025590219692542 0.7367225326559652 0.1802199168076601 0.7162190304495135 0.12810599370797165 0.8179788294725262 0.16814197909723697 0.8384823316789779
2 0.6452030519169496 0.13165118651198818 0.6423368411700918 0.10048115828196355 0.5988989221768348 0.10447545143180709 0.6017651329236927 0.1356454796618317
3 0.24427083413461553 0.9370370360576923 0.1748830793269232 0.9370370360576923 0.1748830793269232 1 0.24427083413461553 1
2 0.7046507345305429 0.12327205899321268 0.6976409305712669 0.09172794117647058 0.6605698521776018 0.09996595859728506 0.6675796561368779 0.13151007641402718
2 0.7805466788899371 0.15709346285524983 0.7599777484230944 0.137655822293161 0.7289411953356045 0.17049873346583497 0.7495101258024472 0.1899363740279238
2 0.24616328388367478 0.014084415233198307 0.2128828278429964 -0.005637339813175064 0.19731598973104983 0.020631695080464516 0.23059644577172828 0.040353450126837886
2 0.31549538088022994 0.08565024261767587 0.3050405352682889 0.048477460006815715 0.27053073053415155 0.058183343054920705 0.28098557614609265 0.09535612566578086
2 0.899578562892535 0.4118240515106504 0.8506370969845533 0.3799214666050568 0.8292744467462071 0.412693714416263 0.8782159126541889 0.44459629932185657
2 0.9061010912052276 0.5167865596980908 0.8503199909737998 0.47296884657336424 0.8236461667324126 0.5069253257563153 0.8794272669638403 0.5507430388810419