0 0.554827831453548 0.08575615862813092 0.5515941031686716 0.05126295244816399 0.5332656084564588 0.05298124362297834 0.5364993367413351 0.08747444980294529
2 0.8714076146644479 0.4530931675078826 0.8027235075643913 0.40801921015009235 0.7754896681064467 0.44951838297015806 0.8441737752065033 0.4945923403279483
2 0.006770834134615392 0.056535947115384615 6.923656667161981e-18 0.056535947115384615 8.309388531141555e-18 0.07916666586538461 0.006770834134615393 0.07916666586538461
0 0.2051601690769718 0.34144861192788023 0.20133853344395014 0.3057800303246564 0.18944628140700218 0.307054200815842 0.19326791704002383 0.34272278241906584
3 0.9571540123531797 0.4459720505366971 0.8773590631456745 0.39389771230373155 0.8410160442692232 0.44958712562512854 0.9208109934767283 0.5016614638580941
2 0.9860764131147298 0.5524691596297522 0.9247332047521254 0.5028988814063743 0.8967925394007383 0.5374754486129631 0.9581357477633428 0.587045726836341
2 0.3024999998846153 0.23134259491826917 0.2663611123239315 0.18315740687083337 0.24213888983504275 0.2013240719907052 0.27827777739572657 0.249509260038141
2 0.2471579230378277 0.1865134902769923 0.21740677619384272 0.14420074907532823 0.1922257066827648 0.16190618898389192 0.22197685352674973 0.20421893018555598
3 0.2753692168958904 0.25934169880040425 0.23365469695579316 0.1739463122948154 0.19942861096383238 0.19066530385871783 0.2411431309039296 0.2760606903643067
3 0.24801176295436106 0.292269876998877 0.20492927564026436 0.18032905809219635 0.15369197830328135 0.2000486763162634 0.19677446561737805 0.31198949522294406
3 0.1834414935542879 0.18991465436520544 0.09129614711834762 0.10485741401774694 0.04954073384055165 0.15009244640700709 0.14168608027649196 0.2351496867544656
2 0.8214282026591613 0.5629626086605224 0.7612487521649918 0.5053549320202405 0.7302597946811399 0.537727326491386 0.7904392451753093 0.5953350031316679
2 0.9141162658041542 0.6452501278068176 0.8482536751352663 0.5730070967566087 0.8125525423353047 0.6055551371950736 0.8784151330041927 0.6777981682452824
2 0.8758892525826822 0.5238969937095388 0.809671104827812 0.46813434212199645 0.7781686142281091 0.5055435491411899 0.8443867619829794 0.5613062007287323
2 1.0223806855869584 0.7130929554953362 0.9348718831735668 0.6700222076002368 0.9097617928026189 0.7210395231621916 0.9972705952160104 0.7641102710572909
3 0.08743180550331048 0.1271793981916753 0.04110327520417857 0.0801154966584195 0.016635409491852785 0.10420105312694965 0.06296393979098469 0.15126495466020548
1 0.20674192023303986 0.14175141813512876 0.06879088938836037 0.026341375538023164 0.028984890296483132 0.07392197151524496 0.16693592114116262 0.18933201411235054