2 0.9266566751537499 0.6427445788386843 0.8565006212271414 0.5889851499007418 0.8260563351513753 0.6287149427553881 0.8962123890779838 0.6824743716933306
3 0.34018586755659974 0.16514161502316282 0.25134679826958284 0.09745469858184082 0.20983555766705864 0.15193819663385594 0.2986746269540755 0.21962511307517796
2 0.8261097763647783 0.565562232677657 0.7577604163534348 0.5124016204308431 0.730809294486267 0.5470530635454597 0.7991586544976104 0.6002136757922736
2 0.21986391774463482 0.12550191349377415 0.1921905081694919 0.09088167866121596 0.16874130730766124 0.10962561101169686 0.19641471688280415 0.1442458458442551
2 1.0261381484988106 0.7329449316400493 0.9479440265102703 0.6648575383129132 0.9159006995062569 0.7016572995937126 0.994094821494797 0.7697446929208488
3 0.9211132499860345 0.3841176686839589 0.7979232278163318 0.30752912973766533 0.7445713213715262 0.3933438303202201 0.8677613435412289 0.46993236926651366
3 1 0.4564814807692309 0.9447916658653847 0.4564814807692309 0.9447916658653847 0.5657407403846155 1 0.5657407403846155
2 0.3711872181853356 0.3022560447999418 0.32694590713069077 0.26205600408053653 0.30227508169170886 0.2892069632011818 0.3465163927463537 0.3294070039205871
2 0.3538631160285756 0.3391251344191817 0.30810705660601384 0.3008455567964863 0.28411623854989465 0.3295220826294368 0.3298722979724564 0.3678016602521322
1 0.29872997359352754 0.31675790280312527 0.16256577432926192 0.18794348524445595 0.11734945417638688 0.2357397191131433 0.2535136534406525 0.36455413667181263
2 0.27510428305979884 0.23124848460282382 0.24065953545233232 0.17228134357539313 0.21682204780343303 0.18620564499744244 0.2512667954108995 0.24517278602487316
3 0.12369004912025737 0.19721101979662012 0.0784989649285083 0.13293927554322268 0.0452146449320099 0.15634232029795353 0.09040572912375898 0.22061406455135096
2 0.1212324264219459 0.13559755602775925 0.0893290219785458 0.10786334875066382 0.0701039949905702 0.12997841428344376 0.10200739943397032 0.15771262156053917
1 0.25558716983647406 0.21460563436694974 0.1279385637233156 0.10835477053020008 0.08667404751749336 0.15792950136439018 0.2143226536306518 0.2641803652011398
0 0.24557150540721498 0.40067815121415395 0.2427568948388241 0.3681537400512962 0.22939541976907207 0.36931002075234576 0.23221003033746296 0.4018344319152035
2 0.3160764763911122 0.8367097971338483 0.27917249378612746 0.8212233051531915 0.23496280101581168 0.926574067288689 0.27186678362079647 0.9420605592693457
2 0.6429208458069783 0.34223776329635874 0.5934794833767044 0.2997075595301659 0.5689078981203329 0.3282720277096558 0.6183492605506069 0.3708022314758486
2 0.19529813759042103 0.15507980835938395 0.1752155051089745 0.13722861553268226 0.17291666586538462 0.13981481490384623 0.19299929834683116 0.1576660077305479
2 0.224871981400362 0.7714211071488444 0.18458499878718315 0.7504764543687481 0.13266536705812193 0.8503437246793393 0.17295234967130077 0.8712883774594354
2 0.05281249980295558 0.1354629627934352 0.022927441246292438 0.10184227330265681 0.0016343387881218457 0.1207694762676643 0.031519397344785 0.15439016575844267