0 0.8588541658653847 0.06851851923076933 0.840625 0.06851851923076933 0.840625 0.10092592548076934 0.8588541658653847 0.10092592548076934
2 0.8891159480754478 0.44568575995668813 0.8187936156948137 0.39953671697054965 0.7922781589121214 0.43994121172154377 0.8626004912927555 0.4860902547076822
0 0.19121134410262697 0.31638795759921395 0.18441704157205002 0.27670060853904505 0.17354896932789432 0.27856117550810644 0.1803432718584713 0.31824852456827535
2 0.41864857185728294 0.0898918252587699 0.38474388686333855 0.05372680289458264 0.3623830550927782 0.07469006816644892 0.3962877400867226 0.11085509053063618
2 0.9876061352458042 0.5314789987051822 0.9251764697725294 0.4823156027035965 0.897626144503898 0.5173001182188611 0.9600558099771728 0.5664635142204468
2 0.30004400206165605 0.20436444761005004 0.25804348189848675 0.16288245079170507 0.23386839119078512 0.18735972919181904 0.2758689113539544 0.228841726010164
2 0.24645206924611085 0.16094601603828365 0.2081918397259534 0.12207848328975207 0.19106433511002868 0.1389383715145222 0.22932456463018613 0.17780590426305382
3 0.2593798440255824 0.21611802287385784 0.2061031430779041 0.1403466787951425 0.17482285568941383 0.16234062039690117 0.22809955663709214 0.2381119644756165
3 0.23685681902465136 0.2652977395701038 0.19208997106447565 0.15160415799562632 0.14131607363037374 0.1715963802064204 0.18608292159054948 0.2852899617808979
3 0.17740040130386595 0.16556303137037995 0.08325433151068297 0.08345661001956262 0.04129103714205737 0.13157317843630534 0.13543710693524036 0.2136795997871227
2 0.818824036536401 0.5407403814224538 0.7586445824885664 0.48313271206311537 0.7276556300586481 0.5155051072578272 0.7878350841064827 0.5731127766171656
2 0.912553767621508 0.6230279036061087 0.8466911749167099 0.5507848750116113 0.8109900434722408 0.5833329163267927 0.8768526361770389 0.6555759449212901
2 0.8840513282558237 0.5099310647024868 0.8205188545989238 0.45048547784295295 0.7867241876277075 0.486603529703823 0.8502566612846073 0.5460491165633569
2 1.0227926181026694 0.6962809898166035 0.9323676251812842 0.6491260309572009 0.906396649638456 0.6989283282431296 0.9968216425598412 0.7460832871025322
3 0.0830739168844887 0.10634819736553412 0.03612207389171552 0.0601299595400728 0.011263046833644567 0.08538356483310405 0.05821488982641773 0.1316018026585654
1 0.18339265551109832 0.10665588953611363 0.04678531830900475 -0.0058543613461565485 0.006851246153357439 0.04263266288532987 0.14345858335545103 0.15514291376760006
2 0.34157818221648895 0.02012226932186417 0.3109286234618246 -0.0016729828329304236 0.29352400618759344 0.022802248559684875 0.3241735649422578 0.04459750071447947