2 0.2333340489830838 0.516379358432958 0.20061531681957992 0.49529111439969387 0.14603822434954303 0.5799683055386625 0.1787569565130469 0.6010565495719267
2 0.45996474364264617 0.3968422350944903 0.4573044852264537 0.34895762158841676 0.4045608966821547 0.3518878232764259 0.4072211550983472 0.39977243678249946
2 0.6276454476909769 0.4084304435889472 0.5629536927023339 0.3781061913106663 0.5443561793502554 0.41778089676193236 0.6090479343388983 0.44810514904021326
2 0.8186225724765737 0.4776946081146454 0.7694589936877291 0.43237509173316313 0.7407647057360947 0.4635032678289785 0.7899282845249392 0.5088227842104609
2 0.8522127282698662 0.4011837862818768 0.8047603560883103 0.3697941043261777 0.7829618230715899 0.4027473563910187 0.8304141952531457 0.43413703834671785
2 0.7975080184491264 0.5283195308257518 0.7272524334029007 0.47451696278260613 0.695525264564491 0.5159464128938974 0.7657808496107167 0.5697489809370431
2 0.6462583236053121 0.15201396302826659 0.6399351551390837 0.12118851436141523 0.5950767826422585 0.13039023108203096 0.6013999511084869 0.16121567974888235
2 0.7026868157298757 0.14635047354611147 0.692838142371306 0.11403451395513502 0.6568165389074054 0.1250125263941323 0.6666652122659749 0.15732848598510873
3 0.6812380598461808 0.27327070713416546 0.6519197356715677 0.2011964925985518 0.5491331852577519 0.24300797018785533 0.5784515094323649 0.31508218472346894
2 0.4776222277490847 0.2786474992093781 0.43419255432265647 0.2646879705264037 0.42294376609700735 0.29968422363621117 0.46637343952343563 0.31364375231918556
2 0.5334209636430766 0.6640113378857334 0.5230074427486558 0.6105606989168624 0.46107199282184663 0.6226272731311351 0.47148551371626746 0.6760779121000061
2 0.22569420411691007 0.7451439205754747 0.18326499313012498 0.7250293282785543 0.1356685527132979 0.8254280528887812 0.178097763700083 0.8455426451857015
3 0.40819888840292234 0.6844290399796958 0.36156758216449336 0.6534629372480778 0.29254286753516257 0.7574060337945487 0.33917417377359155 0.7883721365261666
2 0.906275143551061 0.5426149427718835 0.852654453265915 0.49495210696286485 0.8243785914622015 0.5267624514920425 0.8779992817473474 0.5744252873010611
2 0.26196289283674273 0.9419039105396029 0.21871347097110044 0.9283884716647492 0.19633487740384623 1 0.23958429926948852 1.0135154388748535
2 0.09270833413461552 0.9601851850961538 0.037847223557692426 0.9601851850961538 0.037847223557692426 1 0.09270833413461553 1