3 1 0.5546296298076923 0.999443560007593 0.4379010639358081 0.9497227623213493 0.43813808081407046 0.9502792023137563 0.5548666466859546
2 0.23305126201371676 0.738432980502429 0.19551847070330802 0.7187767990744368 0.1496170393136239 0.8064239777245394 0.18714983062403265 0.8260801591525316
1 0.24277499425170143 0.2433329587042073 0.11808414228916675 0.11899634102970755 0.07239928660335838 0.16481135259904017 0.19709013856589305 0.28914797027353994
2 0.7147511810723882 0.16768672213857622 0.7055764472971597 0.13328146750409192 0.6638557515875539 0.14440698539720165 0.6730304853627824 0.17881224003168594
2 0.832727609713839 0.5517847819515951 0.764766999806694 0.4980875008905977 0.7364413281999451 0.5339371729854924 0.80440193810709 0.5876344540464897
0 0.13039453449268482 0.2581366054521551 0.1268060018183217 0.22623851975298595 0.11374217451449965 0.2277081995191678 0.11733070718886275 0.25960628521833695
2 0.30224018578141465 0.7254340065864049 0.26421855395545496 0.7059911265054476 0.20682905355005424 0.8182194818727697 0.24485068537601398 0.8376623619537272
2 0.2735007582651308 0.24474383607725114 0.22975720493233992 0.20845289211510012 0.20615769613442453 0.23689873173850381 0.24990124946721542 0.27318967570065483
0 0.6199995394613216 0.10177119630895068 0.611708174789731 0.0786080241069959 0.5960530966156304 0.08421183177945149 0.604344461287221 0.10737500398140626
2 0.27574227761753894 0.2053836871695376 0.23768095228451738 0.16671821567427395 0.21519696744545655 0.1888508893142953 0.25325829277847817 0.22751636080955892
0 0.5304841330675412 0.7188726704003737 0.5129875107522457 0.6846570589912682 0.48994182189562974 0.6964417881635404 0.5074384442109252 0.730657399572646
2 1.0000000000000002 0.7564814807692307 0.9994791658653848 0.7027777788461537 0.9836221799640996 0.7029315645114573 0.9841430140987149 0.7566352664345343