2 0.9251634671223368 0.6240765904506831 0.8546691389029087 0.5688493930001551 0.822632240113914 0.6097426441992057 0.893126568333342 0.6649698416497334
3 0.33289419823837874 0.15403049945991737 0.24405512436737442 0.08634358928856886 0.20260765165932504 0.14074339983325918 0.29144672553032935 0.20843031000460768
2 0.8234285872565095 0.550936491135652 0.7558872307049739 0.49394846880548565 0.7266017186383871 0.5286572221786766 0.7941430751899226 0.5856452445088429
2 0.2115305873765678 0.1143908011370577 0.18385717547022667 0.07977056811860098 0.1604079739121997 0.09851450358674606 0.18808138581854086 0.13313473660520275
2 1.025158093153785 0.7141270936378566 0.9450437778958709 0.6455518760173706 0.9132954501701653 0.6826424697418434 0.9934097654280793 0.7512176873623294
3 0.46633877345647945 0.1396553400418014 0.4251135187656182 0.03645198762037621 0.36277106788255165 0.061355087717475124 0.40399632257341295 0.1645584401389003
3 0.8028027579901177 0.33419232776153235 0.7202361723374118 0.21536634474865413 0.6692436621990143 0.25079864119792605 0.7518102478517203 0.3696246242108043
1 0.9200982839757132 0.9840471687956474 0.6770833341346153 0.6953703701923076 0.6045328612215407 0.7564450724933565 0.8475478110626385 1.045121871096696
2 0.48376852260913394 0.45656798911523 0.44038897950700007 0.4136222445974764 0.4133805059644491 0.4409035330072649 0.45676004906658296 0.48384927752501855
1 0.7525501532135104 0.642252500913923 0.5442708341346153 0.45833333413461536 0.483537246489433 0.5271111048339339 0.691816565568328 0.7110302716132415
0 0.6812499999999999 0.8796296298076923 0.6625000000000001 0.8796296298076923 0.6625000000000001 0.9240740745192307 0.6812499999999999 0.9240740745192307
2 0.31028668838513657 0.8242760571618144 0.27236264786866016 0.8087616768149134 0.22862002253123934 0.9156880933717146 0.2665440630477157 0.9312024737186158
2 1.0305600847641545 0.8892101049692612 0.9484635235921715 0.8085538299708026 0.9127844137734087 0.8448700647814722 0.9948809749453917 0.9255263397799307
2 0.21705948159012564 0.7603099972218151 0.1767724993084707 0.7393653437902018 0.1242166129797225 0.840456444114981 0.16450359526137748 0.8614010975465943
2 0.41213003164086387 0.46421774301266844 0.3686817490450558 0.41533844389211616 0.3398527319211345 0.4409642467472322 0.3833010145169426 0.48984354586778445
3 0.62035677206032 0.21520014862664089 0.4697480818794999 0.13356942063326252 0.4292784733483656 0.2082358469022907 0.5798871635291858 0.2898665748956691
2 0.2186314662710829 0.041098338193291076 0.18698634846558596 0.012969347834057548 0.16491738523628005 0.037796934331747814 0.19656250304177697 0.06592592469098134
2 0.2340917963190859 0.3457766085138294 0.20824746071536243 0.2814529457534913 0.18428791227581745 0.291079552576122 0.21013224787954085 0.3554032153364601
2 0.6897019341748098 0.13330550441202277 0.6866635461094736 0.10140241526442617 0.6425912922480894 0.1055997708723858 0.6456296803134257 0.13750286001998238
3 0.24739583413461552 0.9453703701923076 0.18286458413461554 0.9453703701923076 0.18286458413461554 1 0.24739583413461552 1
2 0.1529525838345677 0.16681992660831899 0.11525143786761824 0.12440612923900123 0.09032686661052962 0.14656129942913615 0.12802801257747906 0.18897509679845387
3 1.018866529936644 0.44912338060238455 0.8775908378018481 0.3572717587772092 0.8238597720783013 0.43991475787070694 0.9651354642130971 0.5317663796958824
2 0.5873875116894771 0.2988283306434858 0.5433489118158308 0.2665909248251921 0.519673558783211 0.2989331487915885 0.5637121586568573 0.33117055460988215