1 0.02604166586538462 0.023180076923076925 2.8387407007835585e-18 0.023180076923076925 7.315817863680817e-18 0.09629629567307692 0.026041665865384624 0.09629629567307692
2 0.6183852099002418 0.2775620069868958 0.5725612514434094 0.24442147425225122 0.5484831340014575 0.2777146823673189 0.59430709245829 0.3108552151019635
2 0.39751057357378705 0.44571344632365234 0.3532122816177532 0.39954817514109386 0.3261759351697276 0.4254911391419552 0.37047422712576145 0.47165641032451366
3 0.2588541658653846 2.9149145118140853e-17 0.2109375 2.6215095544248028e-17 0.2109375 0.044444444711538494 0.2588541658653846 0.044444444711538494
2 0.3300088572281185 0.8358023680852443 0.292531646140603 0.818497125267993 0.24819669990854706 0.9145113884620378 0.2856739109960626 0.9318166312792889
2 0.26354166586538474 0.9314814807692307 0.1969525697115386 0.9314814807692307 0.1969525697115386 1 0.26354166586538474 1
2 0.17138431854500952 0.21787435950802683 0.1363061668789468 0.18385917901285234 0.11300070294147524 0.20789293649247403 0.14807885460753795 0.2419081169876485
2 0.8626613776171398 0.7529094931461606 0.7957290999454526 0.6854814120533018 0.7628441911715237 0.7181245157808648 0.8297764688432109 0.7855525968737236
2 0.7216382708695706 0.18757502239697088 0.7138071190973378 0.15380318101455678 0.6701612791641142 0.16392395568222523 0.6779924309363469 0.1976957970646393
3 0.9369455346636756 0.99877416411763 0.8171875000000001 0.8833333341346155 0.7629072175391263 0.9396435663935129 0.8826652522028018 1.0550843963765273
2 0.8250740358906901 0.5731477984805495 0.7648945899477824 0.5155401159708167 0.7339056287754399 0.5479125085485389 0.7940850747183474 0.6055201910582718
2 0.9177620992465767 0.6545093866632453 0.8518995054506759 0.5822663568719446 0.8161983765157536 0.6148143958992199 0.8820609703116541 0.6870574256905209
2 1.0268489812958477 0.7330825809716104 0.945097984831168 0.6725262849649819 0.9149090273376236 0.7132813760137634 0.9966600238023033 0.7738376720203919
3 0.5975188370294305 0.6399605937016611 0.5246544610290511 0.5536028188900647 0.48555957657274385 0.5865891292359542 0.5584239525731233 0.6729469040475506