0 0.8984375 0.0824074062500001 0.8802083341346154 0.0824074062500001 0.8802083341346154 0.11296296394230779 0.8984375 0.11296296394230779
2 0.8890684199570659 0.44363528863010415 0.8186235079335874 0.3978174561902766 0.7925707923024723 0.43787350342945747 0.8630157043259508 0.483691335869285
0 0.1906905100818604 0.31546203225125863 0.18389621083117083 0.2757746806620722 0.17302813549262583 0.2776352471441459 0.1798224347433154 0.31732259873333235
2 0.44627909522768733 0.13301939723052492 0.42060153237756237 0.08322047211607658 0.3946463163805842 0.09660362624077501 0.42032387923070913 0.14640255135522334
2 0.9901819826385628 0.5352916059871042 0.9270527098183421 0.4816164723521721 0.8991597184521152 0.5144224318809738 0.9622889912723358 0.568097565515906
2 0.2994424958542068 0.20331145720025756 0.2585626875641245 0.16060665805525814 0.23368226948150939 0.1844238107350056 0.2745620777715917 0.22712860988000502
2 0.2454104033108928 0.16002009073288687 0.20715017279350728 0.12115255657087855 0.19088234845452037 0.13716619681447184 0.2291425789719059 0.17603373097648017
3 0.2528973457721297 0.22221723162656695 0.21121714560813645 0.13654125961316324 0.17701226920083893 0.15318146878426864 0.21869246936483216 0.23885744079767235
3 0.23581515054996535 0.26344588898908017 0.1910483037671309 0.14975230548524218 0.14027440834341987 0.16974452603939688 0.18504125512625433 0.2834381095432349
3 0.1757670763041624 0.16504703313520105 0.08221266270025678 0.08345661252023119 0.04024071449746943 0.13158310791428512 0.13379512810137506 0.213173528529255
2 0.81882403589069 0.5388885388651649 0.7586445899477827 0.48128085635543205 0.7276556287754402 0.5136532489331542 0.7878350747183475 0.571260931442887
2 0.9115120998228292 0.6211760557971332 0.8456495068660355 0.5489330222373777 0.8099483753788176 0.5814810614790394 0.8758109683356115 0.653724095038795
2 0.8840513282558237 0.5099310647024868 0.8205188545989238 0.45048547784295295 0.7867241876277075 0.486603529703823 0.8502566612846073 0.5460491165633569
2 1.0227926181026694 0.6953550643358343 0.9323676251812844 0.6482001054764317 0.9063966506240045 0.6980024008724596 0.9968216435453895 0.7451573597318621
3 0.08151141568271464 0.10357041974022975 0.03455957389171556 0.0573521830977651 0.009700548035418635 0.08260578716994695 0.0566523898264177 0.1288240238124116
1 0.18157178722708536 0.10145899685163737 0.04580943301788875 -0.01183022406109151 0.0029845797996086274 0.03948977659506762 0.13874693400880525 0.1527789975077965
2 0.3827737938553782 0.05182126113191547 0.3493125057849785 0.025382725243922096 0.3307456827124739 0.04888137199248726 0.3642069707828736 0.07531990788048064