2 0.939503065812151 0.4818479544641506 0.8683293723278896 0.4257986791602986 0.8372872242444581 0.4652172857489795 0.9084609177287195 0.5212665610528315
0 0.18964884456150494 0.3145361065276581 0.18285454087104863 0.27484875517208185 0.1719864687836678 0.27670932232431794 0.1787807724741241 0.31639667367989416
2 0.22239583413461553 0.9564814807692308 0.1757965697115386 0.9564814807692308 0.1757965697115386 1 0.22239583413461553 1
2 0.1751504206132554 0.8265123042575298 0.12735392626178751 0.8020434525218576 0.05705846424718205 0.9393558482734203 0.10485495859864993 0.9638247000090925
2 0.45794070924314634 0.29543517676601966 0.43108854084071696 0.28768935765137915 0.4134411375198562 0.34886701218008753 0.4402933059222856 0.3566128312947281
2 0.29713796792146013 0.20132534235766078 0.2562074411775017 0.15974512642647587 0.232070223595772 0.1835052009626155 0.2730007503397304 0.22508541689380035
2 0.24480882527171294 0.1585221481248778 0.20648873823903222 0.11972305861860681 0.18887001597669784 0.13712426516981105 0.22719010300937856 0.17592335467608206
3 0.25098167430233553 0.214583504854545 0.2022044455193709 0.13406236297911653 0.17178171831370148 0.1524915145106287 0.22055894709666615 0.23301265638605717
3 0.2337928737067534 0.2624056822752149 0.18891542330833408 0.14989241730257127 0.1384089423675728 0.17003761612662835 0.18328639276599215 0.28255088109927196
3 0.174032370640802 0.16666631449177416 0.08380371739196842 0.08029358540901625 0.04139402920023713 0.12459656264360675 0.1316226824490707 0.21096929172636464
2 0.818824036536401 0.5351848261339923 0.7597030656154858 0.478590405348653 0.7287141131855677 0.5109628005433648 0.7878350841064828 0.5675572213287041
2 0.911512098626026 0.6156204991959284 0.8456495068660355 0.5433774669489163 0.8099483753788176 0.575925506190578 0.8758109671388081 0.6481685384375901
2 0.8872744931378121 0.5021191215460397 0.8211022179085121 0.44628626163704627 0.7879724046913391 0.48555122356225383 0.8541446799206391 0.5413840834712473
2 1.023917932151197 0.6958738240519433 0.9338228380012735 0.6386705811848454 0.9059901916576414 0.6825069926728623 0.996085285807565 0.7397102355399602
3 0.07890725335454116 0.1054222579161696 0.03195539769405774 0.05920403785641229 0.007096376583922388 0.08445765362774439 0.054048232244405796 0.13067587368750172
1 0.12039343733829734 0.05258445636720247 0.02156245448607652 -0.026833282001466882 -0.01913136573551706 0.02380792651345974 0.07969961711670377 0.1032256648821291
3 0.4659379309532856 0.14748649645775436 0.418861850861049 0.07334168131198868 0.37345031136620255 0.10217440907816266 0.42052639145843906 0.17631922422392834
2 0.3092713721879176 0.5945050558741388 0.26990958204929744 0.575527047828951 0.229677527602751 0.6589712997335686 0.2690393177413712 0.6779493077787564