2 0.9245991307302023 0.47613939259662597 0.8582286398987591 0.4149583593890697 0.8252960074418854 0.4506843820784719 0.8916664982733287 0.5118654152860281
0 0.18964884456150494 0.3145361065276581 0.18285454087104863 0.27484875517208185 0.1719864687836678 0.27670932232431794 0.1787807724741241 0.31639667367989416
2 0.26339695863164997 0.9112822183031055 0.22397877003738842 0.8927791517480614 0.17537179484165802 0.9963294962037792 0.2147899834359196 1.0148325627588233
2 0.1961771246577297 0.7840026249691222 0.14998645825403603 0.7608445335544295 0.08502988811891268 0.8904056104200303 0.1312205545226064 0.9135637018347229
2 0.45923283667851506 0.26835080381299814 0.43441103438635886 0.2636967153462087 0.42319116942742646 0.32353598822264973 0.44801297171958265 0.3281900766894392
2 0.29713796792146013 0.20132534235766078 0.2562074411775017 0.15974512642647587 0.232070223595772 0.1835052009626155 0.2730007503397304 0.22508541689380035
2 0.24480882527171294 0.1585221481248778 0.20648873823903222 0.11972305861860681 0.18887001597669784 0.13712426516981105 0.22719010300937856 0.17592335467608206
3 0.2509816720488516 0.2164353620350599 0.2022044487500276 0.13591421313241134 0.1725730610877016 0.15386399194650566 0.22135028438652557 0.23438514084915418
3 0.2337928726570112 0.2633316085069373 0.18891542407887368 0.1508183427870225 0.13840894297998646 0.17096354072324058 0.18328639155812398 0.2834768064431554
3 0.174032370640802 0.16666631449177416 0.08380371739196842 0.08029358540901625 0.04139402920023713 0.12459656264360675 0.1316226824490707 0.21096929172636464
2 0.818824036536401 0.5351848261339923 0.7597030656154858 0.478590405348653 0.7287141131855677 0.5109628005433648 0.7878350841064828 0.5675572213287041
2 0.911512098626026 0.6156204991959284 0.8456495068660355 0.5433774669489163 0.8099483753788176 0.575925506190578 0.8758109671388081 0.6481685384375901
2 0.8862328291635934 0.5030450336831228 0.8200605437453746 0.4472121893356715 0.7869307387846156 0.48647715846514294 0.8531030242028343 0.5423100028125942
2 1.023917932151197 0.6967997495327135 0.9338228380012737 0.6395965066656141 0.9059901916576414 0.6834329181536299 0.9960852858075646 0.7406361610207294
3 0.07890725335454116 0.1054222579161696 0.03195539769405774 0.05920403785641229 0.007096376583922388 0.08445765362774439 0.054048232244405796 0.13067587368750172
1 0.1250809394480867 0.05906592413701842 0.020236895316929383 -0.025183706271456077 -0.020456913773379232 0.02545750717296575 0.0843871303577781 0.10970713758144025
3 0.45528017225124845 0.11845465348715048 0.4014870588618195 0.05793742419990092 0.35649065672090197 0.09793424148632451 0.410283770110331 0.15845147077357408
2 0.32936537132189664 0.562844394425229 0.29010862195354936 0.5440548401249813 0.25057023870620376 0.6266618235993171 0.289826988074551 0.6454513778995649