0 0.5412861686842694 0.07927467593039493 0.5380524255041358 0.04478147006710388 0.5197239332340081 0.046499768943571426 0.5229576764141417 0.08099297480686249
2 0.8629082616234427 0.4489971024069434 0.7962306029940769 0.40340553919744526 0.7689519925308298 0.44330050546552247 0.8356296511601956 0.48889206867502055
2 0.007291665865384623 0.05582788701923077 6.836944314126104e-18 0.05582788701923077 8.294380720127005e-18 0.07962962980769231 0.007291665865384624 0.07962962980769231
0 0.2093268343748946 0.34515231659416057 0.2055052036611921 0.30948373533894735 0.19361295265765183 0.3107579040916938 0.19743458337135436 0.346426485346907
3 0.946060363034346 0.4390402442752189 0.8665331202586865 0.386022079366039 0.829674145494804 0.4413105383221439 0.9092013882704636 0.49432870323132383
2 0.9860764131147298 0.5524691596297522 0.9247332047521254 0.5028988814063743 0.8967925394007383 0.5374754486129631 0.9581357477633428 0.587045726836341
2 0.3040624998846153 0.23226852039903842 0.2679236123239315 0.18408333235160265 0.24370138983504278 0.20224999747147449 0.2798402773957266 0.25043518551891025
2 0.24951704043785095 0.1868205807622284 0.2173539618722287 0.1459785754770818 0.1933079261573011 0.16491482825143416 0.22547100472292333 0.2057568335365808
3 0.28161921707496984 0.26489725331117 0.23990469490316146 0.17950186807115895 0.20520278795354935 0.19645329305489898 0.24691731012535764 0.28184867829491
3 0.2526992629543611 0.2978254322873386 0.20910480748078933 0.18455437135892966 0.15786751014380626 0.20427398958299672 0.20146196561737803 0.3175450505114057
3 0.1834414935542879 0.18991465436520544 0.09129614711834762 0.10485741401774694 0.04954073384055165 0.15009244640700709 0.14168608027649196 0.2351496867544656
2 0.8209073700253053 0.5638885388651647 0.7607279228280144 0.5062808551546543 0.7297389616556718 0.5386532477323764 0.7899184088529627 0.5962609314428868
2 0.9141162658041542 0.6452501278068176 0.8482536751352663 0.5730070967566087 0.8125525423353047 0.6055551371950736 0.8784151330041927 0.6777981682452824
2 0.8701600867172974 0.5183414384210773 0.8039419389624272 0.46257878683353487 0.7724394473653425 0.49998799503711944 0.8386575951202128 0.5557506466246618
2 1.0247268961786065 0.7251835063466245 0.9398896522487268 0.6623411010185859 0.909700695606855 0.7030961909176087 0.9945379395367347 0.7659385962456473
3 0.08847347016692104 0.12903125033621016 0.042144939867789145 0.08196734880295432 0.017677075363595966 0.10605290408222888 0.06400560566272787 0.15311680561548474
1 0.20489127168424967 0.14689138992646497 0.07523418583696607 0.024058358431727288 0.034434306169394524 0.0671248971000642 0.1640913920166781 0.1899579285948019