2 0.44365677145926335 0.37931888651168105 0.44254044330811126 0.3366193122693675 0.3830608542345031 0.33817433338796277 0.3841771823856552 0.38087390763027634
2 0.6678622928439483 0.4243446860478928 0.6146084056227326 0.3895666400143182 0.5901693690982671 0.42698891766650754 0.6434232563194827 0.4617669637000823
2 0.8075610610382539 0.5344987334291103 0.7405854956027629 0.47496487601992077 0.7097808903548901 0.5096200444279216 0.7767564557903811 0.5691539018371111
2 0.8170028337066044 0.467805379793063 0.7662192150518705 0.42447002995791117 0.7393724143512024 0.45593112797762664 0.7901560330059362 0.4992664778127785
2 0.8519430907195868 0.3938586981204041 0.8051346485434979 0.3610106699195223 0.7827359872020149 0.3929287636879776 0.8295444293781038 0.42577679188885936
2 1.0202146635751457 0.6930134058140538 0.929348597369006 0.6244143621055779 0.8918008400576208 0.6741499971422341 0.9826669062637604 0.74274904085071
2 0.645737491777479 0.14368062842046506 0.6394143237844367 0.11285518206039608 0.5945559508144255 0.12205689887807566 0.6008791188074677 0.15288234523814465
2 0.7021659809249203 0.13709121413502082 0.6933501274265795 0.10816419472438533 0.6573285246330186 0.11914220695908868 0.6661443781313595 0.14806922636972417
3 0.5184406867746684 0.2546037409859825 0.41065572631469976 0.20796602215993543 0.3777380966694732 0.2840423290432187 0.4855230571294418 0.33068004786926575
2 0.33222020072185693 0.20630981098433815 0.298930133075107 0.17688375758189323 0.2794504494319679 0.1989213708951182 0.3127405170787178 0.2283474242975631
2 0.3557560087687954 0.7294100738033659 0.3159847461167328 0.7117339655672489 0.27586448673009406 0.8020045925865262 0.31563574938215666 0.8196807008226432
2 0.2278385690960985 0.7357671302690728 0.18554504857562873 0.7149507940353919 0.13659688483997134 0.8144010596418714 0.17889040536044115 0.8352173958755522
3 0.28451392300578654 0.8908422090944027 0.23588805498340962 0.8682411574684424 0.1759127697501867 0.9972772020127282 0.2245386377725636 1.0198782536386886