2 0.9261037726899626 0.6410682018058164 0.8573580060975611 0.586071588531895 0.8269379514540337 0.624096656836304 0.8956837180464353 0.6790932701102252
3 0.33966503342198434 0.16514161502316277 0.2508259641349675 0.09745469858184082 0.20931472353244326 0.15193819663385594 0.2981537928194601 0.21962511307517787
2 0.8260136964945194 0.5656585485314582 0.7578657601569514 0.5109447917740639 0.7306131291348537 0.5448889161404494 0.7987610654724216 0.5996026728978437
2 0.21830141910733702 0.12457598623321155 0.19062800720099587 0.08995575321475482 0.1671788071096697 0.10869968751050411 0.19485221901601085 0.14331992052896084
2 1.0261381484988106 0.7301671527938953 0.947944027700773 0.6620797605033873 0.9159007006967597 0.6988795217841868 0.9940948214947972 0.7669669140746949
3 0.8853298764382014 0.3526928935583975 0.7671025172119281 0.28268983618183297 0.7148722957648499 0.3709008570273137 0.8330996549911232 0.44090391440387816
3 1.017227831996191 0.4701263028753881 0.9338541658653845 0.4277777788461539 0.8958275980658035 0.5026425926855725 0.9792012641966098 0.5449911167148067
2 0.45453394507532774 0.3695321213083108 0.404619554339258 0.3285767305970803 0.3801707442109141 0.3583737228998176 0.4300851349469838 0.3993291136110481
2 0.4171690911774644 0.40076037928940733 0.37124624927880007 0.3577077067300491 0.346271150344722 0.3843478071366349 0.3921939922433864 0.4274004796959932
1 0.34155287281608654 0.35370430268021635 0.20061367629903992 0.21927588032920026 0.1516114819021375 0.2706513988771894 0.2925506784191841 0.4050798212282055
2 0.322632647549298 0.2586110409515012 0.27699602239247856 0.21193722295069642 0.2523829985270386 0.23600329237110612 0.29801962368385804 0.2826771103719109
3 0.14871634885019633 0.22769753737289172 0.11058643438328894 0.15426214518983378 0.07376004276641555 0.17338354048348037 0.11188995723332294 0.24681893266653832
2 0.13377155154878959 0.1514623235324249 0.10480603261040737 0.11887611786003392 0.08392600565813743 0.13743614360222492 0.11289152459651965 0.17002234927461585
1 0.2885933363279797 0.2410262456657429 0.15589179237757506 0.12992727963122672 0.11345670916748377 0.18061362947442425 0.24615825311788841 0.2917125955089404
0 0.27656250000000004 0.40648148076923074 0.26145833413461544 0.40648148076923074 0.26145833413461544 0.43981481490384616 0.27656250000000004 0.43981481490384616
2 0.31696456301207765 0.834908720233644 0.2800605821736442 0.8194222274735397 0.23573602694113405 0.9250466940529948 0.27264000777956743 0.9405331868130993
2 0.5362483640022943 0.25182202193297604 0.48955223111216956 0.21350723900172702 0.4670942504358777 0.24087789778859106 0.5137903833260024 0.27919268071984005
2 0.2260272984618806 0.1791538965724765 0.20594468673225685 0.16130268099675255 0.2036458341346154 0.16388888942307697 0.22372844586423912 0.18174010499880092
2 0.22383031346735852 0.7704951800840814 0.18354333244039084 0.749550528889478 0.13162370205644786 0.8494178002405547 0.1719106830834155 0.8703624514351578
2 0.06573761327501958 0.1505813509106882 0.038209829349322585 0.11293652119891759 0.013266462727161553 0.13117635949840117 0.040794246652858544 0.1688211892101718