2 0.23409292816841265 0.7458403898261756 0.19656013967205854 0.7261842089920876 0.15065870826631358 0.8138313837496588 0.1881914967626677 0.8334875645837467
1 0.24460013512696002 0.24966976083107678 0.11990928195908292 0.12533314195465883 0.075003452468743 0.1703669078875017 0.1996943056366201 0.2947035267639197
2 0.7152720152070037 0.17231635194626863 0.706097281272184 0.13791109671331653 0.6643765855625781 0.14903661460642617 0.6735513194973978 0.18344186983937824
2 0.8332484408645049 0.5582662459835951 0.7652878186834683 0.5045689900763074 0.7369621530037023 0.5404186779376878 0.8049227751847389 0.5941159338449755
0 0.08525243704630084 0.22085179775753588 0.07790773665700562 0.18914133206188322 0.0665384930741712 0.19177464841145309 0.07388319346346645 0.22348511410710575
2 0.2778099491905841 0.7776160112073955 0.24018388741193947 0.7591725215564333 0.1804131608313191 0.8811091557529658 0.21803922260996378 0.899552645403928
3 0.22649225173612988 0.5716950315627488 0.18141839292270162 0.5397677156255745 0.10723446619939087 0.6444979674867699 0.15230832501281913 0.6764252834239441
2 0.26391495944542487 0.2551984605786759 0.23125924442369394 0.2054373662370324 0.2060791150117759 0.2219618245747134 0.23873483003350685 0.2717229189163569
0 0.7090518069787122 0.10466275500526656 0.707380242008206 0.08088931710139079 0.6888520499225904 0.0821920768024636 0.6905236148930965 0.10596551470633936
2 0.22852290845388262 0.16880863489794654 0.1918138630183921 0.13255278615979646 0.17082782765378127 0.15380114614922027 0.20753687308927177 0.19005699488737038
0 0.43465328085384425 0.7060486038037254 0.42138613249422063 0.6975197209580712 0.40123345216991874 0.7288683283366825 0.41450060052954235 0.7373972111823365