2 0.9253345187617261 0.6284157626055347 0.8566240412171668 0.5734473805698875 0.8255942304760786 0.6122346439962478 0.8943047080206378 0.667203026031895
3 0.33601919812855646 0.15495642904410406 0.24718013000035216 0.08726951348568693 0.2057326548778793 0.14166931935318197 0.2945717230060836 0.2093562349115991
2 0.824433001946104 0.5523524180705063 0.75637158244344 0.49770813299299516 0.728506534915517 0.5324150504056662 0.796567954418181 0.5870593354831773
2 0.21413475187925018 0.11716857935915878 0.18646134347650298 0.08254834599330153 0.1630121399755757 0.1012922804533234 0.1906855483783229 0.13591251381918065
2 1.0260604194807004 0.7176085944309466 0.9470741486896197 0.6502069778557907 0.9153261578083562 0.6874116553136985 0.994312428599437 0.7548132718888543
3 0.6579258624967065 0.20103229596766795 0.5618845494738214 0.13543264220892237 0.5138890311919476 0.20570058313369444 0.6099303442148327 0.27130023689244004
3 0.9033035309555656 0.41884923561187304 0.8079388997965532 0.2901069884988331 0.7569064604467527 0.3279087968785274 0.8522710916057653 0.4566510439915674
1 0.6651387428734729 0.6805567753943088 0.4651041658653847 0.4694444447115385 0.4036795999627041 0.5276458629731339 0.6037141769707922 0.7387581936559042
2 0.7534688486482986 0.6170357640369932 0.6802083341346153 0.5500000000000002 0.6455004826518577 0.5879307239026642 0.7187609971655409 0.6549664879396573
3 0.2514848239136134 0.41798616231075136 0.21406282048734568 0.4106002395950997 0.18963372933200662 0.5343742849122046 0.22705573275827431 0.5417602076278563
2 0.29880028595327524 0.2931960433631343 0.26500718369081716 0.255178800327002 0.239454022487704 0.2778927196095017 0.2732471247501621 0.3159099626456339
1 0.4997213256804734 0.41629551073224863 0.3375 0.2740740745192308 0.2855844873617629 0.3332902061222201 0.44780581304223627 0.4755116423352378
0 0.4951695090086481 0.6845895755510656 0.4877035409087715 0.6341527944391263 0.4681752984183443 0.6370434871492063 0.4756412665182209 0.6874802682611456
2 0.31289085630974517 0.8252019834849933 0.27606194685473995 0.8101356113035193 0.23231932151731913 0.917062027860321 0.2691482309723243 0.9321284000417948
2 0.5553440026408897 0.44383147638442016 0.5040647669521312 0.4033145491769718 0.47834145577262177 0.4358706146928891 0.5296206914613802 0.4763875419003375
2 0.22018448140036184 0.7612359220526905 0.17989749878718314 0.7402912692725944 0.12734161399910657 0.841382370610382 0.16762859661228527 0.8623270233904781
2 0.22450810216346156 0.2819155084134616 0.18813657451923077 0.24554398076923079 0.16319444350961537 0.2704861117788462 0.19956597115384617 0.306857639423077
3 0.8773994877224888 0.39553677048283586 0.6919040163970414 0.2798829322885281 0.6410246694012467 0.36148756036718743 0.8265201407266941 0.4771413985614952
2 0.5594934440242167 0.2707492026699467 0.508330689264663 0.24043053201670125 0.48626639125725407 0.27766403347214635 0.5374291460168078 0.3079827041253918
2 0.11892294219463768 0.1945317753024525 0.08331936731275988 0.1493208934942397 0.058308921565063614 0.1690166225398406 0.09391249644694143 0.2142275043480534
2 0.8358381991029457 0.09695921831125989 0.7927772383471203 0.09426790438232364 0.7908202261888975 0.12558005375213616 0.8338811869447227 0.1282713676810724
3 0.24947916586538474 0.9490740745192308 0.1860677091346155 0.9490740745192308 0.1860677091346155 1 0.24947916586538474 1
2 0.011458334134615389 0.03822751201923077 4.6815200233717935e-18 0.03822751201923077 6.6497024422270926e-18 0.07037037019230769 0.01145833413461539 0.07037037019230769