2 0.9266566751537499 0.6427445788386843 0.8565006212271414 0.5889851499007418 0.8260563351513753 0.6287149427553881 0.8962123890779838 0.6824743716933306
3 0.33966503342198434 0.16514161502316277 0.2508259641349675 0.09745469858184082 0.20931472353244326 0.15193819663385594 0.2981537928194601 0.21962511307517787
2 0.825661058634066 0.5661391554861743 0.7573116986227225 0.5129785432393604 0.730809294486267 0.5470530635454597 0.7991586544976104 0.6002136757922736
2 0.21986391774463482 0.12550191349377415 0.1921905081694919 0.09088167866121596 0.16874130730766124 0.10962561101169686 0.19641471688280415 0.1442458458442551
2 1.0261381484988106 0.7329449316400493 0.9479440265102703 0.6648575383129132 0.9159006995062569 0.7016572995937126 0.994094821494797 0.7697446929208488
3 0.9081319680128839 0.3723771093276298 0.7879358366625492 0.30120835750055297 0.7354345574304856 0.3898771973021925 0.8556306887808204 0.4610459491292693
3 1.0206653849422738 0.4750485036345848 0.9574871347387794 0.4480088962275823 0.9222384156618904 0.5303677988429977 0.9854166658653848 0.5574074062500002
2 0.39512589407091175 0.32482867471151283 0.3507738503743809 0.28324863494543934 0.3256814511101996 0.31001386159930655 0.3700334948067304 0.35159390136538005
2 0.37417561602857563 0.35764365124610503 0.32841955778905935 0.3193640746131465 0.30442873854989466 0.34804060186020574 0.350184796789411 0.3863201784931643
1 0.3114759553179666 0.32853492452758826 0.17429979898181788 0.1987631726511364 0.12862122904233905 0.24704803095523908 0.2657973853784878 0.37681978283169093
2 0.2870834495367373 0.24235959622668687 0.2535719804287774 0.18499016656951872 0.22825585167398701 0.19977819342927833 0.2617673207819469 0.2571476230864465
3 0.13130852147741395 0.20796400238730667 0.08867626310537716 0.13975239292733294 0.05426094920594076 0.16126196535541748 0.09689320757797756 0.22947357481539118
2 0.12435742642194589 0.1383753324700669 0.09245402197854574 0.11064112519297152 0.07315622031634308 0.13283990539053014 0.10505962475974323 0.1605741126676255
1 0.2647779518435622 0.22223435806479935 0.1357510625413435 0.11483625271943895 0.09400232215934515 0.16499272509344506 0.22302921146156385 0.2723908304388054
0 0.25468750000000007 0.3787037043269231 0.24062500000000006 0.3787037043269231 0.24062500000000006 0.4120370360576923 0.25468750000000007 0.4120370360576923
2 0.3165973114246222 0.8367097983881843 0.2796933305861888 0.8212233056280798 0.2354836339015543 0.9265740667459051 0.2723876147399878 0.9420605595060096
2 0.6091905936404343 0.31243286048265123 0.5583833135014997 0.27194276864466316 0.535118660888794 0.3011354345284131 0.5859259410277284 0.34162552636640126
2 0.20415229846188052 0.1624872307070919 0.18406968553862293 0.14463601407035956 0.18177083413461537 0.14722222115384617 0.20185344705787295 0.16507343779057854
2 0.224871981400362 0.7714211071488444 0.18458499878718315 0.7504764543687481 0.13266536705812193 0.8503437246793393 0.17295234967130077 0.8712883774594354
2 0.0569791665285146 0.13824074113063664 0.02709410976458887 0.10462005227122016 0.0058010070789124785 0.12354725465848805 0.035686063842838206 0.15716794351790453