2 0.9155364261283251 0.4635917971740851 0.8455408555692517 0.4117432243954105 0.8151673684027823 0.4527474304930593 0.8851629389618557 0.504596003271734
0 0.18964884456150494 0.3145361065276581 0.18285454087104863 0.27484875517208185 0.1719864687836678 0.27670932232431794 0.1787807724741241 0.31639667367989416
2 0.2788319593692966 0.8701258886772545 0.23598945225263013 0.8527211200645587 0.18750455937942306 0.9720685480134695 0.23034706649608955 0.9894733166261654
2 0.21311234449522237 0.7548730311544639 0.16747642806802746 0.7313420114638668 0.1015330001696384 0.8592322943357209 0.14716891659683332 0.882763314026318
2 0.4568138288426106 0.25146968125352936 0.4343893062421985 0.24894692158772036 0.4279010275235656 0.30662049023386306 0.45032555012397774 0.3091432498996721
2 0.29713796792146013 0.20225126783843 0.2562074411775017 0.1606710519072451 0.23207022359577195 0.1844311264433847 0.27300075033973037 0.2260113423745696
2 0.24480882527171294 0.1585221481248778 0.20648873823903222 0.11972305861860681 0.18887001597669784 0.13712426516981105 0.22719010300937856 0.17592335467608206
3 0.2509816720488516 0.2164353620350599 0.2022044487500276 0.13591421313241134 0.1725730610877016 0.15386399194650566 0.22135028438652557 0.23438514084915418
3 0.2337928726570112 0.2633316085069373 0.18891542407887368 0.1508183427870225 0.13840894297998646 0.17096354072324058 0.18328639155812398 0.2834768064431554
3 0.174032370640802 0.16666631449177416 0.08380371739196842 0.08029358540901625 0.04139402920023713 0.12459656264360675 0.1316226824490707 0.21096929172636464
2 0.818824036536401 0.5361107516147616 0.7597030656154858 0.47951633082942224 0.7287141119847901 0.5118887272785181 0.7878350829057053 0.5684831480638575
2 0.9115120998228293 0.6165464259894409 0.8456495068660355 0.5443033924296855 0.8099483753788176 0.5768514316713472 0.8758109683356115 0.6490944652311026
2 0.8857119950289779 0.5030450336831227 0.8195397096107594 0.4472121893356714 0.7864099046500004 0.4864771584651428 0.852582190068219 0.542310002812594
2 1.023917932151197 0.6967997495327135 0.9338228380012737 0.6395965066656141 0.9059901916576414 0.6834329181536299 0.9960852858075646 0.7406361610207294
3 0.07890725219601837 0.10634819032624236 0.031955402819515887 0.06012996145357555 0.007096378171988049 0.0853835726231665 0.05404822754849053 0.1316018014958333
1 0.12780289651639215 0.06038248980243284 0.019917531256980956 -0.0251289268574681 -0.020363621357026355 0.02569173583972852 0.08752174390238483 0.11120315249962946
3 0.4445192963105506 0.10487502455879506 0.38811595212996985 0.04916801581811326 0.34470366174207234 0.09312295814528469 0.4011070059226529 0.1488299668859665
2 0.34569311732418484 0.5483558752506501 0.30948301275975754 0.5239140556097317 0.2631292947150273 0.5925862331320512 0.2993393992794546 0.6170280527729696