2 0.28821633217470866 0.02538558769659403 0.2538371797450354 -0.0036218361118197906 0.23193097429122608 0.022341061573489415 0.2663101267208993 0.05134848538190324
2 0.09359585183098405 0.14337750995303936 0.06776134260259994 0.10112373869626007 0.04184988943844663 0.11696634057485002 0.06768439866683072 0.15922011183162932
3 0.8407848480753545 0.41156406435286574 0.7620285915165711 0.35428678760658217 0.7249515149984315 0.4052677684874813 0.8037077715572148 0.46254504523376483
2 0.32736302590708893 0.8254815485623797 0.28968646421155325 0.8082445212182388 0.24492639588077542 0.9060807340576976 0.2826029575763111 0.9233177614018385
2 0.24635416586538475 0.9518518509615385 0.18787202403846168 0.9518518509615385 0.18787202403846168 1 0.24635416586538475 1
0 0.42524120766120915 0.5859713433924821 0.4132697245967255 0.5469531767085664 0.3980370254031221 0.5516268458201847 0.41000850846760567 0.5906450125041005
3 0.48653841449195334 0.10898726663740116 0.4423381412921055 0.07326988276980637 0.40962411704491114 0.1137534975427325 0.45382439024475896 0.14947088141032733
2 0.04169101746739313 0.03492692344193373 0.011103725875450058 0.0014639073396830438 -0.010532513310375857 0.02124078444208418 0.020054778281567213 0.05470380054433487
2 0.8174444680374717 0.1523793381762721 0.8043023450361003 0.11985258613620615 0.7642202879786135 0.1360473578536103 0.7773624109799849 0.16857410989367624
2 0.5368462640641103 0.21099297723366178 0.501767243445265 0.17981162257425923 0.4780890809104318 0.20644955286460726 0.5131681015292769 0.2376309075240098
2 0.9346432601395074 0.8030802446223587 0.8552430536754402 0.7235196408617818 0.8219518766026055 0.7567437016163923 0.9013520830666727 0.8363043053769691
2 0.657442364910154 0.5390805716081652 0.6025789689211409 0.48395213585659974 0.5737346982111263 0.5126577326036086 0.6285980942001393 0.567786168355174
3 0.8362410078765948 0.8570158977975331 0.7030997360430469 0.6947500735664677 0.6365336387413337 0.7493684437485053 0.7696749105748817 0.9116342679795708
3 0.3844222582305574 0.3761878917090026 0.281703844112846 0.27218550141491255 0.23431383793426488 0.31899044758901035 0.3370322520519763 0.42299283788310044
2 0.8266365377371786 0.5620366782449928 0.7664570824885667 0.504429007736192 0.7354681288578706 0.5368014041852879 0.7956475841064825 0.5944090746940887
2 0.918803766424705 0.6433982748895193 0.8529411737199066 0.5711552462950217 0.8172400434722409 0.6037032865191003 0.8831026361770391 0.6759463151135978
2 0.2755000007641025 0.0689537018788457 0.24661110776623885 0.030435185289102717 0.2170555556619658 0.05260185363012843 0.24594444865982945 0.09112037021987142
2 1.0266367726435977 0.7231260073526685 0.9445771522487267 0.6623411010185859 0.9143881956068548 0.7030961909176088 0.9964478160017258 0.7638810972516914
3 0.18211151344210544 0.2074547663651927 0.1338466146907544 0.15655037300956562 0.1073849275711529 0.18163996872864155 0.15564982632250393 0.23254436208426862
1 0.45464755752013536 0.3644511064523961 0.2892315828209484 0.20549281294288327 0.2359830168992891 0.26090460202791177 0.401398991598476 0.4198628955374246