2 0.9215193668168902 0.6259689537739926 0.8517879632274763 0.5699838837975773 0.8207004257490342 0.6087045217002087 0.8904318293384481 0.6646895916766241
3 0.3307647463255829 0.15599518798848855 0.24311460968900095 0.08674076237060571 0.20057606016842078 0.14057861669594843 0.2882261968050027 0.20983304231383126
2 0.8206752867010808 0.5531002583486345 0.7539727029397615 0.4938090670819424 0.7243175286222522 0.5271711349812496 0.7910201123835715 0.5864623262479417
2 0.20944725187925017 0.1171685793591588 0.18177384347650305 0.08254834599330149 0.1583246399755757 0.10129228045332338 0.18599804837832282 0.13591251381918068
2 1.0247151288182812 0.7166070727690663 0.9419848933023276 0.6455203542382709 0.9101832358554168 0.6825309050803506 0.9929134713713703 0.7536176236111459
3 0.8211065609357016 0.1445807979149258 0.7845409206351915 0.10780739605530261 0.7052841142196281 0.1866164191046685 0.741849754520138 0.22338982096429172
2 1.0273533249036586 0.9699268861568981 0.9599355436270726 0.9086063163893863 0.9258617880477739 0.9460680850850528 0.9932795693243599 1.0073886548525648
2 0.30924502217512984 0.8261279089657627 0.27132098165865326 0.8106135286188615 0.22757835547882269 0.917539947234887 0.26550239599529923 0.9330543275817882
2 0.21653864796698422 0.7621618496033811 0.17625166659388294 0.7412171966441126 0.12357412858170512 0.84254229364164 0.16386110995480638 0.8634869466009086
2 0.9320827941159023 0.9798500706376179 0.8565913959023284 0.8975942078820172 0.8179047817172377 0.933099356076244 0.8933961799308116 1.0153552188318447
3 0.2385416658653846 2.4429152197362723e-17 0.1604166658653846 1.9645375638193375e-17 0.1604166658653846 0.043518519230769256 0.2385416658653846 0.04351851923076926
2 0.08524535014669159 0.8280299671219105 0.04501496472860275 0.8067802287826124 -0.02522613734628809 0.9397619419474407 0.015004248071800742 0.9610116802867387
2 0.646765550501964 0.1418363747965224 0.6439881376239937 0.11163199682961311 0.6005502193885739 0.11562628645317202 0.6033276322665441 0.14583066442008133
3 0.24687500000000015 0.9481481490384615 0.18249198798076938 0.9481481490384615 0.18249198798076938 1 0.24687500000000015 1
2 0.42765726528047054 0.401557858163366 0.3747786588831772 0.35281379836350385 0.34871624961932646 0.38108686152005766 0.4015948560166198 0.4298309213199198
3 0.7199085813390911 0.25210481569551124 0.6093915932073908 0.18238800745240835 0.5645089012931115 0.2535372762530192 0.6750258894248119 0.3232540844961221
2 0.48673666212911804 0.2057647500614374 0.4465441981664272 0.17346722585910523 0.4236365085371908 0.20197456543484604 0.46382897249988164 0.23427208963717822
2 0.828125 0.08981481490384625 0.79375 0.08981481490384625 0.79375 0.12314814903846164 0.828125 0.12314814903846164
2 0.7326808379018902 0.39899605349370343 0.6853521580354234 0.3709494273089326 0.6636939516403564 0.4074976491949072 0.7110226315068233 0.43554427537967805
2 0.9402966297661517 0.4591938324924122 0.8721581326644448 0.41679653894248364 0.8504155180642529 0.45174002136487057 0.9185540151659599 0.4941373149147991
2 1 0.560185185096154 0.971875 0.560185185096154 0.971875 0.6112179495192309 1 0.6112179495192309