0 0.6048278314535479 0.10612652882043865 0.6015941031686716 0.07163332264047167 0.5832656084564588 0.07335161381528602 0.5864993367413351 0.10784481999525299
2 0.8869850849960159 0.4603019470713744 0.817329375769697 0.4149974302439633 0.7912250542708346 0.45513283296334406 0.8608807634971535 0.5004373497907552
2 0.004166665865384623 0.05509259375 6.746896859266297e-18 0.05509259375 7.89583693532636e-18 0.07385620913461538 0.004166665865384624 0.07385620913461538
0 0.19589884410262698 0.3312027725030603 0.18910454157205 0.2915154234428913 0.17823646932789433 0.29337599041195267 0.1850307718584713 0.3330633394721217
3 1.0114912184494893 0.48244121318545735 0.9259459189535817 0.4242375513593567 0.8879384140897937 0.4800993869321639 0.9734837135857013 0.5383030487582645
2 0.9881597467428944 0.5487654453105595 0.9268165309597072 0.4991951818894647 0.89887587310983 0.5337717543205857 0.9602190888930171 0.5833420177416804
2 0.30333738060539017 0.22209014297127166 0.2623508366202346 0.17927384314634345 0.23747041733684193 0.20309099697555333 0.27845696132199743 0.24590729680048154
2 0.24980603387218364 0.17436462144079282 0.21109554550294984 0.13995530010021273 0.19500359170329132 0.15805874899518668 0.2337140800725251 0.1924680703357668
3 0.25706401446107674 0.24073574931696 0.2158477291800462 0.15601339239386564 0.1818705094311365 0.17254285206763909 0.22308679471216705 0.25726520899073346
3 0.23967842861754593 0.28115876689402736 0.1962183643360284 0.1682368881843876 0.14498106817959563 0.18795650505593742 0.18844113246111313 0.30087838376557724
3 0.18135815928795887 0.18343317570218945 0.08921281611750752 0.09837593081956884 0.047457401459041974 0.14361096068961066 0.13960274462949335 0.22866820557223125
2 0.8229907024017855 0.559258900653223 0.7628112471531735 0.5016512301444223 0.7318222947232551 0.5340236253391341 0.7920017499718672 0.5916312958479348
2 0.915157932866342 0.6424723502734072 0.849295341000651 0.5702293179104546 0.8135942082006895 0.6027773583489194 0.8794568000663805 0.6750203907118721
2 0.8883892525826822 0.5294525489980002 0.8221711048278119 0.47368989741045797 0.7906686142281091 0.5110991044296516 0.8568867619829794 0.5668617560171939
2 1.022629673185783 0.7080731714570369 0.9359135451837889 0.6653925821527239 0.9108034593265807 0.7164099053628019 0.9975195873285748 0.7590904946671148
3 0.08743180430153642 0.1253275460092871 0.04110327520417857 0.07826364569688103 0.016635409491852774 0.10234920216541117 0.06296393858921062 0.14941310247781725
1 0.20017928433555365 0.13604924856465356 0.06732899715238488 0.01947312604511995 0.02798980758523436 0.0643041130310986 0.1608400947684031 0.1808802355506322