2 0.9265018808603555 0.640848359892969 0.8568681087672485 0.5872045694598261 0.8265925224740271 0.6265046125571695 0.8962262945671342 0.6801484029903123
3 0.33966503342198434 0.16514161502316277 0.2508259641349675 0.09745469858184082 0.20931472353244326 0.15193819663385594 0.2981537928194601 0.21962511307517787
2 0.825661058634066 0.5652132300054051 0.7577604163534348 0.5124016204308431 0.731117787655121 0.5466564294630462 0.7990184299357523 0.5994680390376081
2 0.21882225187925022 0.12550191349377415 0.19114884230410728 0.09088167866121596 0.16769963997557572 0.10962561218409264 0.19537304955071866 0.14424584701665083
2 1.026138147697153 0.7310930824424609 0.947944029581158 0.6630056851221136 0.9159006994278935 0.6998054460388874 0.9940948175438885 0.7678928433592348
3 0.8889757062465281 0.3573225114223519 0.7707483427854663 0.28731946769289596 0.7185181270091626 0.37553049931745935 0.8367454904702244 0.4455335430469153
3 1.0171602273561122 0.4711501683341514 0.9390624999999998 0.43148148076923076 0.9011427448951377 0.5061359974013594 0.9792404722512502 0.54580468496628
2 0.4431084925095478 0.3614430913809837 0.39422888644578047 0.32089112636211864 0.3702653736477206 0.34977572085534 0.419144979711488 0.39032768587420497
2 0.4083737596950957 0.392919841417239 0.36383691216470554 0.3511665508722377 0.33886181890025546 0.3778066529158658 0.3833986664306457 0.4195599434608671
1 0.33540094161467926 0.3479457701716138 0.1939071565076926 0.21644883005322907 0.14705215758206563 0.2668659054863315 0.28854594268905226 0.39836284560471624
2 0.31690347991087287 0.25305548968302 0.2712668592203883 0.20638166547917647 0.24665383613117284 0.2304477285869037 0.29229045682165744 0.27712155279074724
3 0.1466749241990744 0.22088877388057324 0.10376209299364862 0.1515346908782058 0.06884782358244307 0.17313789122406978 0.11176065478786884 0.24249197422643723
2 0.13168821995064625 0.1496104703162444 0.1027227020732721 0.1170242658374874 0.08184267377816407 0.13558429277331235 0.11080819165553822 0.16817049725206937
1 0.2837511590891361 0.23724688053200038 0.15224595948249828 0.12714950214759912 0.10981087737632643 0.17783584931212743 0.24131607698296426 0.2879332276965287
0 0.2713541658653847 0.4 0.25625000000000003 0.4 0.25625000000000003 0.4333333341346154 0.2713541658653847 0.4333333341346154
2 0.31659731228233556 0.8357838708635023 0.2796933314439022 0.8202973781033978 0.23573602694113405 0.9250466940529948 0.27264000777956743 0.9405331868130993
2 0.5492691958193333 0.2629331277630377 0.5025730558892353 0.22461835265828137 0.4798705911895409 0.2522869861156506 0.5265667311196389 0.29060176122040693
2 0.220298137590421 0.1754501809555379 0.20021550391534093 0.15759898706783043 0.19791666586538462 0.1601851850961539 0.21799929954046468 0.17803637898386138
2 0.22383031346735852 0.7704951800840814 0.18354333244039084 0.749550528889478 0.13162370205644786 0.8494178002405547 0.1719106830834155 0.8703624514351578
2 0.06417511442037836 0.14872949911160604 0.03664733049468136 0.11108466939983545 0.011703962727161574 0.12932450853686273 0.03923174665285857 0.16696933824863333