2 0.15260899678416312 0.6485631445280868 0.11592452383973119 0.6282720458622476 0.05624420493788689 0.7361686699004323 0.09292867788231884 0.7564597685662716
2 0.38385039404872895 0.41545338203615895 0.3614608485015808 0.3730310811845881 0.3024737227977877 0.40416317235195176 0.3248632683449359 0.4465854732035226
2 0.5397786222959993 0.37355348512291686 0.47965934575437585 0.36740492033076383 0.4748130312331499 0.4147910881208645 0.5349323077747733 0.42093965291301755
2 0.7200516862622872 0.46218557002926236 0.6519138101235916 0.4145972111997356 0.6219067536834526 0.4575618593887887 0.6900446298221483 0.5051502182183154
2 0.8166793597367307 0.46852604530433634 0.7648630521273163 0.43782007722557953 0.742392660114226 0.4757388538512845 0.7942089677236405 0.5064448219300413
2 0.9016217386454032 0.537094618242461 0.8451530128884811 0.5002170859850756 0.8227210052476231 0.5345661004149961 0.8791897310045453 0.5714436326723814
2 0.855341284032908 0.4046374887097536 0.8066431208055468 0.3678433231855767 0.782983764418892 0.3991571791395746 0.8316819276462533 0.4359513446637514
3 0.734509448302441 0.22912268774988057 0.6973695680446236 0.16585224570414636 0.6023966856481798 0.22160152397525518 0.6395365659059972 0.28487196602098935
2 0.5427083341346154 0.2750000000000001 0.5 0.2750000000000001 0.5 0.31481481490384616 0.5427083341346154 0.31481481490384616
2 0.7022785547101908 0.1472164600906017 0.6935302844393042 0.1144104437357947 0.6561102478219657 0.12438911930354564 0.6648585180928523 0.1571951356583526
2 0.6462683836732681 0.15082924678299456 0.6392340686404544 0.11917483598364303 0.594730391167113 0.12906454422842997 0.6017647061999267 0.1607189550277815
2 0.617656600275176 0.6355633241918246 0.5520693517204376 0.6258466931412981 0.5438255025420462 0.6814926657319362 0.6094127510967846 0.6912092967824625
3 0.48868279097623074 0.6540031994407657 0.45162939308783956 0.5994447924441046 0.36890928265657724 0.6556242400106146 0.4059626805449684 0.7101826470072756
2 0.22652750029645674 0.7485908666708594 0.184874713309001 0.7255390721785772 0.13040329142509854 0.8239646647455096 0.17205607841255427 0.8470164592377917
2 0.3196383322500653 0.8070421282427154 0.2793884152809281 0.7926344842169895 0.24070397247330622 0.9007052838719427 0.2809538894424434 0.9151129278976687
2 0.12981401037983667 0.922077745092839 0.08764068020871087 0.8990085793680567 0.03532694401552428 0.9946446546072385 0.07750027418665009 1.0177138203320208
3 1 0.5953703701923078 0.9203125000000001 0.5953703701923078 0.9203125000000001 0.7620370360576924 1 0.7620370360576924