3 0.3369941617700211 0.847985032070999 0.2892154243767816 0.8262124434753981 0.22917716942985322 0.9579630621058928 0.27695590682309273 0.9797356507014936
2 0.4492232597599855 0.7000115048831843 0.4159394432121417 0.6734063488253172 0.3642441462657183 0.7380786543065807 0.3975279628135621 0.7646838103644478
2 0.23994275583921737 0.7758413250452875 0.20198247902229086 0.7555931167134718 0.15618792121944056 0.8414463469063613 0.19414819803636707 0.861694555238177
1 0.2548010364433945 0.27304332822157157 0.12917636740102795 0.14811968755343455 0.08415127646429088 0.193397443767377 0.20977594550665746 0.31832108443551405
3 0.7867278720337995 0.5279812446336554 0.7129419227768851 0.45894175729345865 0.6750384064520645 0.4994511388075576 0.7488243557089789 0.5684906261477543
2 0.7189908750674692 0.19917260323611513 0.7127189274838918 0.16477489649550778 0.6713047041783086 0.17232620913811939 0.6775766517618861 0.2067239158787267
2 0.27955104931225655 0.5348433248159015 0.24671125972747215 0.5073843786500316 0.1905432227675189 0.5745590802577699 0.22338301235230332 0.6020180264236398
2 0.454436079341767 0.40493614035991415 0.44468319323317657 0.3637911456603928 0.38511394538952526 0.37791126146150844 0.3948668314981156 0.4190562561610298
2 0.6055262777540654 0.40532022345809193 0.5485956349447043 0.3764030776620836 0.5310243711380565 0.4109965105873833 0.5879550139474176 0.43991365638339164
2 0.26515182474359683 0.8370546658809215 0.22686091205480935 0.8193622126160224 0.16767634266678016 0.9474524861936605 0.20596725535556762 0.9651449394585596
3 0.9382155904098008 0.6529792453271343 0.8570768028084296 0.5854594994203244 0.8200169936243873 0.6299944416886436 0.9011557812257587 0.6975141875954536
2 0.05946667638698632 0.0789866828509951 0.027637374612005897 0.045035418810078415 0.008140954556003294 0.0633133078673582 0.039970256330983715 0.09726457190827488