2 0.4609375 0.33518518509615386 0.40156250000000004 0.33518518509615386 0.40156250000000004 0.3787037043269231 0.4609375 0.3787037043269231
2 0.6807558762106153 0.4328881780256693 0.6264022453867013 0.3966524206588531 0.6017227568938704 0.4336716498385584 0.6560763877177843 0.4699074072053746
2 0.8207597659364781 0.5469773477630105 0.7540376859320456 0.48484461771999043 0.7220202548625252 0.5192269729758727 0.7887423348669578 0.5813597030188927
2 0.8170028337066044 0.4668794543122941 0.7662192150518705 0.42354410447714197 0.7393724143512023 0.4550052024968574 0.7901560330059361 0.4983405523320095
2 0.8519430907195867 0.39293277263963505 0.805134648543498 0.36008474443875305 0.7831713573949689 0.3913824356558753 0.8299797995710576 0.4242304638567572
2 1.0333934862558545 0.7052451265176285 0.9452588225058397 0.638094902366849 0.9072742311562931 0.6879496754314471 0.9954088949063078 0.7550998995822267
2 0.645737491777479 0.14275470293969583 0.6394143237844366 0.11192925657962682 0.5945559508144254 0.12113097339730641 0.6008791188074677 0.15195641975737542
2 0.70216598159526 0.1361652884499576 0.6933501274265795 0.10723826683976997 0.6573285239626789 0.11821627927876731 0.6661443781313595 0.14714330088895491
3 0.5070624731441357 0.2527279116541954 0.40038444163677067 0.2051366405329684 0.3671295601122654 0.2796789928481297 0.47380759161963043 0.3272702639693567
2 0.3228114287137596 0.2050492064551065 0.2938254087282679 0.16991463788135588 0.27066520978058184 0.18902180261447127 0.2996512297660735 0.2241563711882219
2 0.34604499569081004 0.738787415950791 0.3055579319747783 0.7236047685171487 0.2699010665904128 0.8186897520182411 0.31038813030644447 0.8338723994518833
2 0.22783856909609856 0.7348412047883035 0.1855450485756287 0.7140248685546227 0.1365968848399714 0.8134751341611021 0.17889040536044123 0.8342914703947829
3 0.2797270685341107 0.9031954593356084 0.23144208250185605 0.8802664777705551 0.17517607314839684 0.9987542295276259 0.2234610591806515 1.0216832110926792