3 0.9591743489090582 0.4767935259145509 0.892684548186933 0.3229662770824759 0.8046661836426792 0.3610110549932053 0.8711559843648042 0.5148383038252803
1 0.19383019863020878 0.1284584310841881 0.06883357227865895 0.029695660785630164 0.02894742457875059 0.08017656452675347 0.15394405093030047 0.1789393348253114
2 0.4625094839751155 0.19337043170564508 0.4513927156941292 0.14989150276415997 0.4281045309583502 0.15584586639949413 0.4392212992393365 0.19932479534097924
1 0.24032364184464258 0.23742561546104474 0.11347819718531396 0.11184862136244794 0.06787749186920852 0.15790993843824053 0.19472293652853714 0.2834869325368373
2 1.0300005887888082 0.7068072310026415 0.9487754665920978 0.6482666025749586 0.91686833890692 0.6925377423762025 0.9980934611036303 0.7510783708038853
2 0.5414191784603355 0.27402510052425044 0.5173398904140705 0.26353895830521046 0.49180755197029097 0.3221687688723594 0.515886840016556 0.33265491109139933
2 0.8309505021634725 0.5436590917405127 0.7608941648163777 0.49201863929512546 0.7333462002031035 0.5293906879659687 0.8034025375501983 0.5810311404113558
0 0.18023501615469925 0.3085230857234595 0.17532245098825414 0.27358927689182216 0.16242643340844543 0.27540277873623187 0.1673389985748906 0.3103365875678693
2 0.40365066632362456 0.45342731251923674 0.37039435067681864 0.43421504638415165 0.33063029955870193 0.5030463766437747 0.36388661520550786 0.5222586427788598
2 0.9088793776431279 0.17107917231039943 0.9039074637325144 0.13472205688116914 0.8544806224558286 0.14148128397605733 0.859452536366442 0.17783839940528762
3 0.23607951025027465 0.06807103102482516 0.15805692357745874 0.006017986064372231 0.11957245260116357 0.054406553848903735 0.1975950392739795 0.11645959880935666
2 0.2724590883355083 0.23641050932746646 0.22871554155464474 0.20011955734143505 0.2051160274831823 0.22856539277137944 0.24885957426404587 0.2648563447574108
2 0.36866832816097894 0.7110975323098001 0.3326516871069262 0.6931316849878973 0.29115963537635703 0.7763119718399525 0.3271762764304098 0.7942778191618552
2 0.3005430692655138 0.21606820788439735 0.2584541808712371 0.18043740152411802 0.2372760095075489 0.2054541154852934 0.27936489790182556 0.24108492184557276
3 0.053466667158019274 0.10766944518738458 0.009587500503240347 0.044288425279653855 -0.020854166462115402 0.06536342501879813 0.02302500019266352 0.12874444492652887
2 0.9329990379984954 0.6254633984097817 0.8640444384966817 0.5682566205460917 0.8314358603028045 0.6075616038653769 0.9003904598046181 0.6647683817290668
2 0.014062500000000002 0.00555555528846154 6.803593001500573e-19 0.005555555288461538 2.8348305154206555e-18 0.040740740384615386 0.014062500000000004 0.040740740384615386