2 0.9271359292158105 0.6426181052366419 0.8574255371691317 0.5880050649657705 0.8270800036835804 0.6267393860299594 0.8967903957302591 0.6813524263008307
3 0.34018586755659974 0.16514161502316282 0.25134679826958284 0.09745469858184082 0.20983555766705864 0.15193819663385594 0.2986746269540755 0.21962511307517796
2 0.8266826920911328 0.5641559828274352 0.7571113783810752 0.510044962167871 0.7292628210524826 0.5458502508995221 0.7988341347625402 0.5999612715590863
2 0.22038475187925016 0.12550191349377415 0.1927113423041073 0.09088167866121596 0.16926213997557568 0.10962561218409263 0.19693554955071857 0.14424584701665083
2 1.026283524952363 0.7321594301111921 0.9493462654027213 0.6637707515980823 0.9169324703631477 0.7002362692271517 0.9938697299127893 0.7686249477402615
3 0.9329076833803271 0.392659956877161 0.8088872992519632 0.31555517312393955 0.7556193838153461 0.4012347770679743 0.87963976794371 0.4783395608211957
3 1 0.4611111105769232 0.953125 0.4611111105769232 0.953125 0.5680555552884617 1 0.5680555552884617
2 0.3481732642725999 0.2893976384691995 0.30930277493477704 0.24931245869099292 0.2851921962264561 0.27269242100614405 0.32406268556427886 0.3127776007843507
2 0.33165396159024324 0.3267550198263811 0.29298008253626484 0.2842828155424287 0.2672194766298157 0.3077396286271134 0.3058933556837941 0.35021183291106583
1 0.28778951070065995 0.3059420737467096 0.1506538084312192 0.18133482199780063 0.10621797344883102 0.2302383918198687 0.24335367571827174 0.3548456435687777
2 0.2637635174939994 0.22129886087849027 0.2310585801291922 0.16531016048615993 0.20798281690843615 0.17878951231057436 0.24068775427324335 0.2347782127029047
3 0.11464185493679156 0.19222326092231107 0.07286464806480429 0.12537973378348843 0.038699021423192766 0.1467332516664292 0.08047622829518003 0.21357677880525178
2 0.1036458341346154 0.10925925961538462 0.078125 0.10925925961538462 0.07812500000000001 0.15277777884615384 0.10364583413461542 0.15277777884615384
1 0.24888189073850192 0.2077451929578866 0.12168856254134346 0.10187328877713128 0.08145039725157216 0.15021497303564219 0.2086437254487306 0.2560868772163975
0 0.236196505407215 0.3886411151564616 0.23338189463234535 0.3561167016076261 0.2200204195625933 0.3572729823086757 0.22283503033746296 0.3897973958575112
2 0.3160764763911122 0.8367097971338483 0.2783992669815701 0.8208988260627861 0.2341895742112543 0.9262495881982834 0.27186678362079647 0.9420605592693457
2 0.6768080058169814 0.36736165682094296 0.6219409037786885 0.3227821354256396 0.5978615187842028 0.35241830091509196 0.6527286208224958 0.39699782231039527
2 0.18956896432726525 0.15045019464939952 0.1694863514040073 0.13259897801266746 0.16718749999999996 0.1351851850961539 0.18727011292325788 0.153036401732886
2 0.2253561328820816 0.7719066692679435 0.18480148841185992 0.7504772276386612 0.13228009634230173 0.8498725557722477 0.1728347408125234 0.8713019974015299
2 0.0480527256530355 0.13519350394832286 0.021920010056258057 0.09802698078176286 -0.001605555590806611 0.11456839665628306 0.02452716000597083 0.15173491982284307