2 0.9288326460759022 0.6304333405770615 0.8590648914130615 0.5772769560720398 0.8275010474664773 0.6187045012519317 0.897268802129318 0.6718608857569532
3 0.34193966223227734 0.1510016473669122 0.253100588361273 0.08331473719556372 0.21095169817698126 0.13863515822208225 0.29979077204798554 0.20632206839343079
2 0.8276712459707383 0.5564831337769178 0.7611663126033759 0.5008450217704268 0.7337175994503853 0.5336548129985424 0.8002225328177477 0.5892929250050334
2 0.16606632966915097 0.06896665389327564 0.14116861761316662 0.03532708294668831 0.11775528572280902 0.0526560315412737 0.14265299777879337 0.08629560248786103
2 1.0248857066785027 0.7198344181654244 0.9507767810382591 0.6524959395542798 0.9179747563168916 0.6885959949915722 0.9920836819571353 0.7559344736027167
3 0.9820556622173519 0.41726673817023924 0.8541997981740901 0.3377773960115069 0.7998519361323932 0.4251940568057212 0.9277078001756549 0.5046833989644535
3 1 0.4583333341346155 0.9635416658653846 0.4583333341346155 0.9635416658653846 0.5560185192307694 1 0.5560185192307694
2 0.298694095842418 0.23013838707907552 0.25982361409484833 0.1900531980465618 0.23571303055518317 0.2134331550836021 0.27458351230275285 0.25351834411611585
2 0.26821527798919403 0.25715740713997254 0.2348819433600733 0.21271296279931326 0.20743749948571433 0.23329629655329673 0.2407708341148351 0.277740740893956
1 0.23957920981030773 0.2469177984161883 0.11312642710509514 0.12337676554570318 0.06900262968917663 0.16854052075417178 0.19545541239438918 0.2920815536246569
2 0.07723247959290536 0.0396003679696751 0.0415513913716985 -0.002547915870537628 0.017390291683204502 0.017905925922281064 0.05307137990441135 0.060054209762493795
3 0.10314190650229094 0.16447149251748988 0.06205069088812524 0.09872555132785957 0.02788506424651373 0.12007906921080035 0.06897627986067942 0.18582501040043065
2 0.08703497554989376 0.12009927853887564 0.08334847411941536 0.0768443154901456 0.059735271797753405 0.07885680372274248 0.06342177322823181 0.12211176677147254
1 0.227293725549635 0.17441335536766214 0.1016733414036341 0.06976958293316765 0.06586003622624141 0.11276192781196367 0.19148042037224233 0.21740570024645817
2 0.7653148260100096 0.7951563490880738 0.6988548021065142 0.7297348028232441 0.6638385300206168 0.765306910373553 0.7302985539241121 0.8307284566383828
2 0.5787360927271262 0.601161447729191 0.5375628082402936 0.5258915675076683 0.5036168909960768 0.5444602818958038 0.5447901754829094 0.6197301621173265
2 0.4275677037932602 0.16598261833244826 0.4133173672905973 0.124814998730116 0.38337186025492187 0.1351807559957379 0.3976221967575847 0.17634837559807012