2 0.9246555444932996 0.6091400018609018 0.8561061261162579 0.5551994772852858 0.8246962597145283 0.5951161835108771 0.89324567809157 0.6490567080864932
3 0.3338897471100454 0.14673593549829592 0.2462396165724461 0.07748149971643373 0.20370105981276884 0.13131935155614635 0.2913511903503681 0.2005737873380085
2 0.8149938181266391 0.5284269676410496 0.7487382603418173 0.4734593998155164 0.7199517138226105 0.508157473093607 0.7862072716074322 0.5631250409191403
2 0.2063222518792502 0.1060574687822357 0.1786488423041073 0.07143723394967752 0.1551996399755757 0.0901811674725542 0.18287304955071865 0.12480140230511237
2 1.025910201802736 0.6983438291485187 0.9471932283903853 0.630705538622501 0.9153915697263362 0.6677160884169798 0.9941085431386868 0.7353543789429975
2 0.3087241883851366 0.815942723027199 0.27080014786866013 0.8004283426802979 0.22705752168882956 0.9073547612963234 0.26498156220530605 0.9228691416432244
2 0.22129757148692802 0.7395003124051652 0.18126158515120505 0.7189968073681888 0.12914765776206188 0.8207566031245671 0.16918364409778489 0.8412601081615436
2 0.6452030519169496 0.13165118651198818 0.6423368411700918 0.10048115828196355 0.5988989221768348 0.10447545143180709 0.6017651329236927 0.1356454796618317
3 0.24531250000000013 0.938888889423077 0.17686531009615397 0.938888889423077 0.17686531009615397 1 0.24531250000000013 1
2 0.7051715686651582 0.12327205899321274 0.6981617647058822 0.09172794117647064 0.6614828429864251 0.09987881266968326 0.6684926469457011 0.13142293048642537
2 0.7572620816664078 0.167225222097935 0.7359757086211941 0.15887999678706138 0.7186104930590493 0.20317388253568563 0.7398968661042631 0.21151910784655925
2 0.30390883133260027 0.07612394767453637 0.2960215962645671 0.03686306541917407 0.26029814263612744 0.04403965595977519 0.2681853777041607 0.08330053821513748
2 0.38884713840575996 0.1359970595013376 0.38173038530184694 0.09551062914285083 0.34456495900750195 0.10204361218424375 0.35168171211141497 0.14253004254273052
2 0.9297409197153315 0.4347578364033342 0.8809294878331957 0.40221687946854057 0.8591880338624639 0.43482905807279876 0.9079994657445997 0.4673700150075924
2 0.9447812831927984 0.548223931399527 0.88731668981493 0.5017878978079776 0.859705226281892 0.535957085005366 0.9171698196597605 0.5823931185969152