2 0.9273767536040449 0.6330277910930087 0.8583848939410661 0.5804625646831201 0.8285427133318618 0.6196304267327007 0.8975345729948406 0.6721956531425892
3 0.34222307884081454 0.15692112059444976 0.25457294830321536 0.0876666848125876 0.2120343924674525 0.1415045354829712 0.2996845230050517 0.2107589712648334
2 0.827631772286548 0.5559312377322491 0.7596008884028198 0.5025736821071665 0.7317107038185925 0.5381336676934136 0.7997415877023208 0.5914912233184962
2 0.2130930860138656 0.11161302407069724 0.18541967643872267 0.07699278923813901 0.16197047411019108 0.09573672276101569 0.18964388368533397 0.13035695759357388
2 1.0253900767451758 0.7235231662237669 0.9512976153455287 0.6561996420768289 0.9184955903556192 0.6922996947878346 0.9925880517552663 0.7596232189347726
3 0.9825764919793664 0.4191185812468421 0.8547206292899063 0.3396292507911793 0.8003727693370132 0.427045920170209 0.9282286320264733 0.5065352506258718
3 1 0.4611111105769232 0.9651041658653846 0.4611111105769232 0.9651041658653846 0.5574074062500002 1 0.5574074062500002
2 0.298694095842418 0.2347680168867678 0.25982361409484833 0.19468282785425411 0.23571303055518317 0.2180627848912944 0.2745835123027528 0.25814797392380806
2 0.2692569450084249 0.26456481492843403 0.23592361037930404 0.22012037058777473 0.20847916688956045 0.2407037040532967 0.24181250151868133 0.28514814839395597
1 0.23957920981030767 0.2524733537046498 0.11312642710509516 0.12893232083416473 0.06900262968917664 0.1740960760426333 0.19545541239438918 0.2976371089131184
2 0.15176351006486768 0.0996240509830292 0.11961008511670543 0.07512620138442351 0.1136799091864531 0.08290955665139431 0.14583333413461536 0.10740740625000002
3 0.10418357344805584 0.1709529750153291 0.06309235742874765 0.10520703317747063 0.028926732515744537 0.12656054998003102 0.07001794853505273 0.1923064918178895
2 0.09322916586538461 0.13518518509615388 0.08907138760432118 0.09189147384976039 0.06993890353316909 0.0937288914344634 0.07409668179423252 0.13702260268085692
1 0.23506393053398458 0.18459013034061408 0.10931513220963537 0.08121282510372038 0.07660084419859735 0.12100668891162074 0.20234964252294657 0.22438399414851448
2 0.8087804272519422 0.8626242684240396 0.7336319039984578 0.786536391556342 0.6950281128433832 0.8246635941635864 0.7701766360968676 0.9007514710312841
2 0.300869256203405 0.05814750774384931 0.28264549553658047 0.023977957479213538 0.2526330016565387 0.03998462134363316 0.27085676232336314 0.07415417160826893
2 0.27391792998153985 0.9244329306164686 0.2364594566993475 0.905429673535145 0.18952140481304727 0.9979521161341628 0.22697987809523965 1.0169553732154863