2 0.4042541360115854 0.3821500321848234 0.393228539220345 0.33986436230333383 0.33069655836104084 0.3561689971700516 0.3417221551522812 0.3984546670515412
2 0.6342646749216716 0.4027555288000985 0.5810993861839413 0.3738220381261887 0.5594079447719958 0.4136800614390668 0.6125732335097261 0.44261355211297665
2 0.7720467746497582 0.5092250577822808 0.7094408956595486 0.45064644581808533 0.6780045573112446 0.48424402569471575 0.7406104363014543 0.5428226376589114
2 0.8170028337066042 0.46965723075460153 0.7662192150518704 0.42632188091944967 0.7393724143512023 0.457782978939165 0.7901560330059361 0.5011183287743168
2 0.8515333609440093 0.394016037636708 0.8033563911173739 0.3621470352892301 0.781716391291895 0.3948606297492399 0.8298933611185304 0.4267296320967179
2 0.9788224869465593 0.6634424158202444 0.8901160614349389 0.5917604530538556 0.8519702678354606 0.638965870817617 0.9406766933470809 0.7106478335840057
2 0.645737491777479 0.1473843327473881 0.6394143237844367 0.11655888638731918 0.5945559512876115 0.12576060310793497 0.6008791192806539 0.15658604946800386
2 0.7021659809249202 0.13894306509655927 0.6933501274265794 0.1100160456859238 0.6573285239626789 0.12099405812492113 0.6661443774610198 0.1499210775355566
3 0.5386602692277553 0.24862226718834754 0.4304582693359623 0.23047518055465221 0.4163286254245333 0.3147231791362404 0.5245306253163263 0.33287026576993567
2 0.3518712524001719 0.22750812599806142 0.3213110278572697 0.1930995793209427 0.2989683636683992 0.21294339431568052 0.3295285882113014 0.24735194099279922
2 0.38311154454459234 0.7015315927912336 0.3456327034834058 0.6782069945884396 0.2962227283194586 0.7576007997852607 0.3337015693806452 0.7809253979880547
2 0.22771736229503908 0.7363392991688531 0.18527665775026728 0.715876814371856 0.13711243906081763 0.8157729606760765 0.17955314360558947 0.8362354454730737
3 0.29972711628893933 0.8531071257333921 0.2460687547253477 0.8317154119251018 0.18515626898659174 0.984506544641201 0.2388146305501834 1.0058982584494913
2 1.0187648165784047 0.6220010878122656 0.9543085827909918 0.5769840385102489 0.9297968702571822 0.6120803564188132 0.994253104044595 0.6570974057208301