3 0.9561204665278262 0.48395221670816596 0.8910404792290211 0.32968854218393273 0.8028332250752169 0.36690097730643634 0.867913212374022 0.5211646518306696
1 0.21663096033655738 0.15603325991475187 0.09197530908350779 0.05412498773298956 0.05330955520772247 0.10142148906096245 0.17796520646077207 0.20332976124272478
2 0.363348162951441 0.05437448840797807 0.33124858948321545 0.03399382111852288 0.3158358940914571 0.05826883336638488 0.34793546755968274 0.07864950065584007
1 0.24032364184464264 0.2429811707495063 0.11347819838717635 0.11740417784075327 0.06787749307107091 0.16346549491654588 0.19472293652853717 0.2890424878252989
2 1.028984089671117 0.7194662533891866 0.9493451586989662 0.652047042747411 0.9162515460210883 0.6911388670299031 0.9958904769932393 0.7585580776716788
2 0.5130516455438155 0.3518607253320313 0.4893757651248215 0.349842893355123 0.48298849592663323 0.42478680517276257 0.5066643763456273 0.4268046371496708
2 0.8293880027242649 0.5501405697907923 0.7593316629767208 0.498500123462235 0.731783700168248 0.5358721753919227 0.801840039915792 0.5875126217204799
0 0.1812766849191671 0.3159304908862304 0.17636411533797894 0.2809966829074563 0.1634680965476928 0.2828101865960917 0.16838066612888092 0.31774399457486585
2 0.459025734549341 0.28325571774275515 0.43428921433590606 0.27775871483655534 0.42129902170382 0.3362145985432195 0.4460355419172549 0.3417116014494193
3 0.312826203646839 0.12401221784203048 0.22639923958570454 0.06491686252086379 0.188268921470866 0.1206824572184627 0.27469588553200047 0.1797778125396294
2 0.27297992511052266 0.24381790941522308 0.2292363732015707 0.20752696663433087 0.2056368634236481 0.23597280743899343 0.24938041533260005 0.27226375021988564
2 0.5255220893257325 0.6399243293223427 0.5113058910968864 0.587502104761014 0.4550718717441071 0.6027520101782978 0.46928806997295314 0.6551742347396264
2 0.30054306926551383 0.22254968865362804 0.2584541808712371 0.18691888229334871 0.23727600832210985 0.21193559765482403 0.2793648967163866 0.24756640401510335
3 0.09261869750464899 0.15261841578795268 0.054162028108943 0.08425101718217357 0.019345017290584625 0.10383558967861993 0.057801686686290606 0.17220298828439906
2 0.9303948711531033 0.6319448803602714 0.8614402716512894 0.5747381024965814 0.8288316944374194 0.6140430846346077 0.8977862939392333 0.6712498624982979
2 0.07466666676153853 0.08196296370288456 0.0488263899801281 0.04750925884302891 0.02782638994743592 0.06325925773173094 0.05366666672884635 0.09771296259158659
3 1 0.4564814807692309 0.9677083341346153 0.4564814807692309 0.9677083341346153 0.5542483653846155 1 0.5542483653846155
2 0.09166666586538462 9.344310163179753e-18 0.060937500000000006 7.462691432304185e-18 0.060937500000000006 0.0203703701923077 0.09166666586538462 0.0203703701923077