3 1.0465096419806104 0.4594191385074268 0.9113863857260688 0.37074453630504556 0.854219397425871 0.45785617162716685 0.9893426536804124 0.5465307738295481
2 0.2531335449649298 0.7025767917657719 0.2143723922846767 0.6816122270459531 0.16944681982051285 0.7646746228936014 0.20820797250076595 0.7856391876134202
1 0.2417333283863168 0.24148110774266884 0.11704247521843966 0.11714448886625087 0.0713576207345495 0.16295949923024103 0.19604847390242666 0.287296118106659
2 0.6903596343827423 0.17770736778138152 0.6877239895033261 0.14022269196866327 0.6465214379973119 0.14311975034095054 0.6491570828767281 0.1806044261536688
2 0.8316859423685224 0.5508588553014968 0.7637253324613777 0.49716157424049956 0.7353996599307144 0.5330112475047233 0.8033602698378591 0.5867085285657204
0 0.16059168983617766 0.2938794948149714 0.15454685998821002 0.25857002132205853 0.1411047685480486 0.2608712495058463 0.14714959839601618 0.29618072299875914
2 0.13860694171379878 0.9336127626689585 0.09729674794036378 0.9082633253591283 0.04258815389604198 0.9974180704298098 0.083898347669477 1.0227675077396399
2 0.4064542868890466 0.5664736249952973 0.3723515399942648 0.5429311034956652 0.31631130173315913 0.6241087318721166 0.35041404862794095 0.6476512533717488
2 0.2745424251105226 0.24474383489599233 0.23079887320157066 0.20845289211510012 0.20719936342364806 0.2368987329197626 0.25094291533260005 0.27318967570065483
0 0.5484309412419811 0.07024675733524738 0.5405951438777276 0.045481767985815304 0.5261849271373824 0.05004125059891439 0.534020724501636 0.07480623994834647
2 0.29285596352806154 0.2193298655670843 0.25382678403436226 0.17968117719395785 0.23121054086464993 0.20194404263447352 0.2702397203583492 0.24159273100759998
0 0.6013945921369235 0.7863801461265064 0.580833467607747 0.7437348475849045 0.5609714586751828 0.7533111725967617 0.5815325832043593 0.7959564711383637
2 0.9989264607578829 0.6871904767446717 0.9239676628539418 0.6255328263941368 0.8906094510842425 0.6660872659529912 0.9655682489881835 0.7277449163035263