0 0.47045283145354794 0.04038578843582322 0.4672191031686716 0.005892582255856282 0.4488906084564587 0.007610873430670641 0.452124336741335 0.04210407961063757
2 0.7908020980838395 0.39537302890506154 0.732576867933455 0.3510109451342671 0.7047114114533547 0.38758435375010664 0.7629366416037391 0.431946437520901
2 0.008854165865384624 0.05462962980769231 6.6902001282595226e-18 0.05462962980769231 8.334401794821015e-18 0.08148148076923077 0.008854165865384626 0.08148148076923077
3 0.9994791658653847 0.5907407403846154 0.9927083341346153 0.5907407403846154 0.9927083341346153 0.6314814807692308 0.9994791658653847 0.6314814807692308
0 0.23759908526232093 0.36423554692440685 0.23089769776036662 0.3329623988049768 0.21626693958447737 0.33609756062525753 0.2229683270864317 0.3673707087446875
3 0.8781087824590585 0.39028662562680244 0.8064287730211332 0.3404222681082573 0.7701938106413209 0.3925100232628652 0.8418738200792462 0.4423743807814105
2 0.9694097455677534 0.5413580381109504 0.9080665309597068 0.4917877756394647 0.880125874284971 0.5263643466163482 0.9414690888930176 0.5759346090878339
2 0.3382623213504466 0.24904191845177207 0.2932496942798489 0.21188863660948082 0.2714466562215754 0.23830385412079053 0.316459283292173 0.27545713596308175
2 0.2650687690402901 0.19392245277507364 0.22833073647883956 0.15517530300367663 0.20515192854808492 0.17715224338560576 0.2418899611095354 0.2158993931570028
3 0.36658084142548614 0.31420523272181666 0.29835177595693313 0.24564654554202053 0.26081195032457294 0.2830058843232796 0.329041015793126 0.35156457150307574
3 0.29751752192082326 0.3426405126771473 0.25320314696400753 0.22143880397624915 0.19910671914154265 0.24121781049392924 0.24342109409835838 0.3624195191948274
3 0.19435300414461754 0.20151447853556267 0.1040521270469389 0.11337767625857371 0.06194396544657425 0.15651974435328228 0.15224484254425288 0.24465654663027123
2 0.8214282024017857 0.5648144559416846 0.7612487471531734 0.5072067854328839 0.7302597947232552 0.5395791806275958 0.7904392499718675 0.5971868511363965
2 0.9141162670009574 0.6471019800810995 0.8482536751352664 0.574858947718147 0.8125525423353049 0.6074069881566119 0.8784151342009958 0.6796500205195642
2 0.7972875951699846 0.4596554476683641 0.7325877763261683 0.40517137563244093 0.701541489012498 0.442038832302037 0.7662413078563143 0.49652290433796015
2 1.0249391059806146 0.7286585976441621 0.9404104859809259 0.6660448026435778 0.9102215273376236 0.7067998952445328 0.9947501473373122 0.769413690245117
3 0.09055680430153641 0.12995717581697938 0.044228275204178574 0.08289327550457333 0.019760410693626825 0.1069788307901071 0.06608893979098467 0.15404273110251315
1 0.22003495068861986 0.15835411705254762 0.08720639213795035 0.03796919030126938 0.04539720043176999 0.08410000433560676 0.17822575898243948 0.20448493108688498