3 0.9591743489090582 0.4767935259145509 0.892684548186933 0.3229662770824759 0.8046661836426792 0.3610110549932053 0.8711559843648042 0.5148383038252803
1 0.16268917570765676 0.10351347612594315 0.04052624295261152 0.006801159133521784 0.0018089269879993973 0.055707244870371556 0.12397185974304464 0.15241956186279293
2 0.4725078087476691 0.29290021881933676 0.44635203718340805 0.2834421048323612 0.427777683096912 0.3348082189550189 0.4539334546611731 0.3442663329419944
1 0.24136530759881641 0.2374256145880366 0.11451986266941713 0.11184862351517275 0.06891915766279062 0.15790994148626206 0.19576460259218992 0.2834869325591259
2 1.0297007245715302 0.7062157391560586 0.9492963018013849 0.6482666017276036 0.9177334105681475 0.6920601103660806 0.9981378333382926 0.7500092477945356
2 0.5756166563268527 0.2276074374616456 0.5495039008434028 0.21291900402811398 0.5212135205697785 0.263212984387689 0.5473262760532284 0.27790141782122063
2 0.8304296685896495 0.5427331611369459 0.7603733288421056 0.4910927148083888 0.7328253660336326 0.5284647667380765 0.8028817057811766 0.5801052130666338
0 0.18075585028931468 0.30759716024269035 0.17584328512286954 0.2726633514110529 0.16294726787454633 0.27447685320884757 0.16785983304099147 0.30941066204048495
2 0.3172184092567042 0.5934635660333408 0.2804231583950789 0.5727662378426508 0.2317399248278547 0.6593142103808101 0.26853517568947993 0.6800115385715002
2 0.7683907327680207 0.19985105665758002 0.7474121257470251 0.17277939772021106 0.7080091604106834 0.20331388868603745 0.7289877674316791 0.2303855476234064
3 0.1286458341346154 1.1449171996407391e-17 0.05833333413461539 7.143773093154979e-18 0.05833333413461539 0.041666665865384624 0.1286458341346154 0.04166666586538463
2 0.27297992392926385 0.23733642766598498 0.22923637202031183 0.20104548488509294 0.20563686342364812 0.22949132426591662 0.2493804153326001 0.26578226704680863
2 0.22968750000000013 0.9777777788461539 0.19112103125000013 0.9777777788461539 0.19112103125000013 1 0.22968750000000013 1
2 0.3000222351308984 0.21606820788439732 0.25793334673662177 0.18043740152411797 0.23675517537293353 0.20545411548529338 0.2788440637672101 0.24108492184557273
2 0.9329990379984954 0.6254633984097817 0.8640444384966817 0.5682566205460917 0.8314358603028045 0.6075616038653769 0.9003904598046181 0.6647683817290668