0 0.18912801008186045 0.3126842558089508 0.18233371083117086 0.2729969042197645 0.17146563549262586 0.27485747070183825 0.17825993474331542 0.31454482229102454
2 0.0629407043269232 0.9898148149038462 0.03032852644230781 0.9898148149038462 0.03032852644230781 1 0.0629407043269232 1
2 0.38254318041392305 0.4695037095169906 0.3469005797691016 0.44991040402887555 0.3088336134038145 0.5191588358843782 0.34447621404863593 0.5387521413724932
2 0.29739583288646454 0.1932870368897929 0.2524919879372439 0.15836182367176832 0.23120592999768264 0.18572961207527314 0.27610977494690325 0.22065482529329772
2 0.240491702780279 0.15674290847209335 0.20305015678519983 0.11870702910379201 0.18810491263974044 0.13341874486725736 0.22554645863481962 0.1714546242355587
3 0.2529462010497264 0.20584396432124372 0.19794957136824157 0.1335778583524962 0.16785875902470615 0.15647785055614633 0.22285538870619098 0.22874395652489385
3 0.25175287276193636 0.2377937423740053 0.1742816092340848 0.15063857090517246 0.13151221357758616 0.18865581148872687 0.2089834771054377 0.27581098295755974
3 0.174032370640802 0.16666631449177416 0.08380371739196842 0.08029358540901625 0.04139402920023713 0.12459656264360675 0.1316226824490707 0.21096929172636464
2 0.8183615150032507 0.5347420705793787 0.7597030656154858 0.478590405348653 0.7287141131855677 0.5109628005433648 0.7873725625733325 0.5671144657740905
2 0.9116460841829672 0.6078684021714862 0.8411396311218184 0.5455457357084611 0.8109228612485209 0.5797303652765038 0.8814293143096695 0.6420530317395289
2 0.9096526646934779 0.5154600635480453 0.8390344345595877 0.4583948288719743 0.8055797095272936 0.49979505240224265 0.8761979396611839 0.5568602870783137
2 1.0244387645726027 0.694947897483422 0.9343436721358886 0.6377446557040757 0.9060022567750493 0.6823823782753176 0.9960973492117634 0.739585620054664
3 0.07217475510479689 0.11029442259075194 0.037595583756482295 0.05496774843344858 0.007424963618193614 0.07382438601987901 0.0420041349665082 0.12915106017718236
1 0.06666666586538461 4.082155948093469e-18 0 0 4.195549262913895e-18 0.06851851923076922 0.06666666586538461 0.06851851923076922
3 0.4730243797557545 0.187652082571325 0.4381567893200399 0.1839162698491748 0.4270299168061856 0.28776709495696556 0.4618975072419002 0.2915029076791158
2 0.18858578943122956 0.7929035050302129 0.14830493635824007 0.7722157844673312 0.09365092433047585 0.8786320627444921 0.13393177740346535 0.8993197833073739