0 0.5517028316769442 0.08390430764564916 0.5484691033920683 0.04941110146568222 0.5301406084564589 0.051129392661439704 0.5333743367413348 0.08562259884140663
2 0.870886777080101 0.45401907830680854 0.8022026623182689 0.4089451456400646 0.7755304303014946 0.44958856271971015 0.8442145450633268 0.49466249538645407
2 0.007291665865384623 0.05582788701923077 6.836944314126104e-18 0.05582788701923077 8.294380720127005e-18 0.07962962980769231 0.007291665865384624 0.07962962980769231
0 0.20568100315667154 0.3423745398453367 0.20185936774244104 0.3067059558745853 0.18996711580550033 0.30798012619753484 0.19378875121973083 0.34364871016828624
3 0.9550706807703128 0.4450461283170686 0.8752757333484242 0.3929717835452545 0.8389327108801764 0.4486611941314826 0.9187276583020648 0.5007355389032967
2 0.9860764131147298 0.5524691596297522 0.9247332047521254 0.5028988814063743 0.8967925394007383 0.5374754486129631 0.9581357477633428 0.587045726836341
2 0.3024999998846153 0.23134259491826917 0.2663611123239315 0.18315740687083337 0.24213888983504275 0.2013240719907052 0.27827777739572657 0.249509260038141
2 0.2471579230378277 0.1865134902769923 0.21740677619384272 0.14420074907532823 0.1922257066827648 0.16190618898389192 0.22197685352674973 0.20421893018555598
3 0.2764108829403544 0.2602676235034776 0.2346963612316459 0.17487223921149567 0.20010511057828878 0.19176961005038218 0.2418196322869973 0.2771649943423641
3 0.24853259468513025 0.2931958024796462 0.20545010848696837 0.18125498647248822 0.15421281324370237 0.20097460389074967 0.19729529944186422 0.3129154198979076
3 0.1834414935542879 0.18991465436520544 0.09129614711834762 0.10485741401774694 0.04954073384055165 0.15009244640700709 0.14168608027649196 0.2351496867544656
2 0.8214282026591613 0.5629626086605224 0.7612487521649918 0.5053549320202405 0.7302597946811399 0.537727326491386 0.7904392451753093 0.5953350031316679
2 0.9141162658041542 0.6452501278068176 0.8482536751352663 0.5730070967566087 0.8125525423353047 0.6055551371950736 0.8784151330041927 0.6777981682452824
2 0.8748475879829505 0.5229710594631858 0.808629433457665 0.4672084182596209 0.7771269432823628 0.5046176355659577 0.8433450978076482 0.5603802767695226
2 1.0223806855869584 0.7130929554953362 0.9348718831735668 0.6700222076002368 0.9097617928026189 0.7210395231621916 0.9972705952160104 0.7641102710572909
3 0.08847347016692104 0.12903125033621016 0.042144939867789145 0.08196734880295432 0.017677075363595966 0.10605290408222888 0.06400560566272787 0.15311680561548474
1 0.20674192023303986 0.14175141813512876 0.06879088938836037 0.026341375538023164 0.028984890296483132 0.07392197151524496 0.16693592114116262 0.18933201411235054