0 0.43489583413461536 5.261574362490062e-17 0.4161458341346154 5.146763725069998e-17 0.4161458341346154 0.027777778846153896 0.43489583413461536 0.027777778846153896
2 0.7418904082290093 0.3574959810989692 0.6835824485798597 0.3143048982161817 0.6568626361026001 0.3503766436731076 0.7151705957517496 0.3935677265558951
2 0.009375000000000007 0.05117845192307692 6.267552733291285e-18 0.05117845192307692 8.055042196760516e-18 0.0803703701923077 0.00937500000000001 0.0803703701923077
3 0.9994791658653847 0.588888889423077 0.9927083341346153 0.588888889423077 0.9927083341346153 0.6296296298076923 0.9994791658653847 0.6296296298076923
0 0.2548594585156704 0.38363463177379215 0.24791418940300153 0.35276676192746526 0.23333953204093305 0.35604605907716963 0.2402848011536019 0.3869139289234965
3 0.8408505767682951 0.3608047987395903 0.7714205924423793 0.31258953115118077 0.7359979603360884 0.36359812064853875 0.8054279446620043 0.41181338823694824
2 0.8461167257142843 0.024518871999874143 0.8413446468567719 -0.003760112462854963 0.8189612184213145 0.0000170912672248737 0.8237332972788269 0.02829607572995398
2 0.9360352633643825 0.51270526753288 0.875774872071747 0.46400999315843855 0.8479988078464996 0.4983828665077527 0.9082591991391351 0.5470781408821943
2 0.3721151880036884 0.2798012277088284 0.32801403905701376 0.2382942562469699 0.3037666700212987 0.26405708103874465 0.34786781896797336 0.3055640525006032
2 0.2812146043751268 0.20873726654093222 0.2444765718136763 0.16999011676953524 0.2210234940829382 0.19222710551377908 0.25776152664438867 0.23097425528517607
3 0.41453643637692 0.3576697333085195 0.3411458341346154 0.28518518509615387 0.3042145268470349 0.32257813228663884 0.37760512908933946 0.39506268049900445
3 0.34497341209821664 0.33910317599311657 0.26108249201619216 0.25114916548957145 0.21535966334163456 0.29475979955050274 0.29925058342365907 0.38271381005404775
3 0.20737383948080254 0.21262559028525946 0.11707295995048185 0.12448878563392725 0.0749647959757739 0.1676308561612778 0.16526567550609458 0.25576766081261
2 0.8224698697679307 0.5648144606655571 0.7622904178161954 0.5072067830865274 0.7313014616977864 0.5395791763878169 0.7914809136495217 0.5971868539668466
2 0.915157932866342 0.6471019800810994 0.849295341000651 0.5748589477181469 0.8135942082006895 0.6074069881566118 0.8794568000663805 0.6796500205195642
2 0.7417019530713743 0.41438008529852416 0.6792654729384983 0.3644308925471714 0.6504262635993915 0.4004798979818034 0.7128627437322675 0.4504290907331561
2 1.0249391059806146 0.7286585976441621 0.9404104859809259 0.6660448026435778 0.9102215273376236 0.7067998952445328 0.9947501473373122 0.769413690245117
3 0.09055680430153644 0.12903125033621018 0.044228274002404526 0.08196734880295432 0.019760409491852777 0.1060529040884881 0.0660889397909847 0.15311680562174396
1 0.23305578350346495 0.1685393009525697 0.1002272262725657 0.048154375397423246 0.05841803456638539 0.0942851894317606 0.19124659179728465 0.21467011498690705