2 0.544949296802179 0.35282448286839635 0.4855959712806553 0.3352383116671093 0.47349004382646753 0.3760958152535503 0.5328433693479913 0.39368198645483743
2 0.7371286349349465 0.47071256999702504 0.6813145866225783 0.4293688289162382 0.6543733407777074 0.4657395094079416 0.7101873890900757 0.5070832504887284
2 0.8165027936530164 0.46062897725184015 0.7649729406488167 0.42264491587468783 0.7402725363174761 0.45615392355294215 0.7918023893216758 0.4941379849300945
2 0.8500133546036578 0.3880876062771438 0.8042868578530383 0.3576032765756571 0.7826522427374925 0.3900552008091647 0.8283787394881119 0.4205395305106514
2 0.8872931392031418 0.5942157357855737 0.8111081230135913 0.5335012357813285 0.7823502106549125 0.5695868828420869 0.858535226844463 0.6303013828463323
2 1.0041244058430214 0.1500396711470617 0.9644903953078022 0.14488402590417931 0.9602293894653026 0.17764049817802585 0.9998634000005217 0.18279614342090825
2 0.64215004174142 0.14235009743800256 0.6410744672914525 0.10786447505629151 0.5985240557706836 0.10919158276978361 0.5995996302206511 0.14367720515149465
2 0.6984747787160518 0.1393196913677218 0.6954796425527696 0.10470920522895223 0.659411613871622 0.10783047479471511 0.6624067500349041 0.14244096093348466
3 0.46255603466847134 0.2477802988036526 0.36498983883242714 0.17663827475229385 0.3217646526650052 0.23591852485616494 0.4193308485010494 0.3070605489075237
2 0.28510736426809025 0.16986221539689128 0.2536492850277072 0.14078096715827365 0.23389546133739358 0.16214928484022406 0.2653535405777766 0.1912305330788417
2 0.2253688792713841 0.7312611132041683 0.18380907645991543 0.7108058967042302 0.1340650258057818 0.8118731690176644 0.17562482861725048 0.8323283855176025
2 0.31774639844028074 0.7901589914612497 0.2806180935920619 0.7747224952811393 0.23755425384446527 0.8783008819453203 0.27468255869268404 0.8937373781254305
3 0.2590251245961509 0.9356045759168765 0.20238116524471977 0.9164872354078951 0.17419560096153855 1 0.23083956031296968 1.0191173405089815