2 0.10597466820483269 0.7341160574176923 0.06550656857532627 0.712357014900651 0.00013435272240643807 0.8339381617762849 0.04060245235191286 0.8556972042933262
2 0.3420025234204293 0.4389250359231485 0.31329242822046954 0.4023196642947472 0.2551990349524075 0.44788310968593387 0.2839091301523672 0.4844884813143352
2 0.49687499999999996 0.3712962956730769 0.4338541658653846 0.3712962956730769 0.4338541658653846 0.4185185192307692 0.49687499999999996 0.4185185192307692
2 0.6762283492103847 0.4293562168608591 0.6086265498813471 0.38718745152496403 0.5802725776635618 0.4326424114883334 0.6478743769925993 0.4748111768242285
2 0.8166793564257401 0.4703778888065111 0.7648630484661739 0.4396719319084567 0.7423926608064235 0.47759071525118457 0.7942089687659897 0.5082966721492389
2 0.9019868547962466 0.5373330614240617 0.8451530128884811 0.5002170859850756 0.8227210052476231 0.5345661004149961 0.8795548471553888 0.5716820758539821
2 0.8553557611385881 0.4039930443461379 0.8080850554791768 0.36914851674847426 0.7843554105338776 0.4013405749839484 0.8316261161932891 0.436185102581612
3 0.7586662601875999 0.2019195168816435 0.7162820373429454 0.14946905046444015 0.6305620273328055 0.21873775777424084 0.67294625017746 0.2711882241914442
2 0.5808419189986876 0.3085098821696064 0.5768896457858348 0.2698654035885472 0.5329365037814611 0.27436060787498173 0.5368887769943139 0.3130050864560409
2 0.7022785547101908 0.14814238557137088 0.6935302844393042 0.11533636921656393 0.6561102478219658 0.12531504478431482 0.6648585180928526 0.15812106113912178
2 0.6462683826684562 0.15175517522275617 0.6392340695683474 0.12010076284811069 0.5947303924537737 0.1299904678037715 0.6017647055538826 0.16164488017841697
2 0.6739614699702406 0.6669232568666609 0.6058270500446513 0.6400953241565562 0.5859350682129058 0.6906146339342294 0.654069488138495 0.717442566644334
3 0.5284847004341768 0.661694706398383 0.5055561907732977 0.5927132160141796 0.42209264292239024 0.620455364706128 0.44502115258326935 0.6894368550903315
2 0.22600666691459567 0.749516792052693 0.18435387970456857 0.7264649982161214 0.12988245907455198 0.8248905918430428 0.17153524628457908 0.8479423856796143
2 0.35395844078162847 0.7458639415387643 0.3144973013150515 0.7292162725259334 0.2736307195655593 0.8260852023860876 0.3130918590321362 0.8427328713989185
2 0.13623401614597355 0.9070787180950308 0.0934165484501391 0.8856478683137261 0.041146956274636576 0.9900791716585609 0.08396442397047103 1.0115100214398656
3 1.060634228239405 0.6575818176951119 0.9217024554880496 0.5559399133596992 0.8505323321700988 0.6532205720028739 0.9894641049214541 0.7548624763382866