2 0.8902522977062025 0.44567373309361985 0.819929957853607 0.3995247156319417 0.7926621143147607 0.4410757315767224 0.8629844541673563 0.48722474903840063
0 0.18912801008186042 0.31546203225125863 0.18233371083117084 0.2757746806620723 0.17146563549262586 0.27763524714414595 0.17825993474331542 0.31732259873333224
2 0.68336995886974 0.7259948289524509 0.6083314252743651 0.6751750727809017 0.5760274201922465 0.7228739472587132 0.6510659537876214 0.7736937034302624
2 0.4630491866072926 0.32506891245716785 0.4318143966933531 0.31109311732384504 0.40183944155361495 0.3780847566215 0.43307423146755447 0.3920605517548228
2 0.2907981135622607 0.029067902764827853 0.2632945269402184 -0.0020472726414035346 0.23973668138662269 0.01877617563915012 0.26724026800866507 0.04989135104538151
2 1 0.5425925937500001 0.971875 0.5425925937500001 0.971875 0.5948801730769232 1 0.5948801730769232
2 0.29663087223344053 0.20522785074380473 0.25629865842724464 0.16201476844055046 0.23166938840729354 0.18500208920985348 0.2720016022134894 0.22821517151310777
2 0.243847898911375 0.16372380610831108 0.2055876788956605 0.12485625738813658 0.1893198567831259 0.14086988504660042 0.22758007679884046 0.17973743376677492
3 0.2506367469840429 0.22057643506642555 0.2035160115532314 0.13680624277239622 0.17305112478869591 0.1539427424013176 0.22017186021950744 0.23771293469534693
3 0.23373181902465134 0.2652977395701037 0.18935052754513032 0.15258334905289864 0.13857663011102836 0.1725755712636927 0.1829579215905494 0.2852899617808978
3 0.17455320206610175 0.16944408996490312 0.08432454896233708 0.0830713662459074 0.04191486308663862 0.12737434374106377 0.1321435161904033 0.21374706746005948
2 0.8188240377371786 0.5416663080526851 0.7586445824885667 0.4840586375438844 0.7276556288578706 0.5164310339929801 0.7878350841064825 0.574038704501781
2 0.9104704328663421 0.6221019800810995 0.844607841000651 0.5498589477181471 0.8089067082006896 0.5824069881566121 0.8747693000663808 0.6546500205195643
2 0.884149493137812 0.5067487489498871 0.8179772190932952 0.45091589004055227 0.7848474046913392 0.4901808533699455 0.8510196787358559 0.5460137122792803
2 1.0223873754483594 0.6959585526056448 0.9308051251812842 0.6482001054764317 0.9048341506240044 0.6980024008724596 0.9964164008910795 0.7457608480016726
3 0.07942808392678759 0.10634819032624236 0.0324762357711349 0.06012996265534957 0.007617212306603436 0.08538357262316645 0.05456906046225613 0.13160180029405927
1 0.16243503595087727 0.09030852415422294 0.025661238007726055 -0.01696504012963399 -0.013271290840485605 0.032673935415271374 0.12350250710266562 0.13994749969912829
2 0.475 0.19722222115384622 0.453125 0.19722222115384622 0.453125 0.2546296298076924 0.475 0.2546296298076924