3 0.9895914604916652 0.4067250381519264 0.8613638195403676 0.3303541620339666 0.8061466511291134 0.42306446739238057 0.9343742920804112 0.49943534351034025
1 0.12273829089017646 0.07384780182649929 0.013264809753428395 -0.01613756682913356 -0.026124253296539293 0.031781977372510324 0.08334922784020876 0.12176734602814318
2 0.4212197098124782 0.4178316318926488 0.3915461193921606 0.40114023521772346 0.3603208449293402 0.45665182740004046 0.3899944353496578 0.47334322407496576
1 0.24201768557429554 0.23889206741166694 0.11556152934717688 0.1137004754060465 0.06996082225522841 0.15976179667934437 0.1964169784823471 0.28495338868496484
2 1 0.7462962956730769 0.9993747677103552 0.6840510445569016 0.9653566231445802 0.6843927452012869 0.9659818554342251 0.7466379963174622
2 0.6147395839451968 0.2043923607100592 0.5942107386882769 0.17799813055018213 0.554070513111025 0.2092183053558831 0.574599358367945 0.23561253551576017
2 0.8304296685896495 0.5445850145023305 0.7603733288421056 0.4929445681737734 0.7328253660336326 0.5303166201034611 0.8028817057811766 0.5819570664320183
0 0.18075585041212783 0.30944901109139705 0.1758432846248596 0.27451520237969357 0.16294726715969785 0.2763287044433876 0.1678598329469661 0.3112625131550911
2 0.25399415912990675 0.7007568336186465 0.2144526579111641 0.6801997464477798 0.16216490627958716 0.780775094388873 0.2017064074983298 0.8013321815597398
2 0.6550837948845346 0.2921532745792527 0.6294965681146661 0.264738388076553 0.5876587642896957 0.3037870040143709 0.6132459910595642 0.3312018905170707
2 0.2735007556247314 0.2401142148356484 0.22975720742002934 0.2038232616683581 0.2061576943285746 0.23226909591704356 0.24990124253327664 0.2685600490843339
0 0.4239583341346154 5.102695001353743e-17 0.4057291658653846 4.991073538493583e-17 0.4057291658653846 0.014814814903846205 0.4239583341346154 0.014814814903846205
2 0.30002223513089843 0.21792005884593582 0.2579333467366217 0.18228925248565642 0.23675517418749445 0.20730596784713165 0.27884406258177113 0.24293677420741105
0 0.732877173874752 0.9729387348171893 0.7117542646122232 0.9203661745179637 0.6913181798736565 0.9285771035873714 0.7124410891361855 0.981149663886597
2 0.9345615376187655 0.6282411783574927 0.8648899030482791 0.5704395216062059 0.8322813246899214 0.6097445014793995 0.9019529592604079 0.6675461582306862