2 0.3880688265032448 0.3859301456089292 0.373143227942724 0.34515127934884376 0.31034452077146474 0.36813642776812094 0.3252701193319855 0.40891529402820637
2 0.6221156566459313 0.39634599177216356 0.5685241712572906 0.3673496313071871 0.5470918595908069 0.4069611342372355 0.6006833449794475 0.435957494702212
2 0.7586174775185618 0.4981703547282956 0.6974028369350708 0.4408934865634262 0.6659664985867669 0.4744910664400566 0.7271811391702578 0.5317679346049261
2 0.8172593392879738 0.47136015161294953 0.7671479885482791 0.4268167308747313 0.7393318980441479 0.458109834196355 0.7894432487838425 0.5026532549345732
2 0.8515333609440093 0.394016037636708 0.8033563911173739 0.3621470352892301 0.7812903292489215 0.39550471574743984 0.8294672990755569 0.42737371809491775
2 0.9603955979458212 0.6499129279861257 0.8725630446311542 0.5838508371816198 0.8372016863193156 0.6308653708026443 0.9250342396339826 0.6969274616071501
2 0.645737491777479 0.1473843327473881 0.6394143237844367 0.11655888638731918 0.5945559512876115 0.12576060310793497 0.6008791192806539 0.15658604946800386
2 0.7021659809249202 0.13894306509655927 0.6928337178316349 0.10832157669552939 0.6568121143677345 0.11929958913452673 0.6661443774610198 0.1499210775355566
3 0.5486603079099314 0.2470483249952098 0.4428697831462183 0.23415195699550198 0.4325274147395225 0.31899170265635585 0.5383179395032356 0.33188807065606374
2 0.3606342253735698 0.2332620398676817 0.3283639033866606 0.20214422596076456 0.3083591519759053 0.22288989181069274 0.34062947396281457 0.2540077057176099
2 0.39459755545369846 0.6891846839638516 0.358435250792641 0.6654531651733773 0.30805223104660595 0.7422272699361756 0.3442145357076634 0.7659587887266499
2 0.22719652695288015 0.737265221235532 0.18445396384832738 0.7166572051171597 0.1362897601750144 0.8165533573261924 0.17903232327956714 0.8371613734445646
3 0.3059984131170758 0.8373592789893984 0.25517639591667296 0.8168207699997296 0.19406028741228248 0.9680510233347799 0.24488230461268531 0.9885895323244488
2 0.9997327095182851 0.6048567463708088 0.9363859465537419 0.5646365800721637 0.912623452595705 0.6020625086729826 0.9759702155602482 0.6422826749716276