2 0.19738655774076871 0.5731646278191577 0.16138259670841376 0.5529124064150172 0.10688520674176252 0.649796687184494 0.1428891677741175 0.6700489085886345
2 0.4248263889281674 0.40208333280601904 0.41310593619964947 0.35520152527284715 0.35678785364264487 0.36928104692744834 0.3685083063711627 0.4161628544606203
2 0.5852003789874124 0.38563483780756075 0.5219494073897775 0.37585691584012504 0.5148379760080479 0.4218590158612069 0.5780889476056829 0.4316369378286425
2 0.7632739306892427 0.49707568655448797 0.6927294556572927 0.4460604725667495 0.6614461108986175 0.4893194723971662 0.7319905859305673 0.5403346863849047
2 0.8166793597367307 0.46852604530433634 0.7648630521273163 0.43782007722557953 0.742392660114226 0.4757388538512845 0.7942089677236405 0.5064448219300413
2 0.9016217386454032 0.537094618242461 0.8451530128884811 0.5002170859850756 0.8227210052476231 0.5345661004149961 0.8791897310045453 0.5714436326723814
2 0.855341284032908 0.4046374887097536 0.8066431208055468 0.3678433231855767 0.782983764418892 0.3991571791395746 0.8316819276462533 0.4359513446637514
3 0.7097202790845595 0.24856083210334196 0.6715477016029328 0.18414457663374265 0.5748931860000919 0.24142129908371174 0.6130657634817186 0.3058375545533111
2 0.5046248607149161 0.2754866019467753 0.4618480140267246 0.2743407969529934 0.46076275762519237 0.31485715615692195 0.5035396043133838 0.3160029611507039
2 0.7027993888448061 0.1472164600906016 0.6940511185739197 0.11441044373579468 0.6566310797123264 0.12438911990201354 0.665379349983213 0.1571951362568205
2 0.6462683836732681 0.15082924678299456 0.6392340686404544 0.11917483598364303 0.594730391167113 0.12906454422842997 0.6017647061999267 0.1607189550277815
2 0.5661458341346155 0.6185185192307692 0.5041666658653847 0.6185185192307692 0.5041666658653847 0.6740740745192307 0.5661458341346155 0.6740740745192307
3 0.4448814418821555 0.6602570497680412 0.3994245989425312 0.6212054907446197 0.3239506367286768 0.7090587834730524 0.3694074796683011 0.7481103424964739
2 0.22633187535280186 0.7469728227633115 0.18381151974500723 0.7253751546742724 0.1329135502334826 0.8255804062052499 0.17543390584127724 0.8471780742942887
2 0.2900366823486432 0.8835811019435117 0.2490877367173843 0.8666896628805602 0.2011317551178942 0.9829465949212592 0.2420807007491531 0.9998380339842109
2 0.11629572911748233 0.9410595095582921 0.07215244793707368 0.9217468160833373 0.037916665865384634 1.0000000000000002 0.08205994704579328 1.0193126934749548