3 0.9561204665278262 0.48395221670816596 0.8910404792290211 0.32968854218393273 0.8028332250752169 0.36690097730643634 0.867913212374022 0.5211646518306696
1 0.21506846033655733 0.15418140895321342 0.09041280790557481 0.05227313580846937 0.051747054029789505 0.09956963713644226 0.17640270646077202 0.2014779102811863
2 0.37302346890144356 0.08706046901392465 0.3688568043116079 0.05002343013845449 0.3382030982431943 0.05347197018108417 0.34236976283302994 0.09050900905655433
1 0.24032364184464264 0.2429811707495063 0.11347819838717635 0.11740417784075327 0.06787749307107091 0.16346549491654588 0.19472293652853717 0.2890424878252989
2 1.028984089671117 0.7194662533891866 0.9493451586989662 0.652047042747411 0.9162515460210883 0.6911388670299031 0.9958904769932393 0.7585580776716788
2 0.5172050964305366 0.34037341583371455 0.49432494308408637 0.33645643208422704 0.481956941157937 0.40870125074003955 0.5048370945043872 0.412618234489527
2 0.8293880027242649 0.5501405697907923 0.7593316629767208 0.498500123462235 0.731783700168248 0.5358721753919227 0.801840039915792 0.5875126217204799
0 0.1812766849191671 0.3159304908862304 0.17636411533797894 0.2809966829074563 0.1634680965476928 0.2828101865960917 0.16838066612888092 0.31774399457486585
2 0.45495475280147757 0.3019250241902931 0.4293458421105386 0.29603206457637765 0.4152833421105386 0.35714317515330063 0.4408922528014775 0.36303613476721613
3 0.3060553679142687 0.11845664803153087 0.21962839138826412 0.059361314871507045 0.18136533924503231 0.1153210621571597 0.26779231577103696 0.17441639531718353
2 0.2724590909759073 0.24381790941522308 0.22871553906695533 0.20752696663433087 0.2051160292890327 0.23597280743899343 0.24885958119798465 0.27226375021988564
2 0.5060847319403033 0.641215020556704 0.4894811794031563 0.5898478290619363 0.43365343049487604 0.6078931793148055 0.4502569830320231 0.6592603708095732
2 0.30054306926551383 0.22254968865362804 0.2584541808712371 0.18691888229334871 0.23727600832210985 0.21193559765482403 0.2793648967163866 0.24756640401510335
3 0.08897286135749366 0.1489147150800306 0.05051619563676608 0.0805473127545281 0.01569918300192971 0.10013188333565716 0.05415584872265729 0.16849928566115965
2 0.9303948711531033 0.6319448803602714 0.8614402716512894 0.5747381024965814 0.8288316944374194 0.6140430846346077 0.8977862939392333 0.6712498624982979
2 0.0684166675346152 0.0773333320173076 0.04280555335128199 0.04318518469807715 0.021805555724359018 0.05893518518990386 0.04741666990769223 0.09308333250913432
3 1 0.45740740625000015 0.9708333341346154 0.45740740625000015 0.9708333341346154 0.5546296298076924 1 0.5546296298076924
2 0.08229166586538463 8.22809568177128e-18 0.05208333413461538 6.3783688436878815e-18 0.05208333413461538 0.012962963942307698 0.08229166586538463 0.0129629639423077