2 0.9224765355369164 0.6143472033577974 0.8552282594084537 0.5631104215456353 0.8245571298421807 0.6033662791013688 0.8918054059706434 0.6546030609135307
3 0.3302439121909674 0.14951370721925772 0.2425937743850565 0.08025928067746078 0.20005522486447638 0.13409713500280354 0.28770536267038727 0.20335156154460046
2 0.823415949662417 0.5462771375122334 0.7571910912291498 0.48741060131377156 0.727306035138748 0.521031292060458 0.7935308935720152 0.5798978282589198
2 0.20788475187925018 0.11068709858992803 0.1802113423041073 0.0760668637573698 0.15676213997557567 0.09481079728024647 0.18443554955071856 0.12943103211280468
2 1.0256711869883646 0.7045890659532125 0.9461515592520306 0.6362610961676237 0.9143499039964401 0.6732716468287842 0.993869531732774 0.7415996166143729
3 1.005973979666581 0.10477567299555623 0.9237411290946634 0.09813059712386603 0.9177266020742386 0.17256040218274457 0.9999594526461562 0.17920547805443476
2 0.3102866883851366 0.8205723528348913 0.27236264786866016 0.8050579724879903 0.2286200225312393 0.9119843890447918 0.2665440630477158 0.9274987693916928
2 0.21966364777722028 0.7510507359727181 0.17937666705641384 0.7301060841764406 0.1266991295340914 0.831431184217423 0.16698611025489785 0.8523758360137005
2 0.6457238844863104 0.1381326705435937 0.6428576761791711 0.10696263939107105 0.5994197580134375 0.11095692869037406 0.6022859663205767 0.14212695984289672
3 0.24791666586538474 0.9425925937499999 0.1810363245192309 0.9425925937499999 0.1810363245192309 1 0.24791666586538474 1
2 1.0375258862993193 0.9625357306675022 0.9497888210587727 0.8746543654863921 0.9107414148092486 0.9136376564551697 0.9984784800497953 1.00151902163628
3 0.40521899305376025 0.03381701237708746 0.31522015682897203 -0.009328498225179902 0.283048082692008 0.057780435957006146 0.3730469189167962 0.1009259465592735
2 0.7203308825791855 0.12765795237556557 0.7133210786199096 0.09611383455882347 0.6760416672794117 0.10439814819004525 0.6830514712386877 0.13594226600678735
2 0.18433926632588482 0.027466892030650558 0.1700190596890311 -0.004355796728277017 0.14316528241397372 0.007728400256837426 0.15748548905082743 0.039551089015765
2 0.545864875127803 0.17722738799355658 0.5027020247681006 0.1506656345154353 0.48508956306291495 0.17928588542142654 0.5282524134226174 0.20584763889954782
2 0.36707544072279646 0.1097351273490162 0.33462456835092713 0.08665895254956288 0.3179196389192771 0.11015026069221052 0.35037051129114644 0.13322643549166385
2 0.502249910322619 0.2362026494065819 0.4628127022886526 0.2029923780326094 0.4400262254712145 0.23005132664796868 0.47946343350518084 0.2632615980219412
2 0.9225854133743662 0.4361630547016602 0.8603757091601628 0.38795496591694695 0.8369831259642917 0.4181417191798712 0.8991928301784952 0.4663498079645845
2 0.889463030467517 0.45916761173670884 0.8279424419936986 0.4122947437918555 0.8003320363999625 0.44853337126662157 0.8618526248737809 0.4954062392114749