2 0.9278548507912581 0.640513403745169 0.858720724799097 0.586351831574276 0.8277275976958813 0.6259127724436452 0.8968617236880424 0.6800743446145382
3 0.3407066982383787 0.1623638335945327 0.2518676243673744 0.0946769234231842 0.21035638709221025 0.1491604249662363 0.2991954609632145 0.2168473351375848
2 0.8264342946020674 0.5639627847843651 0.7571113783810752 0.510044962167871 0.7305528853129977 0.544191596816113 0.79987580153399 0.5981094194326071
2 0.22090558737656782 0.12365006075244231 0.19323217547022672 0.0890298277339856 0.16978297391219974 0.10777376320213064 0.19745638581854083 0.14239399622058735
2 1.025434292770475 0.7314440020904883 0.9507767830466338 0.6636070493114077 0.9179747563498015 0.6997071028479463 0.9926322660736427 0.767544055627027
3 0.963305660248597 0.41263710047761104 0.8354497958254152 0.3331477689440758 0.781101936950395 0.42056443658938425 0.9089578013735766 0.5000537681229196
3 1 0.4657407403846155 0.9619791658653847 0.4657407403846155 0.9619791658653847 0.5648148149038463 1 0.5648148149038463
2 0.31483992873813677 0.2579161647227374 0.27596944582561755 0.21783097448886946 0.2518588622859524 0.24121093152590983 0.2907293451984716 0.2812961217597777
2 0.2946930489274646 0.2892167970938292 0.25567512486192967 0.2493121001431916 0.23105683994530432 0.27338331092544127 0.2700747640108393 0.31328800787607886
1 0.2613527925419273 0.28085512536709056 0.1271886021884615 0.159781967484842 0.08423274060844282 0.20738243063146097 0.2183969309619086 0.3284555885137096
2 0.2450669944253588 0.20419548275084898 0.21565945938584924 0.14736932209842765 0.1957760327421586 0.15765899430250846 0.2251835677816682 0.21448515495492979
3 0.10441921267397034 0.17776658561585268 0.05966379411798173 0.11411443386260915 0.026466604936863584 0.1374562071689227 0.07122202349285219 0.20110835892216625
2 0.0958333341346154 0.15092592548076922 0.0913555407752492 0.10614800997049655 0.07514037694621761 0.10776952700824285 0.07961817030558381 0.15254744251851554
1 0.23589555462314632 0.19317895899294021 0.10997939367419618 0.0896640721038507 0.07101893627023875 0.13705581808892492 0.1969350972191889 0.24057070497801444
0 0.21726106633116046 0.33188425970520097 0.20283284863204495 0.32985529193267565 0.19838413197938515 0.36149061567483987 0.21281234967850068 0.3635195834473652
2 0.3165973126595504 0.8330060949475677 0.27892010488638996 0.8171951223590181 0.23471040585246944 0.9225458847337639 0.2723876136256298 0.9383568573223134
2 0.7566362358520414 0.4255035941546129 0.6935104719084801 0.38000754821104304 0.6695563863659731 0.41324384200491904 0.7326821503095343 0.4587398879484889
2 0.17706896432726524 0.13748723070709182 0.15698635140400732 0.11963601407035974 0.15468749999999995 0.12222222115384619 0.1747701129232579 0.14007343779057826
2 0.22425149250759122 0.7698225323200453 0.18357526509429492 0.7486245354591963 0.1315664788912486 0.8484227017185666 0.17224270630454488 0.8696206985794157
2 0.043897270892710075 0.12486909226732482 0.014012212336046924 0.09124840277654643 -0.007740661211878159 0.11058429117151046 0.022144397344784992 0.14420498066228882