3 0.35732428882074097 0.8060818413789274 0.3097264589652052 0.7842400729211245 0.2520734152588944 0.9098782404664097 0.29967124511443016 0.9317200089242126
2 0.4735093388274033 0.6888250321879575 0.4424748567767882 0.65391123925156 0.38764367901422314 0.7026500630506909 0.4186781610648382 0.7375638559870884
2 0.23844338421518 0.7736925074834023 0.20093255727750486 0.753976263997023 0.15562708653398635 0.8401714701763366 0.1931379134716615 0.859887713662716
1 0.25375936911369534 0.27119147447804903 0.12813469753554016 0.14626783707972008 0.08310960706668634 0.19154559492222548 0.2087342786448415 0.3164692323205544
3 0.7463928715049281 0.488939059947635 0.6749110682462367 0.43048282843685565 0.6403533960351881 0.47274085058823234 0.7118351992938796 0.5311970820990116
2 0.7179492068755865 0.19732075269878158 0.7116772588678041 0.162923043631676 0.670263038312924 0.1704743557727348 0.6765349863207064 0.20487206483984036
2 0.23879906519258218 0.581254472566752 0.20423487511163138 0.5579236439480414 0.1495876272726378 0.6388825285456079 0.1841518173535886 0.6622133571643187
2 0.42217115210451506 0.4113761844117049 0.4079084022175756 0.371262198426131 0.3456218956972118 0.39340851079086714 0.35988464558415123 0.43352249677644106
2 0.5661201956177664 0.3835996505233806 0.5084377458231013 0.367285425232254 0.49820943704755094 0.40344980919174933 0.555891886842216 0.4197640344828759
2 0.2730467844034684 0.8187176392297946 0.23481322004105853 0.8008422072440177 0.17711887340045818 0.9242440090793939 0.21535243776286808 0.9421194410651708
3 0.8942013371446507 0.6133157541093183 0.8158516456622731 0.548420049513609 0.778454394046184 0.5935703895039566 0.8568040855285617 0.6584660940996658
2 0.07702454387202481 0.09870475616094615 0.04750591836994951 0.056319041925139 0.02375672405527563 0.07285866112444549 0.05327534955735094 0.11524437536025263