0 0.5105570028188848 0.06353393554577955 0.5073232596178077 0.029040729459091027 0.48899476734767994 0.03075902833555857 0.49222851054875705 0.06525223442224709
2 0.8387635374029613 0.42882153153276026 0.7734280984546509 0.38682018138478236 0.748238191888353 0.42600448371738797 0.8135736308366635 0.4680058338653659
2 0.007812500000000007 0.056045752403846155 6.8636251287175275e-18 0.056045752403846155 8.392766076739756e-18 0.08101851923076923 0.00781250000000001 0.08101851923076923
3 0.9994791658653847 0.5907407403846154 0.9927083341346153 0.5907407403846154 0.9927083341346153 0.6314814807692308 0.9994791658653847 0.6314814807692308
0 0.22145325112770559 0.35405036182825295 0.2144181913525889 0.3212200761132268 0.1997874331766997 0.3243552379335075 0.20682249295181634 0.3571855236485337
3 0.9172457952187503 0.4207274766004009 0.8422066336731511 0.366798617599567 0.8044416710477122 0.419346570286087 0.8794808325933114 0.47327542928692085
2 0.9860764131147296 0.5533950851105213 0.924733204752125 0.5038248068871439 0.896792538225597 0.53840137554797 0.9581357465882017 0.5879716537713473
2 0.3121596527987458 0.23870136839934847 0.27581767790616524 0.19171376750129898 0.25516463261205696 0.207687608242016 0.2915066075046375 0.2546752091400655
2 0.2550456257700597 0.18678621193160455 0.21796000986127576 0.14923702726816035 0.19584691650943065 0.17107712030751718 0.23293253241821457 0.20862630497096138
3 0.31464439572765107 0.27124202351961973 0.2555639416220391 0.20477649986897495 0.2208045992877836 0.23567368711321202 0.2798850533933956 0.3021392107638568
3 0.2673292598492308 0.31296432194642165 0.22330726933075334 0.19752887088650775 0.17190253054221943 0.21713237139502245 0.2159245210606969 0.33256782245493643
3 0.18552482639097995 0.19269243201327618 0.09337948125296294 0.10763519286390077 0.05162406917325006 0.15287022395523758 0.14376941431126705 0.237927463104613
2 0.8209073700253053 0.5638885388651647 0.7607279228280144 0.5062808551546543 0.7297389616556718 0.5386532477323764 0.7899184088529627 0.5962609314428868
2 0.9141162670009575 0.6461760546003303 0.8482536751352664 0.5739330222373777 0.8125525423353047 0.6064810626758426 0.8784151342009958 0.6787240950387953
2 0.846201752582682 0.49982291919030797 0.7799836048278117 0.4440602676027657 0.748481114228109 0.4814694746219592 0.8146992619829795 0.5372321262095016
2 1.0247268961786065 0.7261094318273938 0.9398896522487266 0.6632670264993552 0.9097006956068548 0.704022116398378 0.9945379395367347 0.7668645217264166
3 0.08951513725315544 0.12995717461520534 0.04318660933879395 0.08289327550457333 0.018718744828242206 0.1069788307901071 0.06504727274260368 0.1540427299007391
1 0.2102628319805223 0.15151272041049907 0.07783139094181854 0.03148770844796281 0.03602219923563827 0.0776185224823002 0.168453640274342 0.19764353444483646