3 0.959174349129068 0.4795713019565244 0.8926845476856783 0.32574405565955106 0.8046661842396923 0.36378883413525387 0.871155985683082 0.5176160804322273
1 0.1995593659652003 0.13493991146270262 0.07456273773755812 0.03617714395518904 0.03467659151955496 0.08665804800504592 0.15967321974719711 0.1854208155125595
2 0.4499882818479304 0.16909072206586687 0.44125361274042996 0.12650922906391593 0.4158519519096156 0.13171982846981162 0.424586621017116 0.1743013214717626
1 0.24084447575794846 0.23927746468529698 0.11399902934717693 0.11370047540604641 0.06839832225522846 0.15976179667934426 0.195243768666 0.2853387859585948
2 1.0298654499572917 0.708561680883016 0.9487754639510222 0.6501184580227738 0.9172956656633328 0.6937966858428464 0.9983856516696024 0.7522399087030885
2 0.5372592227575623 0.28574263988827714 0.5125939214195872 0.2760909990237969 0.4881096292043728 0.3386619601707046 0.5127749305423479 0.3483136010351849
2 0.8304296685896495 0.5455109399830999 0.7603733288421056 0.49387049365454266 0.7328253660336326 0.5312425455842303 0.8028817057811766 0.5828829919127876
0 0.18075584995782915 0.31037493673161315 0.17584328479138403 0.2754411278999757 0.16294726754306085 0.27725462969777037 0.16785983270950597 0.31218843852940775
2 0.42034999819587465 0.4234833834666133 0.38792763781607864 0.40570174472563136 0.3507038686966413 0.4735741424649454 0.3831262290764373 0.4913557812059273
2 0.9439467566330154 0.1765205041126805 0.9416204362499327 0.13857243589205573 0.8911657130143118 0.14166544843760664 0.8934920333973945 0.17961351665823144
3 0.2519000722043411 0.07838010906126427 0.17072498032717068 0.019175483290778936 0.13351482283316446 0.07019409736072434 0.21468991471033483 0.12939872313120968
2 0.27245908833550825 0.24011421365438945 0.22871554155464474 0.2038232616683581 0.2051160274831823 0.2322690970983025 0.24885957426404587 0.2685600490843339
2 0.39609928366936487 0.6789551701283103 0.36011834476845184 0.6579521442261627 0.31575054677756326 0.7339600030992488 0.35173148567847634 0.7549630290013964
2 0.3005430692655138 0.21792005884593582 0.2584541808712371 0.18228925248565644 0.23727600832210985 0.20730596784713168 0.27936489671638653 0.24293677420741105
3 0.06351911536128653 0.11663460124347573 0.019817110633897683 0.05448062850592333 -0.011201786179611083 0.07629078665794317 0.032500218547777765 0.13844475939549555
2 0.9324782052877191 0.6273152505525791 0.8635236043620663 0.5701084715076302 0.8309150261681888 0.6094134548269156 0.8998696270938417 0.6666202338718643
2 0.03236648349409349 0.039666459635914864 0.0044889493214721665 0.00869142583605227 -0.013505218794750648 0.02488617932071577 0.014372315377870674 0.05586121312057836
3 0.9994791658653847 0.5314814807692309 0.9953125 0.5314814807692309 0.9953125 0.5453703701923078 0.9994791658653847 0.5453703701923078