2 0.9277062914137513 0.6332788675194515 0.8587144317507727 0.5807136411095629 0.8290635474664773 0.6196304267327007 0.898055407129456 0.6721956531425892
3 0.34222307884081454 0.15692112059444976 0.25457294830321536 0.0876666848125876 0.2120343924674525 0.1415045354829712 0.2996845230050517 0.2107589712648334
2 0.8278379918878682 0.558673491880788 0.7612093563494654 0.502455577942477 0.7329765050075111 0.5359167334797879 0.7996051405459139 0.5921346474180988
2 0.21778058737656786 0.11439080113705773 0.1901071754702267 0.07977056811860095 0.16665797391219972 0.098514503586746 0.19433138581854084 0.13313473660520278
2 1.0264759594763526 0.7240365891869167 0.951818445940108 0.6561996442745068 0.9190164244500405 0.6922996981105533 0.9936739379862851 0.7601366430229631
3 0.9825764939481209 0.4200445146125468 0.8547206327164534 0.34055517420181236 0.8003727695968836 0.42797183672974776 0.9282286308285511 0.5074611771404822
3 1 0.4611111105769232 0.965625 0.4611111105769232 0.965625 0.5569444447115386 1 0.5569444447115386
2 0.298694095842418 0.2347680168867678 0.25982361409484833 0.19468282785425411 0.23571303055518317 0.2180627848912944 0.2745835123027528 0.25814797392380806
2 0.2692569438545788 0.2636388879092033 0.23592361037930407 0.2191944451070054 0.20847916688956036 0.2397777785725274 0.24181250036483512 0.2842222213747253
1 0.23957920981030767 0.2524733537046498 0.11312642710509516 0.12893232083416473 0.06900262968917664 0.1740960760426333 0.19545541239438918 0.2976371089131184
2 0.16670380973364968 0.11134621920320804 0.1333797622401452 0.08501610744516817 0.12747440943264482 0.09249006954724519 0.16079845692614933 0.11882018130528506
3 0.10418357236767553 0.1700270478059515 0.06309235742874765 0.1042811076967014 0.02892673251574452 0.1256346244992618 0.07001794745467241 0.19138056460851188
2 0.09317883020637481 0.13592666542955684 0.0893656703540368 0.09389715632352348 0.07160194009508801 0.09550878454597782 0.07541509994742603 0.1375382936520112
1 0.2358289409636508 0.1852190406582541 0.10931513220963537 0.08121282510372038 0.07660084419859735 0.12100668891162074 0.2031146529526128 0.22501290446615446
2 0.8850019602989685 0.9445453870424128 0.8023951648980723 0.8609060099159052 0.7631291704114088 0.8996872405301217 0.845735965812305 0.9833266176566293
2 0.2676722888695715 0.037056261321398415 0.25021746287041385 0.004328463517049041 0.2214004218491783 0.019697552505047157 0.23885524784833595 0.05242535030939653
2 0.28612583196487773 0.8894957987215748 0.2474232956196543 0.873249397576797 0.20030606588651023 0.98549310496669 0.23900860223173373 1.0017395061114676