2 0.7145375010174496 0.3477163996677514 0.6618812723151547 0.3075973759907251 0.6361200760065675 0.34140895264797216 0.6887763047088623 0.38152797632499846
2 0.34647565867920427 0.3934377591614075 0.30529612362551106 0.3483866416397674 0.2778429253162018 0.37348057946652957 0.31902246036989496 0.41853169698816967
3 0.3305288461348808 0.048593306565060335 0.2810363259289815 0.015598289921863339 0.2529914529890825 0.05766559528677859 0.3024839731949819 0.0906606119299756
2 0.3300088572281185 0.8358023680852443 0.292531646140603 0.818497125267993 0.24819669990854706 0.9145113884620378 0.2856739109960626 0.9318166312792889
2 0.26436671193374667 0.932169619270947 0.19996966919736076 0.9281448075829357 0.19547872355769244 1.0000000000000002 0.2598757662940784 1.0040248116880115
0 0.7189297850562366 0.9987116012331454 0.705684115525217 0.9486723967362566 0.683781326032833 0.9544701929710399 0.6970269955638526 1.0045093974679287
2 0.13593055592820494 0.18980555253701928 0.10674305438589754 0.1508888894269232 0.08185416645769249 0.16955555806538467 0.11104166799999987 0.20847222117548073
2 0.7043794617604573 0.6087152378929159 0.6475172412607683 0.5561492718603629 0.6192895832210841 0.5866839968314276 0.6761518037207731 0.6392499628639807
2 0.7216382708695707 0.1866490969162016 0.7138071185683672 0.15287725325260126 0.6701612786351432 0.16299802792026977 0.6779924309363469 0.19676987158387013
3 0.9112994107164719 0.9740262246824165 0.744437861806795 0.7751010835950984 0.6753820098413766 0.833026222455094 0.8422435587510535 1.031951363542412
2 0.8250740365364009 0.5703700112301463 0.7648945824885666 0.5127623418708073 0.7339056300586482 0.545134737065519 0.7940850841064825 0.602742406424858
2 0.9182829322900894 0.653583459985673 0.8524203395852913 0.5813404313911755 0.8167192093376254 0.6138884716152542 0.8825818020424235 0.6861315002097517
2 1.0268489812958477 0.7330825809716104 0.945097984831168 0.6725262849649819 0.9149090273376236 0.7132813760137634 0.9966600238023033 0.7738376720203919
3 0.5283651068913403 0.5584291325973094 0.4583333341346154 0.48333333413461543 0.421826222065602 0.5173786180088062 0.49185799482232684 0.5924744164715001