3 0.5686835398828853 0.6874903576952082 0.5587949403644136 0.6171714159535641 0.4803973650935688 0.6281960731209162 0.4902859646120405 0.6985150148625602
2 0.7999810932234777 0.77336142808769 0.735950846359348 0.7117026645512634 0.7020051142238223 0.7469539975971694 0.7660353610879518 0.808612761133596
2 0.23930126201371665 0.7578774252139675 0.2021772024330872 0.7384352994092163 0.1562757710434033 0.8260824780593187 0.1933998306240327 0.8455246038640699
1 0.25057047887456163 0.2608648003542846 0.12287773520167028 0.1383518262967713 0.07983704178150958 0.18321225250619477 0.20752978545440096 0.3057252265637081
3 0.44709270249273414 0.40880714532247253 0.432733728473407 0.35226868240317705 0.36098718031606103 0.3704900270909213 0.3753461543353881 0.42702849001021675
2 0.7163357847002263 0.18491149148755653 0.7086887260463801 0.15049972754524885 0.6664460791572397 0.15988698240950228 0.674093137811086 0.19429874635181
2 0.9503089632084321 0.6739297035096018 0.8760192949299548 0.6042831254352807 0.8435078112508532 0.6389620343571838 0.9177974795293304 0.7086086124315047
2 0.15174062347135708 0.6993286712777659 0.11363878622061645 0.6786618261641372 0.0540542660507826 0.7885131207227505 0.09215610330152323 0.8091799658363794
2 0.28671675073833197 0.5094472891854332 0.2589217278452712 0.48990391383119797 0.20593772154894807 0.5652589454610455 0.2337327444420089 0.5848023208152807
2 0.28157583416661436 0.789681358056247 0.24394977238796967 0.7712378684052847 0.18510066083131915 0.8912943408491196 0.22272672260996382 0.9097378305000816
3 0.5730006802214309 0.37039028566863796 0.5091235800833774 0.35524904653504036 0.4957964804942424 0.41147274576425374 0.5596735806322959 0.42661398489785135
2 0.20845038830171764 0.20285350803493463 0.1694843364914697 0.16052002001854046 0.15677083413461534 0.17222222115384614 0.19573688594486327 0.2145557091702403
0 0.9578410983600723 0.1418997175668713 0.94595147606292 0.11499795638583453 0.9256281288153985 0.12398015353496507 0.9375177511125508 0.15088191471600185
2 0.05067859191206541 0.027882712116290145 0.021860924038541528 -0.005783638787880425 0.0027930117211189295 0.010538081548518994 0.03161067959464282 0.04420443245268957