2 0.9216032314536469 0.6248389440358519 0.8518966517689012 0.5679563459029622 0.821002715241111 0.6058152116903306 0.8907092949258568 0.6626978098232204
3 0.3307647463255829 0.1541433370269501 0.243114608519672 0.08488891048515311 0.20057605899909187 0.1387267648104958 0.2882261968050028 0.20798119135229284
2 0.8193612751918287 0.5490952703219392 0.7529900680399748 0.4935690353099261 0.7250320526108088 0.5269876028249473 0.7914032597626627 0.5825138378369604
2 0.20892641910733709 0.11531672661782692 0.18125300720099596 0.0806964935993702 0.1578038071096697 0.09944042789511946 0.18547721901601089 0.13406066091357619
2 1.0247151291513419 0.7147552239948775 0.9419848960342687 0.6436685011614777 0.9101832357625402 0.6806790519777816 0.9929134688796134 0.7517657748111813
3 0.8493972034190327 0.14652479660160128 0.8174150070671014 0.09455372752971283 0.7259393375392043 0.15084644723918791 0.7579215338911356 0.20281751631107633
2 0.30872418838513654 0.8252019826425835 0.27080014786866 0.8096876022956826 0.22705752253123931 0.9166140188524843 0.2649815630477158 0.9321283991993852
2 0.21497614777722032 0.761235921068872 0.1746891670564139 0.7402912692725944 0.12201162953409152 0.8416163693135766 0.16229861025489795 0.8625610211098541
2 0.646765550501964 0.1418363747965224 0.6439881376239937 0.11163199682961311 0.6005502193885739 0.11562628645317202 0.6033276322665441 0.14583066442008133
3 0.24635416586538475 0.9453703701923076 0.18071581250000016 0.9453703701923076 0.18071581250000016 1 0.24635416586538475 1
2 0.49775862042440316 0.4614335880802389 0.441023706183687 0.4110025531996022 0.41389726865053045 0.4415197954244033 0.4706321828912466 0.49195083030503994
3 0.666985123191426 0.2127420427333212 0.5597352642549984 0.14972517821939377 0.5176374809084456 0.22137236917819214 0.6248873398448732 0.28438923369211955
2 0.3807169113661095 0.13653304623493726 0.34451545237172915 0.10649923537888466 0.3222506143879847 0.1333363098729665 0.3584520733823651 0.1633701207290191
2 0.8009010014001507 0.10408305934173298 0.7883205620680805 0.08214591558233544 0.7524326426993733 0.10272679873303464 0.7650130820314434 0.12466394249243216
2 0.6164425489074971 0.3176184048717969 0.5751935396199107 0.2882857774552913 0.5526287655060883 0.3200174925784173 0.5938777747936747 0.3493501199949228
2 0.8629755662533924 0.4055233643012382 0.8038040126234866 0.3634458178276493 0.7810643168074368 0.3954235171773892 0.8402358704373427 0.4375010636509781
2 0.8985592946925552 0.4854569799965821 0.8427751229867313 0.4457882375795918 0.8189859033993877 0.4792418292326394 0.8747700751052118 0.5189105716496297
2 1 0.6083333341346155 0.9750000000000001 0.6083333341346155 0.9750000000000001 0.6572158365384616 1 0.6572158365384616