2 0.9267504760711538 0.6301987072330993 0.8591898926360529 0.5759565220052549 0.8276065868523026 0.615294659961836 0.8951671702874034 0.6695368451896804
3 0.3381025334219844 0.15588235540777798 0.2492634641349675 0.08819543896645611 0.20775222353244324 0.1426789370184713 0.2965912928194601 0.21036585345979322
2 0.8259566198727162 0.5570056950511151 0.758873465445666 0.49929975640338775 0.7302853719780943 0.532533415430535 0.7973685264051444 0.5902393540782623
2 0.21569725324195246 0.11902043094475004 0.18802384133561137 0.0844001979262933 0.16457463977758435 0.10314413339443834 0.19224805168392545 0.13776436641289508
2 1.0263253172830409 0.7183119923615587 0.9489856961976704 0.6509686480048035 0.9169423664956791 0.6877684090077184 0.9942819875810496 0.7551117533644737
3 0.7908566312938732 0.2780013704844595 0.6808697985976948 0.2254139228832388 0.638404935063794 0.31422933519202684 0.7483917677599723 0.36681678279324753
3 0.995161764634769 0.42755927762541235 0.8586712546244978 0.3649399782731865 0.8307664179725515 0.42576380456599955 0.9672569279828227 0.4883831039182254
2 0.7031485296927703 0.5869474224067471 0.6439458024116769 0.5222473029732506 0.6126075836336914 0.5509227990315745 0.6718103109147849 0.615622918465071
2 0.6342638320985484 0.5940074497859441 0.5778997604890216 0.5411661692344478 0.5481801400585183 0.5728671196404541 0.6045442116680453 0.6257084001919503
1 0.4666677753549947 0.46310643777648725 0.2998053115763856 0.3090795472232926 0.24796825068359538 0.3652363628581931 0.41483071446220443 0.5192632534113879
2 0.4465581601491989 0.3527499357874181 0.38993876998316546 0.3046097751658184 0.36282058484704927 0.33650445696560394 0.4194399750130827 0.38464461758720364
3 0.2311071015246703 0.30354455413970355 0.18925684344647722 0.22194404468033674 0.15215593363393703 0.24097189954150933 0.19400619171213013 0.32257240900087614
2 0.19968691861160506 0.2052344077702369 0.169360968336729 0.16922234236556338 0.14759298626818193 0.1875532749121171 0.17791893654305804 0.22356534031679068
1 0.36797757587592195 0.29823429448598093 0.2244416625024942 0.17879069760830663 0.1783542143330737 0.2341741935928014 0.32189012770650144 0.35361779047047565
0 0.3584367114319121 0.5218429737107168 0.3553973813374366 0.4876223659511932 0.34090098755142334 0.4889098745251148 0.34394031764589883 0.5231304822846384
2 0.31497418838513663 0.8261279081233528 0.2781452809893554 0.8110615367842887 0.2344026548095248 0.9179879554003141 0.27123156220530603 0.9330543267393783
2 0.3134454369565045 0.07410092300071812 0.27678511676575235 0.04513473921045154 0.2578679709388509 0.06907674786892029 0.2945282911296031 0.09804293165918687
2 0.33342722219610266 0.25525862652379006 0.2966265852670387 0.22647235254903586 0.2913243630709361 0.23325076208293816 0.328125 0.26203703605769235
2 0.22174698159012565 0.7621618505871998 0.18145999832465212 0.7412171966441126 0.12890411297972254 0.8423082950765195 0.16919109624519607 0.8632529490196066
2 0.1227921905981173 0.19458097205210761 0.09474913828376293 0.15580539301073906 0.06807549162863008 0.1750961550588432 0.09611854394298444 0.21387173410021174
3 1.0523513450919322 0.53314070418581 0.8684398867126387 0.393017701212209 0.8095207113125791 0.47034912606307266 0.9934321696918725 0.6104721290366737
2 0.9913158500642416 0.601522234306645 0.9202464620647424 0.5457815382147798 0.888706352168324 0.5859951786056563 0.9597757401678233 0.6417358746975215