0 0.7609101810146078 0.06598361818104745 0.7427031128273166 0.06393531993753479 0.7392317428328935 0.09479189582532567 0.7574388110201847 0.09684019406883831
2 0.8891159480754477 0.45124131524514993 0.8187936156948138 0.405092272259011 0.7921412836180226 0.4457053388308592 0.8624636159986565 0.49185438181699814
0 0.1917321786276745 0.3173138849740015 0.1849378750056641 0.2776265340182358 0.1740698029182832 0.2794871011704719 0.18086410654029358 0.3191744521262376
2 0.3057291658653846 3.486575810634823e-17 0.2625 3.221873512600556e-17 0.2625 0.0314814807692308 0.3057291658653846 0.0314814807692308
2 0.9879241435175987 0.5370353400284817 0.9275295083678781 0.48568531939352827 0.8976498419610912 0.5208278865964107 0.9580444771108119 0.5721779072313642
2 0.30160650206165623 0.20992000289851148 0.2596059818984867 0.16843800608016662 0.23543089119078514 0.19291528448028067 0.27743141135395466 0.23439728129862553
2 0.24801456924611076 0.16742749921136055 0.20975433852417916 0.12855996524197932 0.1926268351100286 0.14541985228375306 0.2308870658319602 0.18428738625313426
3 0.2549806799067451 0.22962464028041307 0.21330047879711594 0.14394866632320225 0.17909560139164718 0.16058887597990448 0.22077580250127637 0.24626484993711534
3 0.23789848570950126 0.2708532969397469 0.19313163692986027 0.15715971328408784 0.14235774157694003 0.1771519346754166 0.187124590356581 0.29084551833107564
3 0.17896290013068705 0.17204451590640896 0.08481683369681156 0.08993808928680527 0.043303545752496245 0.1375386599802687 0.13744961218637172 0.21964508659987242
2 0.8214282026591613 0.5481477937566763 0.7612487521649918 0.49054011711639445 0.7302597946811397 0.5229125115875399 0.7904392451753093 0.5805201882278218
2 0.9146370986260259 0.6304353140997746 0.8487745068660355 0.5581922818527626 0.8130733753788177 0.5907403210944241 0.8789359671388082 0.6629833533414362
2 0.886305918379634 0.5146377402913076 0.8200877763261685 0.45887507995936405 0.7885852835317954 0.496284280497472 0.8548034255852609 0.5520469408294155
2 1.0233329422846675 0.7019578207303977 0.9344509569120535 0.6556075117264317 0.9084799818831704 0.705409808026812 0.9973619672557845 0.751760117030778
3 0.08411558392678754 0.11190374561470393 0.0371637357711349 0.06568551794381111 0.012304712306603434 0.09093912791162798 0.05925656046225609 0.1371573555825208
1 0.19103381997496158 0.11594703115584126 0.054537818757532344 0.002906866241725609 0.015796164255496063 0.049687414767047425 0.1522921654729253 0.16272757968116308