3 0.8255892884085393 0.8125855918323484 0.735472670185622 0.7195619950136648 0.6903789143470301 0.7632465752504897 0.7804955325699474 0.8562701720691733
2 0.23513459614833213 0.7476922401178137 0.19760180483792325 0.7280360586898216 0.15170037344823933 0.8156832373399241 0.1892331647586482 0.8353394187679162
1 0.24677634577670465 0.25205216758698007 0.1229175876731794 0.12664517983050644 0.07774131687151788 0.17126372060997352 0.20160007497504312 0.29667070836644716
3 0.24356869863190397 0.548004423578131 0.20203905189527763 0.5178619375386149 0.1267662534791321 0.6215711247304619 0.16829590021575844 0.6517136107699781
2 0.7163136810723884 0.1732422774270378 0.7071389472971599 0.13883702279255355 0.665418251587554 0.14996254068566317 0.6745929853627823 0.18436779532014744
2 0.8432470331373688 0.570061383735964 0.7738984282925119 0.5115003392891175 0.7448470685739875 0.5459032650626559 0.8141956734188445 0.6044643095095024
0 0.04234976373384734 0.18041904849259566 0.031117472310980054 0.14713818949754964 0.020176246779473266 0.1508308536115226 0.03140853820234055 0.18411171260656858
2 0.27833078427524194 0.7785419371538551 0.2407047215465548 0.7600984470372025 0.18093399496593457 0.8820350812337348 0.21856005769462167 0.9004785713503873
3 0.37607363868037064 0.4347873124101426 0.3453860705112201 0.38619866182541174 0.2708439915296378 0.43327786865023293 0.3015315596987883 0.4818665192349638
2 0.2504433385775903 0.24485614350533616 0.22333837435302564 0.19403434731238184 0.20021926270660734 0.20636454303590018 0.22732422693117205 0.2571863392288545
0 0.8054486235259718 0.0885540754947028 0.7868740374782145 0.07864763588934756 0.7751862301783318 0.10056228848400134 0.7937608162260891 0.11046872808935658
2 0.16751051495069572 0.1194417043749585 0.13477645483893022 0.0836300812681719 0.11299833718935573 0.1035366409383806 0.14573239730112125 0.1393482640451672
0 0.3618684871518116 0.7884629689224946 0.348657558088334 0.7838185020587939 0.3331471429521683 0.8279370198827548 0.3463580720156459 0.8325814867464556