2 0.26328234272281864 0.4778738155770416 0.23211521220358047 0.4540810496171331 0.17555630621105622 0.5281699053670132 0.2067234367302944 0.5519626713269218
2 0.4923461254896413 0.34915072267919844 0.4398493170849273 0.34735596075536324 0.4381942041319285 0.3957680350409979 0.4906910125366425 0.3975627969648331
2 0.6558063642577058 0.42442845295455806 0.5926528053282768 0.3870041397295855 0.5700470574950055 0.4251513575382393 0.6332006164244344 0.4625756707632119
2 0.8186225724765737 0.4776946081146454 0.769411871566878 0.43233165405469376 0.7407175836152435 0.4634598301505091 0.7899282845249392 0.5088227842104609
2 0.8522127282698662 0.4011837862818768 0.8047603560883103 0.3697941043261777 0.7829618230715899 0.4027473563910187 0.8304141952531457 0.43413703834671785
2 0.8284530947643467 0.5535949826868692 0.7555646205234723 0.4972560681078387 0.7234628608447264 0.5387877216889302 0.7963513350856009 0.5951266362679608
2 0.6462583236053121 0.15201396302826659 0.6399351551390837 0.12118851436141523 0.5950767826422585 0.13039023108203096 0.6013999511084869 0.16121567974888235
2 0.7026868157298757 0.14635047354611147 0.692838142371306 0.11403451395513502 0.6568165389074054 0.1250125263941323 0.6666652122659749 0.15732848598510873
3 0.6559963051916318 0.2913207021066379 0.6327726168363879 0.2151179743769713 0.5278844310915246 0.24708389751986834 0.5511081194467684 0.32328662524953494
2 0.4529585482560171 0.27631490982763407 0.4106958748144336 0.25753150031220107 0.3967783492665743 0.288845934300386 0.43904102270815787 0.30762934381581897
2 0.5083285146349092 0.6595098043311144 0.4896927491215466 0.6093429917703358 0.42786281672045506 0.6323113260757657 0.4464985822338176 0.6824781386365443
2 0.22770281457011846 0.7462559026539082 0.18625735186072628 0.7236285079789441 0.13307580899513308 0.821038469811741 0.17452127170452522 0.8436658644867051
3 0.3821905039961691 0.7086402246011831 0.3347691833424244 0.6825933667532523 0.27056906570869144 0.7994771145777223 0.31799038636243604 0.8255239724256532
2 0.9120351725624012 0.5442767226713819 0.8567121001132147 0.498883431953041 0.8293643592185851 0.5322134907985847 0.8846874316677715 0.5776067815169256