2 0.9282509567941416 0.6328525534288512 0.8582834890570695 0.5815183962563062 0.8288072359707581 0.6216939616190367 0.8987747037078301 0.6730281187915819
3 0.34222307805635216 0.15784704135387323 0.2545729402504413 0.08859261481207609 0.21203439282310416 0.14243046648815788 0.299684530629015 0.21168489302995505
2 0.828598593002744 0.5583893236215496 0.7619699574643418 0.5021714096832374 0.733497339142127 0.5359167334797867 0.8001259746805292 0.5921346474180988
2 0.22142641774463484 0.11716857935915875 0.1937530093418876 0.08254834599330153 0.17030380730766126 0.10129227928092768 0.19797721571040844 0.1359125126467849
2 1.0275176255380862 0.7240365950421139 0.9528601160423248 0.6561996417924048 0.9200580903670375 0.6922996938439534 0.9947155998627988 0.7601366470936627
3 0.9830973280827364 0.420044514612547 0.8552414668510687 0.34055517420181236 0.8008936037314991 0.4279718367297478 0.9287494649631667 0.5074611771404824
3 1 0.4611111105769232 0.9661458341346154 0.4611111105769232 0.9661458341346154 0.5564814807692309 1 0.5564814807692309
2 0.298694095842418 0.2347680168867678 0.25982361409484833 0.19468282785425411 0.23571303055518317 0.2180627848912944 0.2745835123027528 0.25814797392380806
2 0.2692569438545788 0.2636388879092033 0.23592361037930407 0.2191944451070054 0.20847916688956036 0.2397777785725274 0.24181250036483512 0.2842222213747253
1 0.23957920981030767 0.2524733537046498 0.11312642710509516 0.12893232083416473 0.06900262968917664 0.1740960760426333 0.19545541239438918 0.2976371089131184
2 0.18135729955537647 0.12548022131278047 0.14847098445952225 0.09778648249491848 0.1427083341346154 0.10462962980769233 0.1755946492304696 0.13232336862555433
3 0.10366273318966572 0.17002705667208243 0.06257153054522417 0.10428110588972919 0.028405902343334306 0.12563461489237523 0.06949710498777587 0.19138056567472847
2 0.09216613141771535 0.13510129286354328 0.08998519187464774 0.09503662483211431 0.07283172194600473 0.0959703822474722 0.07501266148907235 0.13603505027890114
1 0.2358289409636508 0.1852190406582541 0.10931513220963537 0.08121282510372038 0.07726510712478266 0.12019867534860706 0.2037789158787981 0.22420489090314077
2 0.2208333341346154 2.500320553165617e-17 0.1875 2.2962127484012874e-17 0.1875 0.017592593750000024 0.2208333341346154 0.017592593750000027
2 0.2962561085180553 0.8661140306212294 0.2587829435914901 0.8503792607318423 0.21365633109517304 0.9578506126829303 0.2511294960217382 0.9735853825723173
2 1.024732906182673 0.6256321257759162 0.946728100515855 0.5736289159976674 0.9186832274702248 0.6156962207121927 0.9966880331370429 0.6676994304904416