3 0.9591743491290681 0.4749416721488321 0.8926845476856783 0.32111442585185873 0.8046661842396922 0.3591592043275616 0.871155985683082 0.512986450624535
1 0.1790389845613913 0.11405871115809742 0.05463636286297956 0.01782869366803461 0.015692001441051977 0.0681745294854143 0.1400946231394637 0.1644045469754771
2 0.46961100353567975 0.22159723758831587 0.4504808864388786 0.22114887480601658 0.4493304847439281 0.2702326078935508 0.46846060184072924 0.27068097067585006
1 0.2413653088006788 0.23649968789326492 0.1145198638712795 0.11092269682040112 0.06891915766279061 0.15698401600549283 0.19576460259218986 0.28256100707835663
2 1.0300005887888084 0.7049553800411031 0.9487754665920979 0.6464147516134203 0.9168683400471451 0.6906858898326018 0.9980934622438556 0.7492265182602846
2 0.5586538929533303 0.25044106398388527 0.5342068551309667 0.23521623360877142 0.5028942728284597 0.2854959322986519 0.5273413106508233 0.3007207626737658
2 0.8304296685896495 0.5418072356561768 0.7603733288421056 0.4901667893276196 0.7328253660336326 0.5275388412573073 0.8028817057811766 0.5791792875858645
0 0.18023501582321375 0.30667123240469 0.1753224506567686 0.27173742357305264 0.16242643340844543 0.2735509253708473 0.1673389985748906 0.3084847342024846
2 0.36115684056606423 0.5259205572448905 0.32609826359765415 0.5037951768795865 0.2792074894203277 0.5780955409168109 0.3142660663887378 0.6002209212821149
2 0.8329964978219613 0.17813581078031152 0.8234992617807941 0.14675041985905757 0.778614754010831 0.16033249586226805 0.7881119900519983 0.191717886783522
3 0.17343750000000002 1.645619136354256e-17 0.0953125 1.167241480437321e-17 0.0953125 0.07407407451923079 0.17343750000000002 0.07407407451923079
2 0.2724590883355083 0.23641050932746646 0.22871554155464474 0.20011955734143505 0.2051160274831823 0.22856539277137944 0.24885957426404587 0.2648563447574108
2 0.3089324273699454 0.8283588352032757 0.27077825132080474 0.8121847819695914 0.22845370444463586 0.9120273006865651 0.26660788049377654 0.9282013539202494
2 0.3005430692655138 0.215142282403628 0.2584541796857981 0.1795114750398024 0.23727600832210982 0.20452818900097794 0.27936489790182556 0.24015899636480353
3 0.020312500000000008 0.04166666586538462 5.102694898318555e-18 0.04166666586538462 8.447794962448317e-18 0.09629629567307692 0.020312500000000008 0.09629629567307692
2 0.9329990376187651 0.6236115485498007 0.8640444411783795 0.5664047679217624 0.8314358628200222 0.6057097477949559 0.9003904592604078 0.6629165284229941