2 0.9239548319510088 0.614349140524039 0.8553691811159354 0.5612505708180126 0.8244286758962656 0.6012153890684033 0.893014326731339 0.6543139587744297
3 0.3302439121909674 0.14951370721925772 0.2425937743850565 0.08025928067746078 0.20005522486447638 0.13409713500280354 0.28770536267038727 0.20335156154460046
2 0.8240854909316224 0.5432536483623998 0.7567579406901905 0.4873967032136856 0.7283657218391629 0.5216194580755721 0.7956932720805947 0.5774764032242863
2 0.20840558601386555 0.11068709858992803 0.18073217643872266 0.07606686375736985 0.1572829741101911 0.0948107972802465 0.18495638368533399 0.12943103211280468
2 1.0257906945938493 0.7042442276993304 0.9466723953986219 0.6362610952130558 0.9148707369890109 0.6732716452265317 0.9939890361842382 0.7412547777128062
2 0.31132835630974515 0.8205723536773011 0.27340431373404467 0.8050579724879902 0.22966168839662385 0.9119843890447916 0.2675857309723243 0.9274987702341027
2 0.22174698159012568 0.7482729611641228 0.18145999930847065 0.7273283077325094 0.1287824618077667 0.8286534037462184 0.16906944408942173 0.8495980571778318
2 0.6457238859012961 0.136280816393675 0.6428576753783464 0.1051107881182771 0.5994197566739656 0.10910508092370902 0.6022859671969154 0.14027510919910693
3 0.24843750000000012 0.9416666658653846 0.1811431634615386 0.9416666658653846 0.1811431634615386 1 0.24843750000000012 1
2 0.7083517165608864 0.12950980260939574 0.7013419117840697 0.09796568475342693 0.6640624986595023 0.10624999973699102 0.6710723034363189 0.13779411759295984
2 0.381395725723379 0.06991529117109631 0.34113092053749894 0.049463320943330974 0.32777889155443707 0.07575012069181433 0.3680436967403171 0.09620209091957968
2 0.26559254604398114 0.06942135658182046 0.23184940330332454 0.04542624808280372 0.2149695559132131 0.06916354853920177 0.2487126986538697 0.0931586570382185
2 0.7770048119722399 0.3149404401319654 0.7429892554165539 0.2599657934711199 0.7142894977257768 0.27772376537565635 0.7483050542814629 0.3326984120365018
2 0.5478103589143685 0.25199323573184074 0.5454948977940627 0.2046549883644969 0.49995168746211377 0.20688264863250855 0.5022671485824195 0.2542208959998524
2 0.701787049781717 0.32051294199652103 0.6511532406232967 0.2883644905007277 0.6290367615054193 0.32319794377163635 0.6796705706638396 0.35534639526742967