0 0.875 0.07777777884615394 0.8567708341346154 0.07777777884615394 0.8567708341346154 0.10833333413461549 0.875 0.10833333413461549
2 0.8891159480754478 0.44475983447591894 0.8187936156948138 0.39861079148978046 0.7921412847206745 0.43922385638139827 0.8624636171013085 0.4853728993675367
0 0.19121134410262697 0.31638795759921395 0.18441704157205002 0.27670060853904505 0.17354896932789432 0.27856117550810644 0.1803432718584713 0.31824852456827535
2 0.43007514099998656 0.10727827753771826 0.4015031821271528 0.06429823215832703 0.3751678700526359 0.08180522748265343 0.40373982892546967 0.12478527286204466
2 0.9896611498991711 0.5352916071733816 0.9265318756837266 0.48161647235217203 0.8986388843174995 0.5144224318809737 0.9617681585329442 0.5680975667021834
2 0.298550257589775 0.2023986708406098 0.2574839118855455 0.1619740113593271 0.23335180463955527 0.18648918282772828 0.27441815034378475 0.226913842309011
2 0.24593123633234518 0.16094601483650964 0.2076710068121877 0.12207848208797804 0.19140318243786048 0.13809212253133463 0.22966341195801793 0.1769596552798662
3 0.2585817028766384 0.21669122285199433 0.2055501799299883 0.13955447636203772 0.17446657523609496 0.16092445851189974 0.22749809818274505 0.23806120500185635
3 0.23633598489003596 0.2643718140893344 0.1915691361103949 0.15067823043367537 0.1407952407574747 0.17067045182500415 0.18556208953711578 0.28436403548066325
3 0.1757670763041624 0.16504703313520105 0.08221266270025678 0.08345661252023119 0.04024071449746943 0.13158310791428512 0.13379512810137506 0.213173528529255
2 0.818824036536401 0.5407403814224538 0.7586445824885664 0.48313271206311537 0.7276556300586481 0.5155051072578272 0.7878350841064827 0.5731127766171656
2 0.9115120998228293 0.622101981277903 0.8456495068660357 0.5498589477181473 0.8099483753788177 0.5824069869598089 0.8758109683356115 0.6546500205195644
2 0.8840513282558237 0.5099310647024868 0.8205188545989238 0.45048547784295295 0.7867241876277075 0.486603529703823 0.8502566612846073 0.5460491165633569
2 1.0227926181026694 0.6962809898166035 0.9323676251812842 0.6491260309572009 0.906396649638456 0.6989283282431296 0.9968216425598412 0.7460832871025322
3 0.08151141684123972 0.10449633829169612 0.03455956876625674 0.05827811046213867 0.009700545245576385 0.08353172035691228 0.05665239332055938 0.12974994818646973
1 0.1823439880815563 0.10578025490118809 0.04653909095390623 -0.007516943671120901 0.005534533343143586 0.04163360725393481 0.14133943047079367 0.15493080582624377
2 0.35861378309911246 0.03224715107248517 0.32537393176775137 0.010087250184911292 0.3084401706730769 0.03548789182692321 0.3416800220044379 0.05764779271449709