2 0.45833333413461536 0.33518518509615386 0.3989583341346154 0.33518518509615386 0.3989583341346154 0.3787037043269231 0.45833333413461536 0.3787037043269231
2 0.6786059243461965 0.4304539048793782 0.6244454577746273 0.39508380707221724 0.5999199103333557 0.432638554576294 0.6540803769049248 0.46800865238345496
2 0.8181555981669407 0.5441995758271424 0.7514335261412237 0.48206683854984494 0.7194160878229329 0.5164491934752012 0.7861381598486498 0.5785819307524988
2 0.816677401531891 0.46601954991191924 0.7651973410687002 0.42407283434561577 0.7394467919504236 0.4556757812670228 0.7909268524136144 0.49762249683332627
2 0.8519430907195867 0.39293277263963505 0.805134648543498 0.36008474443875305 0.7831713573949689 0.3913824356558753 0.8299797995710576 0.4242304638567572
2 1.0332851227853255 0.7041013295463051 0.9431131724179577 0.6353989095736023 0.9051908943503494 0.6851719128693895 0.9953628447177171 0.7538743328420924
2 0.645737491777479 0.14368062842046506 0.6394143237844367 0.11285518206039608 0.5945559508144255 0.12205689887807566 0.6008791188074677 0.15288234523814465
2 0.70216598159526 0.1361652884499576 0.6933501274265795 0.10723826683976997 0.6573285239626789 0.11821627927876731 0.6661443781313595 0.14714330088895491
3 0.5082804641152785 0.2535001445483619 0.4016024326079134 0.20590887342713488 0.36869206011226535 0.2796789928481298 0.47537009161963045 0.32727026396935677
2 0.3243739287137596 0.20597513193587574 0.29538790990828906 0.1708405647924538 0.2722277097805818 0.18994773049908675 0.30121372858605233 0.22508229764250867
2 0.34708666341948735 0.7369355677954691 0.30659960433943445 0.7217529177207087 0.27094273026095517 0.8168378969777421 0.31142978934100807 0.8320205470525027
2 0.22783856909609856 0.7348412047883035 0.1855450485756287 0.7140248685546227 0.1365968848399714 0.8134751341611021 0.17889040536044123 0.8342914703947829
3 0.2802165104789417 0.9012643289653443 0.23192009905382333 0.878416412076226 0.17498735772109028 0.9987620484994356 0.22328376914620868 1.0216099653885538