3 0.646788081021071 0.6470621544978923 0.5621200047867699 0.6247627445453074 0.5443408197234588 0.6922680910780156 0.62900889595776 0.7145675010306005
2 0.9233407926764003 0.8830564638455567 0.8521671132793777 0.8155732601730349 0.8171858444448833 0.85246756093874 0.888359523841906 0.9199507646112619
2 0.2382595961483321 0.752321869925506 0.20113553656770267 0.7328797441207547 0.15523410517801872 0.8205269227708573 0.19235816475864814 0.8399690485756085
1 0.24944829908823077 0.25798910479242815 0.12376516662796688 0.13342813968945458 0.07892595705924142 0.17867130484140087 0.20460908951950532 0.30323226994437447
3 0.38333377668524327 0.42660132472080525 0.35412123967512055 0.379833178363821 0.2784627824924916 0.4270913156375525 0.3076753195026143 0.47385946199453677
2 0.7163357852092761 0.1812077894513575 0.7086887260463801 0.14679602321832577 0.6671384794966065 0.15602941134049775 0.6747855386595025 0.1904411775735295
2 0.8952435623961092 0.6221105654664434 0.8259434849533644 0.5571417597307781 0.7943415724886462 0.5908504751111131 0.8636416499313911 0.6558192808467784
2 0.03541666586538472 0.8666666658653847 1.0689400003548623e-16 0.8666666658653847 1.13017234031223e-16 0.9666666658653846 0.03541666586538473 0.9666666658653846
2 0.20916025931051857 0.6265714449203451 0.1771742762246677 0.6094789354488825 0.12434908970579962 0.7083330870478902 0.1563350727916505 0.7254255965193527
2 0.2794925008306155 0.787829503003364 0.24186643622363574 0.7693860133614847 0.18301732808151686 0.8894424879231444 0.22064339268849661 0.9078859775650236
3 0.49381853680225507 0.41276202573151105 0.49039066012958116 0.3533455165147009 0.42725943932779925 0.35698770354245435 0.4306873160004731 0.4164042127592645
2 0.2296926116202762 0.2192080598156371 0.1917627841002495 0.1796592788643463 0.1802083341346154 0.19074074038461536 0.21813816165464212 0.23028952133590616
0 0.9015910983600719 0.12615897718225602 0.8897014760629196 0.09925721600121921 0.8693781297042006 0.10823941275753064 0.8812677520013529 0.13514117393856745
2 0.0977317662566993 0.06285506001611686 0.06425230358126709 0.027880983460150728 0.04470275930764579 0.04659507979327501 0.07818222198307799 0.08156915634924114
0 0.3086970912100153 0.9184905944379635 0.28932602938596147 0.9150468522991404 0.27989568599720505 0.9680925675245197 0.2992667478212589 0.9715363096633429