2 0.9238862721012902 0.6272975936687943 0.8552591922814644 0.5735332542260644 0.8245174837478999 0.6127732729298752 0.8931445635677255 0.6665376123726051
3 0.33445669812855644 0.15495642904410412 0.2456176300003521 0.08726951348568697 0.20417015487787926 0.14166931935318197 0.29300922300608356 0.20935623491159913
2 0.823059873239555 0.5529166958564841 0.7564312377011527 0.4966987819181727 0.7275789134770323 0.5308941275027526 0.7942075490154348 0.587112041441064
2 0.2130930860138656 0.11624265387838956 0.1854196764387227 0.08162241904583133 0.16197047411019108 0.10036635256870802 0.189643883685334 0.13498658740126623
2 1.0258808115490952 0.7147540575599821 0.9453677558524466 0.648692061126644 0.9136541562575312 0.687343009453693 0.9941672119541797 0.753405005887031
3 0.5818958334329666 0.1563148218192312 0.49134028255018347 0.08839814746208831 0.4429305543371797 0.15294444110659317 0.5334861052199629 0.22086111546373605
3 0.8557327603439038 0.3648180009554039 0.743911635588928 0.26542145664537165 0.696555313587085 0.31869732480822904 0.8083764383420606 0.41809386911826124
1 0.7929238509541066 0.827123246209726 0.5641882233419839 0.5697956527745707 0.4967852065224926 0.6297094426225371 0.7255208341346152 0.8870370360576924
2 1.033820756361025 0.8705997621663003 0.9479166658653847 0.7916666658653845 0.9092340128403407 0.8337655861130663 0.9951381033359811 0.9126986824139821
3 0.17316132270767023 0.6445871428913749 0.12262136177149466 0.6200527607173643 0.05207549709985155 0.7653747508708556 0.1026154580360271 0.7899091330448663
2 0.3746252417200984 0.3548067443022126 0.334253105157086 0.31885031331468855 0.3103198738203941 0.34572271575792196 0.3506920103834065 0.38167914674544606
1 0.6114469505944847 0.5193628676660643 0.43437500000000007 0.3583333341346154 0.3786329680647996 0.4196286140028782 0.5557049186592843 0.5806581475343273
0 0.5841981087823819 0.7860936411910887 0.5757147551694533 0.7408490559604949 0.556930688913098 0.7443710658436485 0.5654140425260269 0.7896156510742424
2 0.3123700221751297 0.8252019834849933 0.2755411127201246 0.8101356113035193 0.2317984873827038 0.917062027860321 0.26862739683770887 0.9321284000417948
2 0.7373653118436658 0.6106927075242559 0.6743999075800213 0.556025070918939 0.6460017577410025 0.5887336549366257 0.7089671620046469 0.6434012915419426
2 0.21862198159012566 0.7621618505871997 0.17833499832465222 0.7412171966441126 0.12577911297972258 0.8423082950765195 0.16606609624519605 0.8632529490196066
2 0.3067659338571715 0.35778354407869906 0.2682134799306461 0.31746725813726806 0.24065391916365925 0.3438210918770142 0.2792063730901846 0.38413737781844526
3 0.7519519553706537 0.3064311935479163 0.5846411589909517 0.20870044550677058 0.5386691575504435 0.2874025154934034 0.7059799539301456 0.38513326353454913
2 0.3832595438880696 0.15048225060627088 0.3399651901264316 0.12299377248055995 0.3208115426870399 0.15316076769486014 0.36410589644867797 0.1806492458205711
2 0.185220278595607 0.25501415495522395 0.14786734660131146 0.21074401546072738 0.12200691703289324 0.23256375395810613 0.15935984902718878 0.27683389345260273
2 0.7538025799856852 0.12686076157882945 0.7521116059145067 0.09679890665919257 0.7075131370626166 0.09930756271665857 0.7092041111337952 0.12936941763629545
3 0.2500000000000001 0.9472222211538461 0.1863381418269232 0.9472222211538461 0.1863381418269232 1 0.2500000000000001 1
2 0.08115301778507727 0.10934546513047647 0.04667025697377204 0.07055236369388553 0.02399784564252722 0.09070562053592329 0.05848060645383245 0.12949872197251425
3 1 0.4324074062500002 0.9276041658653846 0.4324074062500002 0.9276041658653846 0.5622685192307694 1 0.5622685192307694
2 0.8419163596957128 0.48536721729745563 0.7828767030051904 0.4380325919678248 0.7537522077341196 0.4743590694695359 0.812791864424642 0.5216936947991667