2 0.9241500168310145 0.6140970240542759 0.8563382179058814 0.5615975694273467 0.8252025282172011 0.6018145039377696 0.8930143271423342 0.6543139585646988
3 0.3302439121909674 0.14951370721925772 0.2425937743850565 0.08025928067746078 0.20005522486447638 0.13409713500280354 0.28770536267038727 0.20335156154460046
2 0.8240854909316224 0.5432536483623998 0.7567579406901905 0.4873967032136856 0.7283657218391629 0.5216194580755721 0.7956932720805947 0.5774764032242863
2 0.20840558601386555 0.11161302407069724 0.18073217643872266 0.07699278923813904 0.15728297411019107 0.09573672276101573 0.18495638368533396 0.13035695759357388
2 1.0257906945938493 0.7042442276993304 0.9466723953986219 0.6362610952130558 0.9148707369890109 0.6732716452265317 0.9939890361842382 0.7412547777128062
2 0.31132835630974515 0.8205723536773011 0.27340431373404467 0.8050579724879902 0.22966168839662385 0.9119843890447916 0.2675857309723243 0.9274987702341027
2 0.22174698159012568 0.7482729611641228 0.18145999930847065 0.7273283077325094 0.1287824618077667 0.8286534037462184 0.16906944408942173 0.8495980571778318
2 0.6452030519169495 0.13628081631968053 0.6423368411700916 0.10511078808965589 0.598898922396025 0.10910508121934401 0.6017651331428829 0.14027510944936863
3 0.24843750000000012 0.9425925937499999 0.18155715865384628 0.9425925937499999 0.18155715865384628 1 0.24843750000000012 1
2 0.7057965679856933 0.12973039120711338 0.6987867632088766 0.09818627335114456 0.6620036766626295 0.10636029352680008 0.6690134814394462 0.1379044113827689
2 0.3342975062182353 0.04218088696441684 0.2969440766319643 0.022259070494436334 0.2839106338948557 0.04669679113506615 0.3212640634811267 0.06661860760504665
2 0.20550369044773206 0.030538624212920775 0.17970562442986407 0.005059051857265227 0.15866815167119253 0.026359492206172525 0.18446621768906046 0.051839064561828074
2 0.7538340866014432 0.2859549361178698 0.7332910758076979 0.2295135261080044 0.7071845722193705 0.2390155244618411 0.7277275830131159 0.2954569344717065
2 0.48315144037530683 0.1718057929666125 0.4389541062310092 0.14561477573322024 0.41946171796130777 0.17850817540339398 0.4636590521056054 0.20469919263678626
2 0.5994232549260231 0.25050070168104144 0.5535104370800131 0.22717990339277042 0.5355653130198169 0.2625093634745128 0.5814781308658269 0.2858301617627838
2 1 0.4796296298076924 0.9583333341346154 0.4796296298076924 0.9583333341346154 0.5400000000000001 1 0.5400000000000001