2 0.8363341225528974 0.9056386402560576 0.757747161159585 0.8280218852774024 0.720815853857167 0.8654148324829101 0.7994028152504794 0.9430315874615652
2 0.6419558878302907 0.647086557009997 0.5692078847536493 0.6176934192123446 0.5483179006108164 0.6693961207461416 0.6210659036874578 0.698789258543794
2 0.22556876078954202 0.7448283994280628 0.18662337284547534 0.723274952904267 0.13225565457633268 0.8215131570489189 0.1712010425203994 0.8430666035727146
2 0.13443043322273068 0.8987976038357869 0.0918772916081155 0.8791033103608158 0.041715154584689745 0.9874878291130279 0.08426829619930494 1.0071821225879989
2 0.24051047800432798 0.5274015247604544 0.19953793925381808 0.4958882064813299 0.13264073521816344 0.5828656634528264 0.17361327396867338 0.614378981731951
3 1.0597149102922898 0.6584483894035207 0.7835118147524572 0.4548515261558958 0.7098312602895871 0.5548078658514851 0.9860343558294196 0.7584047290991098
2 0.804829141807897 0.4761545029695276 0.7952354531248045 0.4383793544025177 0.745740138538989 0.4509495932346883 0.7553338272220815 0.4887247418016983
2 0.8513598166898603 0.40621418713620316 0.8056156581284123 0.3740503241013456 0.78300054884056 0.4062140335421811 0.828744707402008 0.4383778965770387
2 0.641116189640991 0.1576190245614857 0.6348182088799856 0.12573549818518578 0.5889725753380511 0.13479142614671233 0.5952705560990564 0.1666749525230122
2 0.7007818146916504 0.1539387150281534 0.6953210817541116 0.11996079879155565 0.6589828803311861 0.12580086302678828 0.6644436132687249 0.15977877926338602
2 0.8368185865625992 0.18079245682712133 0.8253031844385166 0.15083441256208704 0.7895069435286193 0.16459392586546753 0.8010223456527019 0.19455197013050182
3 1 0.1268518509615386 0.95 0.12685185096153856 0.95 0.20462962980769245 1 0.20462962980769245
3 0.299867008672214 0.8614430547451503 0.24723361813253003 0.8395842118432634 0.18591611313984055 0.9872291810525285 0.23854950367952452 1.0090880239544153