2 0.9262984529960087 0.6289098671929428 0.8584211741046305 0.5744134175297313 0.8270857536598697 0.6134428054229295 0.8949630325512479 0.6679392550861409
3 0.337581699287369 0.155882355407778 0.24874263000035207 0.08819543896645611 0.20723138939782787 0.1426789370184713 0.2960704586848447 0.21036585345979322
2 0.826414384894592 0.5564735393597139 0.7593312262965788 0.4987676071116277 0.7302853723958006 0.5325334184924021 0.7973685309938138 0.5902393507404882
2 0.21569725324195244 0.11809450546398079 0.18802384133561137 0.08347427244552406 0.16457463977758435 0.1022182079136691 0.1922480516839254 0.13683844093212583
2 1.0263253172830409 0.7173860668807897 0.9489856950071675 0.6500427214874059 0.9169423653051763 0.6868424824903209 0.9942819875810496 0.7541858278837046
3 0.7803075559934018 0.2715118184698028 0.6719361337858429 0.21664878808734306 0.6282782982073579 0.30288649131229683 0.7366497204149168 0.3577495216947567
3 0.9801518751112547 0.44740853790098273 0.85969681610248 0.35104448958207024 0.8340193094403513 0.3831413725393825 0.9544743684491259 0.479505420858295
2 0.7491508853041757 0.6246135713162371 0.6846470907538094 0.5558661058978116 0.6516742493330384 0.5868035866587704 0.7161780438834047 0.655551052077196
2 0.6695735940986347 0.6298720963555348 0.6134537187803711 0.5723079640615963 0.5812686114966311 0.60368556215767 0.6373884868148946 0.6612496944516086
1 0.48439161138761005 0.48045898196385445 0.3145833341346154 0.32037037019230774 0.2614769591145652 0.37670106076119797 0.43128523636755983 0.5367896725327447
2 0.465708921890564 0.3675574828200625 0.4081143934052363 0.3183313904034027 0.37984881339976045 0.3514021192152785 0.43744334188508815 0.4006282116319383
3 0.23831447473913092 0.3150962969913982 0.20006749526296252 0.23174804498918974 0.1621273617157659 0.24915807428487632 0.2003743411919343 0.33250632628708476
2 0.20906191699210488 0.21264181948307495 0.1787359706370455 0.17662974834508718 0.1569679852002469 0.194960678440294 0.1872939315553063 0.23097274957828176
1 0.37610059889193653 0.30519337024393045 0.23210171900509013 0.18464404157821399 0.18575321321983648 0.2400083724407519 0.3297520931066829 0.36055770110646834
0 0.36979175350981736 0.5330257096592325 0.3668182170634863 0.49778379944044804 0.3519242492933127 0.49904047808584917 0.35489778573964376 0.5342823883046337
2 0.3149741883851365 0.8242760571618143 0.2781452809893553 0.8092096858227502 0.23440265565193458 0.9161361023795517 0.2712315630477158 0.9312024737186158
2 0.2908860044154004 0.056563609825798014 0.2535368521231505 0.029223054429643423 0.23601397478611436 0.053160556970335296 0.2733631270783643 0.0805011123664899
2 0.34777804301715687 0.2716514248137644 0.31358497642764266 0.23526353498169766 0.3067708341346154 0.2416666658653846 0.34096390072412963 0.27805455569745136
2 0.22174698159012565 0.7621618505871998 0.18145999832465212 0.7412171966441126 0.12890411297972254 0.8423082950765195 0.16919109624519607 0.8632529490196066
2 0.1305903154604582 0.20329680947969636 0.1029904497558154 0.1633167574504305 0.07562167244322913 0.18221054422626343 0.10322153814787195 0.22219059625552928
3 1.046850892293392 0.5286853297414552 0.8521027566153738 0.3803058130826496 0.7945226532069752 0.4558797065919438 0.9892707888849934 0.6042592232507494
2 0.9460033500642417 0.5654111237297219 0.8749339608974379 0.5096704267223239 0.8434467485509141 0.5498166227366272 0.9145161377177179 0.6055573197440252
2 0.016666665865384626 0.07731481490384615 9.468334059866526e-18 0.07731481490384615 1.1934636706901891e-17 0.11759259375 0.01666666586538463 0.11759259375
2 1 0.12592592548076936 0.9708333341346154 0.12592592548076936 0.9708333341346154 0.15376343990384628 1 0.1537634399038463