2 0.9238646849321209 0.607895343360499 0.8544785899288846 0.5532964503087439 0.8232605169325358 0.5929694190755163 0.8926466119357721 0.6475683121272713
3 0.33649391219096747 0.1485877817384886 0.24884377438505662 0.07933335519669155 0.20630522603380536 0.13317120804210228 0.2939553638397162 0.20242563458389934
2 0.8091807154299472 0.5219419126477779 0.7413779741328508 0.4702826950206138 0.7144690005623318 0.5056007322921059 0.7822717418594282 0.55725994991927
2 0.20580141910733707 0.10513154152167307 0.1781280072009959 0.07051130850321637 0.1546788071096697 0.08925524279896566 0.18235221901601084 0.12387547581742236
2 1.0259102018027357 0.6974179036677491 0.9471932272021578 0.6297796121207366 0.9153915685381089 0.6667901619152156 0.9941085431386869 0.7344284534622282
2 0.30768252217512976 0.8159427238696088 0.26931231578162323 0.8002458211168726 0.22589417406603493 0.9063790554939058 0.2642643804595414 0.9220759582466419
2 0.22025590335677434 0.7385743847374815 0.18021991829193726 0.7180708819026969 0.12810599373949705 0.8198306798193662 0.16814197880433415 0.8403341826541509
2 0.6452030519169496 0.13165118651198818 0.6423368411700918 0.10048115828196355 0.5988989221768348 0.10447545143180709 0.6017651329236927 0.1356454796618317
3 0.2593831055707762 0.9577714938084512 0.20794352211619713 0.9323692293970809 0.17481992041227748 0.9994445202676995 0.2262595038668566 1.0248467846790694
2 0.7046507345305429 0.12327205899321268 0.6976409305712669 0.09172794117647058 0.6605698521776018 0.09996595859728506 0.6675796561368779 0.13151007641402718
2 0.7618054822551031 0.1629300476713906 0.7405438564765681 0.15278245290355413 0.7206847751002227 0.19439195408975093 0.7419464008787577 0.2045395488575874
2 0.2845248879033633 0.0607181147120169 0.2739173265009596 0.023002346276577677 0.24037283152630876 0.03243673684892733 0.2509803929287124 0.07015250528436655
2 0.3651933998851674 0.11937807170930181 0.3561598386519437 0.07922890912855399 0.3204667986624167 0.08725984281731557 0.32950035989564036 0.12740900539806344
2 0.919324252403846 0.42642450240384633 0.8705128211908283 0.3938835482618346 0.8487713688979289 0.42649572670118363 0.8975828001109465 0.4590366808431953
2 0.9316655632807253 0.5372625025130053 0.8746220706518744 0.4921910991962003 0.8480479866308802 0.5258239229917009 0.9050914792597311 0.5708953263085059