3 1 0.5564814807692309 0.9994528500789593 0.43975634441885947 0.952370550949227 0.43997704303662694 0.9529177008702676 0.5567021793869983
2 0.23305126102576917 0.7393589078696495 0.19551847070330802 0.7197027269590522 0.14961704030157152 0.8073499037227034 0.1871498306240327 0.8270060846333007
1 0.24277499425170143 0.2433329587042073 0.11808414228916675 0.11899634102970755 0.07239928660335838 0.16481135259904017 0.19709013856589305 0.28914797027353994
2 0.7147511810723882 0.16768672213857622 0.7055764472971597 0.13328146750409192 0.6638557515875539 0.14440698539720165 0.6730304853627824 0.17881224003168594
2 0.8322067755792235 0.5527107074323641 0.7642461656720787 0.49901342637136675 0.7359204940653298 0.5348630984662616 0.8038811039724746 0.5885603795272588
0 0.12883203405004323 0.2553588267068722 0.1252435025747429 0.22346074338481123 0.11217967537308161 0.22493042275794847 0.11576820684838195 0.25682850608000946
2 0.3006776848069822 0.7282117849342696 0.2626560529810225 0.7087689048533121 0.20526655355005408 0.8209972583150777 0.24328818537601377 0.8404401383960352
2 0.2735007582651308 0.24474383607725114 0.22975720493233992 0.20845289211510012 0.20615769613442453 0.23689873173850381 0.24990124946721542 0.27318967570065483
0 0.6241662053267062 0.10269712178971985 0.6158748409281409 0.07953395035050234 0.6002197648848614 0.08513775726022074 0.6085111292834265 0.10830092869943825
2 0.27574227761753894 0.2053836871695376 0.23768095228451738 0.16671821567427395 0.21519696744545655 0.1888508893142953 0.25325829277847817 0.22751636080955892
0 0.5299632989329257 0.7188726704003735 0.5124666766176302 0.6846570589912679 0.4894209896665711 0.6964417871891079 0.5069176119818666 0.7306573985982134
2 1 0.7037037043269231 0.9866802372558288 0.7035767148685182 0.986159166435779 0.7582311703103181 0.9994789291799504 0.7583581597687229