2 0.9301405738512998 0.6328361564428622 0.8601319925177049 0.5834183332069802 0.8305258840161487 0.6253603193019378 0.9005344653497436 0.6747781425378198
3 0.34226919823837865 0.15680827830607125 0.2534301243673744 0.08912136813472271 0.2119188870922102 0.14360486967777478 0.3007579609632145 0.21129177984912334
2 0.8296634341237611 0.5602136980117269 0.7630347896144524 0.503995800829264 0.7349721860317964 0.5372551956452214 0.8016008305411051 0.5934730928276845
2 0.22246808737656784 0.11994635642551922 0.19479467547022675 0.08532612340706248 0.17134547391219973 0.10407005887520755 0.19901888581854085 0.13869029189366427
2 1.0290801259825324 0.724962517004528 0.9544226144708022 0.6571255679146512 0.9216205891448579 0.6932256227702316 0.996278100656588 0.7610625718601084
3 0.9846598280827364 0.4209704400933162 0.8568039668510689 0.3414810996825816 0.8024561037314992 0.42889776221051695 0.9303119649631668 0.5083871026212515
3 1 0.4629629639423078 0.9666666658653846 0.4629629639423078 0.9666666658653846 0.5578703701923078 1 0.5578703701923078
2 0.298694095842418 0.23661986784830627 0.2598236140948484 0.19653467881579262 0.2357130305551832 0.2199146358528329 0.27458351230275285 0.25999982488534656
2 0.27015277887435896 0.2659907400303571 0.2364444445139195 0.22104629606854392 0.20899999948571432 0.24162963068791207 0.24270833384615387 0.2865740746497253
1 0.23957920981030767 0.25339927918541905 0.11312642710509518 0.12985824631493395 0.06864836785522743 0.17538461298672176 0.19510115056043992 0.2989256458572068
2 0.22734633654844255 0.18030261039028073 0.19517037826564604 0.12733807347014267 0.18072916586538462 0.13611111057692313 0.21290512414818114 0.18907564749706118
3 0.10210023427004576 0.17095298388146055 0.061009030545224205 0.10520703137049839 0.026843402343334325 0.12656054037314435 0.06793460606815589 0.19230649288410653
2 0.09375000000000001 0.14074074038461537 0.09000276056146211 0.09981851541852588 0.07490407382622259 0.10120109895232206 0.0786513132647605 0.14212332391841156
1 0.23687060682903535 0.18614496613902326 0.11050022830100409 0.08225666368146818 0.07914859832241766 0.12039298176678324 0.20551897685044893 0.22428128422433835
2 0.3171246405798328 0.8269406538700925 0.2794929350931865 0.8108127803116378 0.23451867854786454 0.9157527136922048 0.27215038403451086 0.9318805872506595
2 0.8835950952620382 0.5144350587156936 0.8102347522129395 0.465165891165307 0.7847595254346647 0.5030977554249693 0.8581198684837634 0.552366922975356
2 0.11381824753052681 0.07799489245352377 0.09404813234576516 0.05575351180136974 0.0712715516764231 0.07599936031187117 0.09104166686118478 0.0982407409640252
2 0.2146255617210492 0.7786239353605069 0.17420748838865444 0.7572261331931605 0.12039414644052676 0.8588735633409071 0.16081221977292154 0.8802713655082536