2 0.3042117622680392 0.4325149622639196 0.27518003686313164 0.40452008527162764 0.21580916941927386 0.46608987609999336 0.24484089482418142 0.4940847530922854
2 0.5411600260739581 0.3614523987087409 0.4891751815684289 0.3446492174541928 0.47471482796381526 0.3893859385692701 0.5266996724693445 0.40618911982381817
2 0.6899754505700488 0.44183806741863496 0.6238843455684944 0.40473429396033767 0.6011680663669939 0.4451976715097511 0.6672591713685485 0.48230144496804833
2 0.8157730531461898 0.4655198327421947 0.7621943736810255 0.4337695056967037 0.7391825289890727 0.4726019954813208 0.7927612084542369 0.5043523225268118
2 0.8509611427252349 0.3976340592909177 0.8040281579905871 0.3678353376783701 0.7829292165002626 0.4010661692475225 0.8298622012349105 0.43086489086007007
2 0.8677574021217479 0.5831061691922922 0.7917493626458575 0.5251952822112099 0.7590377416598321 0.5681292849322941 0.8350457811357225 0.6260401719133764
2 0.645737491777479 0.15108803707431118 0.6394143233112506 0.12026258840745983 0.5945559508144254 0.12946430512807566 0.6008791192806537 0.16028975379492702
2 0.7021659822786736 0.14449861879396705 0.6925755103689564 0.11302989632680377 0.6565539079901695 0.12400791318520143 0.6661443798998866 0.15547663565236472
3 0.6153909895703714 0.31277949981086867 0.6049286691773224 0.22711925781735667 0.49934893841426803 0.240014493046071 0.509811258807317 0.325674735039583
2 0.4195066358285389 0.27274929099931805 0.3847688103915026 0.23925209850402301 0.3616194361996478 0.2632588542871006 0.39635726163668406 0.29675604678239564
2 0.47196438360471615 0.6594586544523193 0.44522621038557886 0.6171232126650258 0.38421823483729906 0.6556545648628997 0.41095640805643635 0.6979900066501933
2 0.22683430208887675 0.7426461324387148 0.184091738984324 0.7220381163203425 0.13586002248260373 0.8220742951729876 0.1786025855871565 0.8426823112913598
3 0.3507535769850258 0.7460845835613765 0.3001567183943124 0.7248904200165681 0.24456076008881064 0.857614735116407 0.2951576186795241 0.8788088986612155
2 0.9313152160611977 0.5581019483493282 0.8738646764148873 0.510963033302839 0.8470408330337891 0.5436545849881589 0.9044913726800995 0.5907935000346481