3 0.29491515849186767 0.9442678426275319 0.2470897676882086 0.9230121219655062 0.21298325092183726 0.999751815680874 0.26080864172549634 1.0210075363428996
2 0.3914944538131516 0.7604318928229138 0.3559388993486304 0.7411726335848309 0.31058188842257306 0.8249086512786168 0.3461374428870943 0.8441679105166997
2 0.23965114517848024 0.7837142378698989 0.20206959260887045 0.7629390901248072 0.155332874726094 0.8474842611914034 0.1929144272957038 0.868259408936495
1 0.257653047721959 0.2779194179903219 0.1317805344616098 0.15274931615922266 0.08675544232967548 0.19802707357506943 0.21262795559002468 0.3231971754061687
3 0.8904511460262998 0.6222322879690636 0.8090845212803697 0.5474955347278835 0.7698513132044464 0.5902091071089444 0.8512179379503766 0.6649458603501246
2 0.7200325409328537 0.2028763075630383 0.7137605929250713 0.1684785984959327 0.6723463700436928 0.1760299110611963 0.6786183180514752 0.21042762012830188
2 0.37294914814296204 0.4518650028249364 0.3486368463428459 0.4156244772440554 0.29073309565760597 0.45446975996150346 0.31504539745772203 0.4907102855423845
2 0.5387420257301593 0.37038309129412317 0.48057611715545256 0.3666900197122567 0.47781158491831976 0.41023142577285204 0.5359774934930266 0.41392449735471853
2 0.6968387071156739 0.4718872947254311 0.638384788352069 0.42955030043545067 0.6151527242461836 0.46162638922566673 0.6736066430097883 0.5039633835156472
2 0.23327471226398372 0.9099497398884755 0.19449328449193554 0.8920306417743237 0.14517420202742526 0.9987695201596453 0.18395562979947344 1.016688618273797
3 1.0000954442954464 0.6928925918054998 0.9397955514473204 0.6925198583794964 0.939179273017259 0.7922198603239968 0.999479165865385 0.7925925937500001