3 1.0544776846624233 0.46385244893167665 0.9232189611966606 0.37771394537909025 0.8652481469777524 0.46605045877114704 0.9965068704435149 0.5521889623237335
2 0.24532104532152277 0.7146138310111064 0.20655989361396132 0.6936492657707052 0.16262857375299286 0.7748733948818043 0.20138972546055428 0.7958379601222055
1 0.2417333283863168 0.24148110774266884 0.11704247521843966 0.11714448886625087 0.0713576207345495 0.16295949923024103 0.19604847390242666 0.287296118106659
2 0.7009472926313577 0.16896608474394237 0.6915180670902903 0.13562704366488976 0.6490415877719177 0.1476405956663921 0.6584708133129851 0.1809796367454447
2 0.8316859411991937 0.5499329288968131 0.7637253324613774 0.49623564875973014 0.7353996599307142 0.5320853220239538 0.8033602686685304 0.5857826021610368
0 0.15487370018248042 0.2877662353306749 0.15128516847017096 0.2558681499018638 0.13822134100145705 0.2573378293050444 0.14180987271376655 0.2892359147338555
2 0.1029815119689799 0.9506328911164238 0.04645638731167245 0.9487625715720084 0.04479166586538474 0.9990740745192309 0.10131679052269218 1.0009443940636464
2 0.3826591839952592 0.5971348914669244 0.34644805005386226 0.5743218774034772 0.2896736379828125 0.6644399930646128 0.3258847719242094 0.68725300712806
2 0.27454242247012367 0.24566976894285106 0.23079887568926008 0.2093788169568196 0.20719936161779764 0.237824652386764 0.25094290839866124 0.2741156043727955
0 0.5668898555977605 0.06208997700517817 0.5510318772333542 0.05093984127474262 0.539613707592529 0.06717902360425256 0.5554716859569353 0.0783291593346881
2 0.29129346074870743 0.2174780169656194 0.2522642865269073 0.17782932537023224 0.22964804074455963 0.20009218856607586 0.26867721496635977 0.239740880161463
0 0.5899362599527509 0.7734171812438067 0.5693751363639665 0.7307718846526476 0.5495131254809595 0.740348210604897 0.5700742490697439 0.782993507196056
2 1.0105141684637446 0.6966291345581748 0.9344295787809601 0.6358594821562474 0.9011224731481775 0.6775605182067854 0.9772070628309621 0.7383301706087126