2 0.9129322602629404 0.46173994621254655 0.8429366897038668 0.40989137343387205 0.8125632016857248 0.45089558068127916 0.8825587722447985 0.5027441534599537
0 0.18964884456150494 0.3145361065276581 0.18285454087104863 0.27484875517208185 0.1719864687836678 0.27670932232431794 0.1787807724741241 0.31639667367989416
2 0.28351946052800114 0.8580888510782654 0.2415710593282907 0.8410473123818694 0.19430386786800943 0.9573973172895086 0.23625226906771987 0.9744388559859046
2 0.21613120919318393 0.7502129173570524 0.17031195292100884 0.7260504190774798 0.10579188164985709 0.8483995920010095 0.15161113792203215 0.8725620902805821
2 0.455816088679694 0.24583153264992574 0.43391091515855934 0.24446245733023003 0.43040761350973294 0.3005152028661536 0.4523127870308676 0.30188427818584934
2 0.29713796792146013 0.20225126783843 0.2562074411775017 0.1606710519072451 0.23207022359577195 0.1844311264433847 0.27300075033973037 0.2260113423745696
2 0.2442528867513555 0.15910873159460903 0.20599264552776228 0.12024121218340111 0.1887990058212568 0.1371662131262901 0.22705924704485003 0.17603373253749804
3 0.2509816720488516 0.2164353620350599 0.2022044487500276 0.13591421313241134 0.1725730610877016 0.15386399194650566 0.22135028438652557 0.23438514084915418
3 0.2337928726570112 0.2633316085069373 0.18891542407887368 0.1508183427870225 0.13840894297998646 0.17096354072324058 0.18328639155812398 0.2834768064431554
3 0.174032370640802 0.16666631449177416 0.08380371739196842 0.08029358540901625 0.04139402920023713 0.12459656264360675 0.1316226824490707 0.21096929172636464
2 0.8188240377371787 0.5370366782449929 0.7597030656154858 0.4804422563101915 0.7287141119847901 0.5128146527592874 0.7878350841064828 0.5694090746940887
2 0.9115120998228293 0.6165464259894409 0.8456495068660355 0.5443033924296855 0.8099483753788176 0.5768514316713472 0.8758109683356115 0.6490944652311026
2 0.8846703272724276 0.5021191215460397 0.8184980520431275 0.44628626163704627 0.7853682388259545 0.48555122356225383 0.8515405140552545 0.5413840834712472
2 1.023917932151197 0.6967997495327135 0.9338228380012737 0.6395965066656141 0.9059901916576414 0.6834329181536299 0.9960852858075646 0.7406361610207294
3 0.07890725219601837 0.10634819032624236 0.031955402819515887 0.06012996145357555 0.007096378171988049 0.0853835726231665 0.05404822754849053 0.1316018014958333
1 0.12780289651639215 0.06038248980243284 0.019917531256980956 -0.0251289268574681 -0.020363621357026355 0.02569173583972852 0.08752174390238483 0.11120315249962946
3 0.44202941423946346 0.10883017522845237 0.3913293265226746 0.045455058269952206 0.3448848233823733 0.08261065649500797 0.3955849110991621 0.14598577345350813
2 0.3499960169648656 0.5391745585525947 0.3142114280948585 0.5159826442930395 0.2680443501576873 0.5872173808836418 0.30382893902769437 0.6104092951431971