2 0.8851543550451356 0.5734065204983799 0.818817211530084 0.5196126565362995 0.7875299927061584 0.5581952117283305 0.85386713622121 0.6119890756904109
3 0.36979601211019497 0.1686588394467255 0.2794123682956129 0.10319578935489539 0.23840598133969465 0.15981256274916156 0.32878962515427673 0.22527561284099165
2 0.7283700993257233 0.4522603469904235 0.6644657040310673 0.40912488182558676 0.6395462096849858 0.4460426526471029 0.7034506049796417 0.48917811781193965
2 0.20892641910733709 0.10420561604090389 0.18125300720099596 0.06958538302244713 0.15780380710966974 0.08832931731819639 0.18547721901601083 0.12294955033665317
2 1.0249541432578706 0.6927692397530276 0.943026560963173 0.622372205932707 0.9112249038934901 0.6593827550324636 0.9931524861881876 0.729779788852784
2 0.305153035762927 0.8119041935674596 0.26696022253352386 0.7965130596350272 0.22407381849223268 0.9029348753908006 0.26226663172163583 0.918326009323233
2 0.22077673785178126 0.7293151263337285 0.18074075342043583 0.7088116222720351 0.12862682553182406 0.8105714190036963 0.16866280996316946 0.8310749230653898
2 0.6452030519169495 0.12609563122352668 0.6423368411700916 0.09492560299350203 0.598898922396025 0.09891989612319013 0.6017651331428829 0.1300899243532148
3 0.2577795047917932 0.9536359714223545 0.20533935577952786 0.92773960054374 0.17004872878442168 0.9992031174602333 0.222488877796687 1.0250994883388478
2 0.7036090686651583 0.12049428014705889 0.696599265214932 0.08895016462104076 0.6595281863122171 0.09718818215497743 0.6665379897624433 0.12873229768099553
2 0.8314213108962788 0.14102784868102794 0.8210132738073 0.11217342125907008 0.7761890515013075 0.12834189902586055 0.7865970885902862 0.15719632644781842
2 0.18489583413461538 2.0649968862812064e-17 0.15234375 1.865672858076046e-17 0.15234375 0.014814814903846174 0.18489583413461538 0.014814814903846176
2 0.8636410628925352 0.38312034718372734 0.8165852590999231 0.35244693460925985 0.7952226088615769 0.3852191824204661 0.842278412654189 0.4158925949949336
2 0.85781301313939 0.4779362627061656 0.8052771148100597 0.43693263517454134 0.7800070385170361 0.4693099207666708 0.8325429368463664 0.510313548298295