2 0.9225864991184513 0.6256256988244091 0.8530418328840669 0.5692308027455342 0.821547993490456 0.6080681568565282 0.8910926597248404 0.6644630529354031
3 0.33180641219096757 0.1550692625077193 0.24415627438505666 0.08581483596592229 0.20161772486447646 0.13965269029126506 0.28926786267038734 0.20890711683306204
2 0.8224678187877519 0.5493168451197105 0.7529386831484802 0.49369354302636803 0.7249802383125311 0.5286416031037734 0.7945093739518028 0.5842649051971158
2 0.2099680860138656 0.1171685793591588 0.18229467761111845 0.08254834599330153 0.15884547411019106 0.1012922804533234 0.18651888251293824 0.13591251381918068
2 1.0247106856524166 0.7165780075267068 0.9430060515577214 0.6464560257738209 0.9112261549041768 0.6834852819747586 0.992930788998872 0.7536072637276446
3 0.32255689680002325 0.024943610913294882 0.27860451937679165 -0.02541848962622132 0.2383483773611666 0.00971414242286603 0.2823007547843982 0.06007624296238223
3 0.7390078941504787 0.1557880036383776 0.7057257703949144 0.15436162719989255 0.700217641601595 0.2828846588587362 0.7334997653571593 0.28431103529722124
2 0.7028450426255936 0.6638832155566519 0.6486784870718165 0.6098258664297125 0.6184723169816345 0.6400930588962646 0.6726388725354115 0.6941504080232039
1 1.0604958014879151 0.9307744535960689 0.7911458341346153 0.6833333341346156 0.7181475796810413 0.7627949753392458 0.9874975470343412 1.0102360948006992
2 0.30924502217512967 0.8252019834849934 0.2713209816586532 0.8096876031380924 0.22757835632123252 0.9166140196948939 0.265502396837709 0.932128400041795
2 0.21653864796698422 0.7621618496033811 0.17625166659388294 0.7412171966441126 0.12357412858170512 0.84254229364164 0.16386110995480638 0.8634869466009086
2 0.6183772097346812 0.6691346555602048 0.5629430707602292 0.6139670260531944 0.5314065888234467 0.6456558576754912 0.5868407277978988 0.7008234871825014
3 0.43118405696888007 0.0924558466472642 0.30485827300258045 0.027577418126625373 0.2684672121209378 0.09843501132151024 0.3947929960872375 0.16331343984214908
2 0.2239305541538208 0.49194167847042414 0.1942003992408374 0.4820442676909676 0.16309100789548125 0.5754916393879971 0.19282116280846465 0.5853890501674537
2 0.6498905505019639 0.14183637479652245 0.6469486473155043 0.10984316395967315 0.6035107290800843 0.11383745358323206 0.6064526322665441 0.14583066442008136
3 0.24635416586538475 0.9481481490384615 0.18239850480769246 0.9481481490384615 0.18239850480769246 1 0.24635416586538475 1
2 0.27290898429171834 0.2651832439225127 0.22905252300408876 0.22481536442989658 0.20516183743312724 0.2507706769220837 0.24901829872075684 0.2911385564146998
3 0.8787611408577569 0.3557130394158914 0.7543036449926374 0.27901034424958754 0.7059166244244588 0.3575229362678027 0.8303741202895782 0.43422563143410653
2 0.28783386778846154 0.09362535576923084 0.2526976503328402 0.0702012107988166 0.23886217954881653 0.0909544169748521 0.27399839700443784 0.11437856194526635
2 0.816012286907968 0.42329060011758457 0.7574919879380976 0.384277063719703 0.7335603622996006 0.42017449872577184 0.7920806612694711 0.4591880351236534
2 0.9597051156555898 0.10980668597313363 0.9246698867459114 0.10871183333268288 0.9235820914568922 0.14352122735484876 0.9586173203665707 0.14461607999529952