2 0.8970263982552017 0.5827309569430824 0.8283588136395905 0.530112117529097 0.7979761869547303 0.5697614448795718 0.8666437715703414 0.6223802842935572
3 0.3594105780563522 0.16432852212310398 0.2717604402504414 0.0950740955813069 0.2292218916537753 0.1489119487373207 0.316872029459686 0.21816637527911778
2 0.7500821964755864 0.4729462256905294 0.686371653209097 0.4244048563917551 0.6606742194862126 0.45813273606821314 0.724384762752702 0.5066741053669874
2 0.205801419107337 0.10327969056013463 0.17812800720099586 0.06865945754167792 0.1546788071096697 0.08740339183742721 0.18235221901601084 0.12202362485588392
2 1.025551680128776 0.6938228009326232 0.9456307262633726 0.6251499827584444 0.9138290685945903 0.6621605334095572 0.9937500224599936 0.7308333515837361
2 0.3051530346150203 0.8137560460807408 0.266960221531833 0.7983649128036157 0.22407381969054482 0.9047867272238153 0.2622666327737321 0.9201778605009404
2 0.21973507032707898 0.7320929050351876 0.1796990836669279 0.7115894006265441 0.12758515773053652 0.8133491974892656 0.1676211443906876 0.8338527018979089
2 0.6452030519169495 0.12609563122352668 0.6423368411700916 0.09492560299350203 0.598898922396025 0.09891989612319013 0.6017651331428829 0.1300899243532148
3 0.2577795047917931 0.9545618969031237 0.2053393557795278 0.9286655260245092 0.1704976031936199 0.9992200722973364 0.22293775220588521 1.0251164431759507
2 0.7041299032130689 0.12049427932164956 0.6971200989453021 0.08895016375640467 0.6600490199474314 0.09718818226202758 0.6670588242151982 0.12873229782727247
2 0.8142614815736913 0.14427481929483432 0.7963381936531208 0.114559897355688 0.7564509042959464 0.13861889952920278 0.7743741922165169 0.1683338214683491
2 0.22932739748594422 0.02621167506324105 0.21211980966268326 -0.004379602767399716 0.18244621698246305 0.012311787337433535 0.19965380480572398 0.0429030651680743
2 0.8719743981268344 0.38960182866978904 0.8241294909654644 0.3584140376075907 0.8027668407271183 0.3911862854187969 0.8506117478884884 0.42237407648099523
2 0.869735124116631 0.4868616819068672 0.8155061861427064 0.4455443978179039 0.7899362847565297 0.47910489500074616 0.8441652227304542 0.5204221790897094