2 0.9270561163853628 0.6317699640892845 0.8568806297614067 0.5797881201463116 0.8272452592426233 0.6197958688079097 0.8974207458665794 0.6717777127508827
3 0.34222307884081454 0.15692112059444976 0.25457294830321536 0.0876666848125876 0.2120343924674525 0.1415045354829712 0.2996845230050517 0.2107589712648334
2 0.8272079096941283 0.5557568708923288 0.7591175441743415 0.5019570668608815 0.732043005758583 0.5362232737773774 0.8001333712783698 0.5900230778088248
2 0.20475975324195247 0.10420561604090386 0.17708634133561135 0.06958538302244713 0.1536371397775843 0.08832931849059217 0.18131055168392546 0.1229495515090489
2 1.0248857066785027 0.7226121970115782 0.9507767810382591 0.6552737184004335 0.9179747575133199 0.6913737725210046 0.9920836831535635 0.7587122511321494
3 0.9815348261139815 0.4181926557660719 0.8536789634245214 0.33870332531041036 0.7993311034716286 0.42611999468944095 0.9271869661610886 0.5056093251451024
3 1 0.4583333341346155 0.9640625 0.4583333341346155 0.9640625 0.5555555552884617 1 0.5555555552884617
2 0.298694095842418 0.2347680168867678 0.25982361409484833 0.19468282785425411 0.23571303055518317 0.2180627848912944 0.2745835123027528 0.25814797392380806
2 0.26873610968626366 0.26363888934931323 0.23540278059285716 0.21919444506359909 0.20795833413901105 0.23977777735934064 0.24129166323241755 0.2842222216450548
1 0.23957920981030773 0.25154742822388065 0.11312642710509513 0.12800639535339547 0.06900262968917664 0.17317015056186408 0.1954554123943892 0.2967111834323492
2 0.12609641888692083 0.08882335429150093 0.1251978834858657 0.05950862196087676 0.09043825326971376 0.06057405069904642 0.09133678867076891 0.08988878302967061
3 0.10418357236767553 0.1700270478059515 0.06309235742874765 0.1042811076967014 0.02892673251574452 0.1256346244992618 0.07001794745467241 0.19138056460851188
2 0.09114583413461538 0.1333333341346154 0.08872470151482093 0.09029099134865229 0.06863202495551958 0.09142120479634058 0.07105315757531404 0.13446354758230367
1 0.23298059757859216 0.1827382779446614 0.10723179925424296 0.07936097270776768 0.07294481006521548 0.12106788002944777 0.19869360838956468 0.22444518526634147
2 0.7226514938171648 0.7753485629319848 0.6581579643931263 0.7011599217121336 0.6216969300633935 0.7328561591914943 0.6861904594874321 0.8070448004113455
2 0.34253592408681216 0.0868512136014789 0.32431216624194026 0.052681660742724 0.2938941762422661 0.0689045854667672 0.312117934087138 0.1030741383255221