2 0.9216032314536468 0.6257648695166211 0.8514430947999201 0.5685121556943147 0.8200956013031492 0.6069268312730357 0.8902557379568758 0.664179545095342
3 0.3307647463255829 0.1541433370269501 0.243114608519672 0.08488891048515311 0.20057605899909187 0.1387267648104958 0.2882261968050028 0.20798119135229284
2 0.8193612751918287 0.5490952703219392 0.7529900680399748 0.4935690353099261 0.7250320526108088 0.5269876028249473 0.7914032597626627 0.5825138378369604
2 0.20892641910733709 0.11531672661782692 0.18125300720099596 0.0806964935993702 0.1578038071096697 0.09944042789511946 0.18547721901601089 0.13406066091357619
2 1.0247151291513419 0.7147552239948775 0.9419848960342687 0.6436685011614777 0.9101832357625402 0.6806790519777816 0.9929134688796134 0.7517657748111813
3 0.8493021962753982 0.14216288252221534 0.8145804295267328 0.09333539873614782 0.7255621723135046 0.15663727144522988 0.7602839390621702 0.2054647552312974
2 0.30872418838513654 0.8252019826425835 0.27080014786866 0.8096876022956826 0.22705752253123931 0.9166140188524843 0.2649815630477158 0.9321283991993852
2 0.2154969814003619 0.7612359220526905 0.1752099987871831 0.7402912692725945 0.12253246177633456 0.8416163683297581 0.16281944438951332 0.8625610211098541
2 0.646765550501964 0.1418363747965224 0.6439881376239937 0.11163199682961311 0.6005502193885739 0.11562628645317202 0.6033276322665441 0.14583066442008133
3 0.24635416586538475 0.9462962956730769 0.18112980769230783 0.9462962956730769 0.18112980769230783 1 0.24635416586538475 1
2 0.49463362010923634 0.45865581674038547 0.43789870824990895 0.4082247746246294 0.410772271064847 0.4387420107987206 0.4675071829241744 0.48917305291447666
3 0.6692087499693087 0.2146675478117075 0.5624486794849731 0.15033002472360069 0.5195445678241536 0.22152403041611415 0.6263046383084893 0.28586155350422093
2 0.385344829346277 0.14113984199491056 0.34997485299808306 0.10969987338356404 0.3265265816800553 0.13607918731282048 0.36189655802824927 0.167519155924167
2 0.8016079158305753 0.1004765127849862 0.7880496594880693 0.08077466961231906 0.7544607500171728 0.10388961580696975 0.7680190063596789 0.12359145897963689
2 0.6220881846725692 0.32255900471286353 0.580401873754526 0.29291540726298354 0.5576621786437251 0.3248931050499365 0.5993484895617684 0.35453670249981645
2 0.8655797318000431 0.40737522018125116 0.8064081820534817 0.3652976686663093 0.7836684859847243 0.3972753624414894 0.8428400357312854 0.4393529139564313
2 0.9048092977662996 0.4900866174699105 0.8478046173553462 0.44954993655044634 0.8240153908335874 0.4830035204240459 0.8810200712445408 0.5235402013435101
2 1 0.6129629639423079 0.9807291658653846 0.6129629639423079 0.9807291658653846 0.65763090625 1 0.65763090625