3 0.9999396713677087 0.9883814998587028 0.9085259763518311 0.8950868704036693 0.8603792441410132 0.9422629052948542 0.9517929391568908 1.0355575347498878
2 0.23461376230302797 0.7458403898261756 0.19708097192022273 0.7261842080041401 0.1511795399970828 0.8138313837496588 0.18871233037988805 0.8334875655716942
1 0.24460013512696002 0.24966976083107678 0.11990928195908292 0.12533314195465883 0.075003452468743 0.1703669078875017 0.1996943056366201 0.2947035267639197
3 0.10610173339351701 0.7499249902829676 0.055040441157433125 0.7184346291889748 -0.03126725142872671 0.8583816529849231 0.019794040807357173 0.8898720140789157
2 0.7157928476081453 0.17324227693862013 0.7066181127871846 0.13883702235247683 0.6648974192428655 0.14996254095189038 0.6740721540638261 0.18436779553803367
2 0.8332484423685226 0.559192187032266 0.7652878336307066 0.5054949068951833 0.7369621611000435 0.5413445801594068 0.8049227698378594 0.5950418602964896
0 0.07307892927365854 0.20727090231200013 0.0618466388164028 0.17399004041787597 0.04847402860838319 0.1785032961894958 0.05970631906563894 0.21178415808362
2 0.2778099501406266 0.7785419371538551 0.2401838874119394 0.7600984470372025 0.1804131608313192 0.882035081233735 0.21803922356000635 0.9004785713503876
3 0.28035479729928764 0.504790074881802 0.2384902685283611 0.47071947378598533 0.16711501203790288 0.5584224019049709 0.2089795408088294 0.5924930030007877
2 0.2607899600720171 0.2533466056822097 0.2281342417739432 0.20358551352512397 0.2035001893904987 0.21975161117897563 0.2361559076885726 0.26951270333606137
0 0.7371768069787122 0.1028109040437281 0.735505242008206 0.07903746613985235 0.7169770499225906 0.08034022584092515 0.7186486148930968 0.10411366374480087
2 0.21100215744355758 0.15190931978208136 0.17354884984759428 0.11861749721016662 0.1537787365002365 0.14085887900313296 0.19123204409619984 0.1741507015750477
0 0.4076282338041046 0.7247313911332042 0.39470297191501835 0.7198074794072229 0.37998349347489513 0.7584460912055371 0.3929087553639814 0.7633700029315182