2 0.9266566751537499 0.6427445788386843 0.8565006212271414 0.5889851499007418 0.8260563351513753 0.6287149427553881 0.8962123890779838 0.6824743716933306
3 0.34018586755659974 0.16514161502316282 0.25134679826958284 0.09745469858184082 0.20983555766705864 0.15193819663385594 0.2986746269540755 0.21962511307517796
2 0.8261097763647783 0.565562232677657 0.7577604163534348 0.5124016204308431 0.730809294486267 0.5470530635454597 0.7991586544976104 0.6002136757922736
2 0.21986391774463482 0.12550191349377415 0.1921905081694919 0.09088167866121596 0.16874130730766124 0.10962561101169686 0.19641471688280415 0.1442458458442551
2 1.0261381484988106 0.7329449316400493 0.9479440265102703 0.6648575383129132 0.9159006995062569 0.7016572995937126 0.994094821494797 0.7697446929208488
3 0.9148085290930259 0.37725854702076994 0.7926233366625494 0.30491206182747604 0.7401220584843446 0.3935808998492648 0.8623072509148211 0.4659273850425587
3 1.0253528858870122 0.4787522060628327 0.9621746356388302 0.45171259853534923 0.9269259156172025 0.5340715030494398 0.9901041658653846 0.5611111105769233
2 0.3837680159414548 0.3164896337936675 0.3404532837548482 0.27385169224757544 0.31472586056768864 0.2999874859748279 0.3580405927542953 0.34262542752091996
2 0.3648006160285756 0.34931031951533564 0.319044556606014 0.31103074189264013 0.2950537385498947 0.33970726772559057 0.3408097979724563 0.3779868453482861
1 0.305500807550911 0.32416531463593756 0.16859951186293212 0.19465357100482647 0.12338319127467062 0.24244979937163416 0.2602844869626495 0.3719615430027453
2 0.2808334495367373 0.2368040409382253 0.2465212048569206 0.17806373620265298 0.22120507610213022 0.19285176306241267 0.2555173207819469 0.25159206779798493
3 0.12837754912025742 0.20091472412354308 0.0831864637974712 0.1366429782615603 0.04990214380097285 0.1600460230162912 0.09509322912375909 0.22431776887827404
2 0.12331575952187102 0.13744940817952972 0.091412353709315 0.10971519971220227 0.07211455427203457 0.13191397735037297 0.10401796008459059 0.1596481858177004
1 0.2611321201374036 0.2194565784483322 0.1321052281765137 0.11205847375519669 0.0905696519197326 0.161958854451203 0.21959654388062247 0.26935695914433855
0 0.25000000000000006 0.3731481490384615 0.23645833413461548 0.3731481490384615 0.23645833413461548 0.40648148076923074 0.25000000000000006 0.40648148076923074
2 0.3165973114246222 0.8367097983881843 0.2796933305861888 0.8212233056280798 0.2354836339015543 0.9265740667459051 0.2723876147399878 0.9420605595060096
2 0.6256134186025609 0.327250599601597 0.5755021939392011 0.28424325949387674 0.5512017716780964 0.31255758714796333 0.6013129963414562 0.3555649272556835
2 0.1989439571983706 0.15785761496213685 0.17886136881460651 0.14000637379382333 0.17656249999999998 0.14259259375 0.19664508838376404 0.1604438349183135
2 0.224871981400362 0.7714211071488444 0.18458499878718315 0.7504764543687481 0.13266536705812193 0.8503437246793393 0.17295234967130077 0.8712883774594354
2 0.05541666652851458 0.1373148156498674 0.025531608570954933 0.10369412544761275 0.004238505885278529 0.12262132783488064 0.03412356384283818 0.15624201803713528