0 0.5996195025954874 0.10612652691287691 0.5963857593944102 0.07163332082618841 0.57805726734768 0.0733516196817124 0.5812910105487571 0.1078448257684009
2 0.8859909480754478 0.46050057486053425 0.8164573911605078 0.4148691659124094 0.7899618426600801 0.45524332424141173 0.85949539957502 0.5008747331895366
2 0.004166665865384623 0.05509259375 6.746896859266297e-18 0.05509259375 7.89583693532636e-18 0.07385620913461538 0.004166665865384624 0.07385620913461538
0 0.19589884410262698 0.3321286979838295 0.18910454157205 0.29244134892366047 0.17823646892808384 0.29430191596116767 0.18503077145866081 0.33398926502133663
3 1.006282883992928 0.47873750762859213 0.9207375832809349 0.4205338498494624 0.8827300804966725 0.476395687044126 0.9682753812086656 0.5345993448232557
2 0.9876389131147296 0.5496913807835979 0.9262957047521247 0.5001211025602209 0.8983550382255971 0.5346976712210469 0.9596982465882019 0.584267949444424
2 0.30333738060539017 0.22209014297127166 0.2623508366202346 0.17927384314634345 0.23747041733684193 0.20309099697555333 0.27845696132199743 0.24590729680048154
2 0.2508477000271721 0.17529055718718403 0.21213721754138792 0.14088122618768967 0.19604526345589854 0.15898466757100316 0.23475574594168272 0.19339399857049752
3 0.2634876986387305 0.23770591052576964 0.21180088300391212 0.15879123300361955 0.18117957006372526 0.17884730122985382 0.23286638569854368 0.2577619787520039
3 0.24072009468513028 0.2830106173834924 0.1972600287084346 0.17008873941248984 0.14602273346516859 0.1898083568307513 0.1894827994418643 0.30273023480175393
3 0.18135815928795887 0.18343317570218945 0.08921281611750752 0.09837593081956884 0.047457401459041974 0.14361096068961066 0.13960274462949335 0.22866820557223125
2 0.8229907024017855 0.559258900653223 0.7628112471531735 0.5016512301444223 0.7318222947232551 0.5340236253391341 0.7920017499718672 0.5916312958479348
2 0.9146370998228293 0.6424723514702104 0.8487745068660355 0.5702293179104548 0.8130733753788176 0.6027773571521166 0.8789359683356113 0.6750203907118721
2 0.8878684183796342 0.530378480675923 0.8216502763261685 0.4746158203439793 0.7901477835317953 0.5120250208820873 0.8563659255852609 0.567787681214031
2 1.022629673185783 0.7080731714570369 0.9359135451837889 0.6653925821527239 0.9108034593265807 0.7164099053628019 0.9975195873285748 0.7590904946671148
3 0.08743180430153642 0.1253275460092871 0.04110327520417857 0.07826364569688103 0.016635409491852774 0.10234920216541117 0.06296393858921062 0.14941310247781725
1 0.20017928433555365 0.13604924856465356 0.06732899715238488 0.01947312604511995 0.02798980758523436 0.0643041130310986 0.1608400947684031 0.1808802355506322