2 0.7192250025538509 0.3514201098484167 0.6660805758650585 0.3109291141921623 0.6403193762045417 0.34474068549547765 0.6934638028933341 0.3852316811517321
2 0.3443923254442986 0.39065998217284814 0.30321279091550096 0.3456088638509264 0.27575959226569713 0.3707028012232966 0.31693912679449465 0.4157539195452183
3 0.3336538450254132 0.05137108467156913 0.2841613248195139 0.018376068028372113 0.25611645187961496 0.06044337339328735 0.3056089720855143 0.09343839003648435
2 0.3300088572281185 0.8358023680852443 0.292531646140603 0.818497125267993 0.24819669990854706 0.9145113884620378 0.2856739109960626 0.9318166312792889
2 0.26436671193374667 0.932169619270947 0.19996966919736076 0.9281448075829357 0.19547872355769244 1.0000000000000002 0.2598757662940784 1.0040248116880115
0 0.7178498034732601 0.9977566700494985 0.7041216155252172 0.9458946178901031 0.6822188260328332 0.9516924141248861 0.6959470139808762 1.0035544662842815
2 0.134888887629487 0.18887963102067312 0.10570139022948742 0.14996296220769237 0.08081250085000019 0.1686296265499999 0.10999999824999979 0.2075462953629807
2 0.6970877945513886 0.6022337563203899 0.6402255755814454 0.5496677909088469 0.6119979174793985 0.5802025154866404 0.6688601364493416 0.6327684808981834
2 0.7216382708695707 0.1866490969162016 0.7138071185683672 0.15287725325260126 0.6701612786351432 0.16299802792026977 0.6779924309363469 0.19676987158387013
3 0.9085974442395959 0.9711427493976591 0.7402711943426931 0.770471453216516 0.6712153431174952 0.8283965909486372 0.8395415930143979 1.0290678871297803
2 0.8250740365364009 0.5703700112301463 0.7648945824885666 0.5127623418708073 0.7339056300586482 0.545134737065519 0.7940850841064825 0.602742406424858
2 0.9182829322900894 0.653583459985673 0.8524203395852913 0.5813404313911755 0.8167192093376254 0.6138884716152542 0.8825818020424235 0.6861315002097517
2 1.0268489812958477 0.7330825809716104 0.945097984831168 0.6725262849649819 0.9149090273376236 0.7132813760137634 0.9966600238023033 0.7738376720203919
3 0.5257609398211093 0.5556513550368558 0.45572916586538464 0.48055555528846167 0.41922205379637123 0.5146008391626524 0.4892538277520958 0.5896966389110465
1 1 0.8583333341346153 0.9140625 0.8583333341346153 0.9140625 1 1 1