2 0.922268394582929 0.6273093044902314 0.8538128912028433 0.569554001689127 0.822014990077216 0.607243031482308 0.8904704934573017 0.6649983342834124
3 0.33180641219096757 0.1550692625077193 0.24415627438505666 0.08581483596592229 0.20161772486447646 0.13965269029126506 0.28926786267038734 0.20890711683306204
2 0.8216081591531298 0.5511885390632559 0.7534172541609969 0.49376463476265153 0.7249401565477029 0.5275811974198057 0.7931310615398357 0.5850051017204102
2 0.2099680860138656 0.1171685793591588 0.18229467761111845 0.08254834599330153 0.15884547411019106 0.1012922804533234 0.18651888251293824 0.13591251381918068
2 1.0247106856524166 0.7165780075267068 0.9430060515577214 0.6464560257738209 0.9112261549041768 0.6834852819747586 0.992930788998872 0.7536072637276446
3 0.7612567735025747 0.14510951294531754 0.7260553031810143 0.13563954925339192 0.6939864390186976 0.2548449872867446 0.729187909340258 0.26431495097867025
2 0.7885145952267748 0.7416955347303458 0.7293785321270012 0.6862554899673999 0.6981718474986487 0.7195426288794958 0.7573079105984223 0.7749826736424416
1 1.062238224178047 0.9322511001831063 0.9041666658653847 0.7870370360576924 0.8309521073506674 0.8667341330661464 0.9890236656633297 1.0119481971915603
2 0.3097658563097452 0.8261279089657627 0.27184181373404476 0.8106135277764518 0.22809918755421418 0.9175399463924774 0.26602323012991463 0.9330543275817882
2 0.21653864796698422 0.7621618496033811 0.17625166659388294 0.7412171966441126 0.12357412858170512 0.84254229364164 0.16386110995480638 0.8634869466009086
2 0.7009188785503329 0.7496213862766588 0.6390773248059288 0.6889690895395147 0.6058142554172758 0.7228843739386706 0.6676558091616799 0.7835366706758146
3 0.37593444259630054 0.05823977539306806 0.2525881904410751 -0.00364355330244992 0.21892730063991273 0.06344955058683949 0.34227355279513816 0.12533287928235748
2 0.195295550923738 0.5777100479627839 0.16164383199840074 0.5634302080191612 0.11812375134239568 0.6659891671969869 0.15177547026773294 0.6802690071406097
2 0.6483280505019638 0.14183637479652245 0.6455506376239935 0.11163199682961314 0.6021127193885738 0.11562628645317205 0.6048901322665441 0.14583066442008133
3 0.24739583413461552 0.9481481490384615 0.18301281971153857 0.9481481490384615 0.18301281971153857 1 0.24739583413461552 1
2 0.3168222625826169 0.3015703129495955 0.26906404758168434 0.26058242846847296 0.24563150256178645 0.28788553369691505 0.29338971756271903 0.3288734181780376
3 0.8312347213601774 0.32686872690496 0.7110855000111826 0.2500346943538607 0.6640620906359994 0.32356755256803554 0.7842113119849942 0.4004015851191349
2 0.21498606539574183 0.045951400786854515 0.18416009070767453 0.020377261633766127 0.16568695338270148 0.04264399210629673 0.19651292807076878 0.06821813125938511
2 0.7050290544658157 0.342911308028028 0.6520122379697558 0.3130893516164904 0.6308976245640502 0.3506264457248585 0.68391444106011 0.38044840213639614
2 0.9127545735907636 0.13314634197994096 0.9116439123756014 0.09760523948208509 0.8764063344775982 0.09870641553845333 0.8775169956927603 0.1342475180363092
2 1.0084327515955829 0.6080934221544451 0.9463689362780142 0.5651851101068819 0.9199965191416266 0.6033309319424345 0.9820603344591952 0.6462392439899977