3 0.733425017313472 0.716421410474952 0.6422457223381886 0.653383872342189 0.6059114594663331 0.7059387875599291 0.6970907544416165 0.7689763256926919
2 1 0.9462962956730769 0.9697916658653847 0.9462962956730769 0.9697916658653847 1 1 1
2 0.23721792816841253 0.7513959451146371 0.19968513967205853 0.7317397642805492 0.15378370826631357 0.8193869390381203 0.19131649676266754 0.8390431198722083
1 0.24729717991132 0.2548299440292878 0.12343842182263226 0.12942295628783693 0.07826214980411744 0.1740414982691344 0.20212090789280518 0.29944848601058527
3 0.31793692573265137 0.468984523892692 0.28057745850077176 0.4334930286214264 0.20676543459009705 0.5111898928288394 0.24412490182197663 0.546681388100105
2 0.7118343158393207 0.1839468557889717 0.710066693919901 0.14623764800179015 0.6694874547443812 0.14813980285597955 0.671255076663801 0.18584901064316114
2 0.8618821840328574 0.5888026923330602 0.7932650946337929 0.5278097019856757 0.7620007239155563 0.5629821063613325 0.8306178133146209 0.623975096708717
0 0.022558095139043152 0.1637523830812309 0.011499829736331572 0.1309871509981806 0.0005586035262022777 0.13467981470207369 0.011616868928913858 0.16744504678512404
2 0.11960585559200794 0.789181994262727 0.08509853526694577 0.77091341343081 0.01918074379675131 0.8954248008402046 0.05368806412181348 0.9136933816721217
2 0.2798932842752419 0.7803937881153936 0.24226722154655472 0.761950297998741 0.18249649496593445 0.8838869321952735 0.22012255769462163 0.9023304223119261
3 0.43742801095132283 0.41413832605013146 0.41886463331275087 0.35894542833889037 0.348737241321478 0.382531819239273 0.3673006189600499 0.437724716950514
2 0.24085914021267374 0.23553205949864167 0.20814190761359114 0.1870620834135486 0.19153964575300228 0.19826860973842578 0.22425687835208488 0.24673858582351885
0 0.8528444608956106 0.09688741747518229 0.8342698733166848 0.08698096848031901 0.8225820585854599 0.10889561604413983 0.8411566461643857 0.11880206503900312
2 0.133688972873447 0.09394001947008165 0.1030887540656445 0.05767308737304133 0.0819440473348363 0.07551393067509576 0.11254426614263881 0.11178086277213609
0 0.33692922504628176 0.8501331809866326 0.31957762527832134 0.843626330760818 0.30146974792860554 0.8919140013718703 0.31882134769656595 0.8984208515976848