0 0.5709736686842694 0.0922376398727026 0.5677399255041358 0.05774443400941157 0.5494114334574056 0.059462732864935565 0.5526451766375392 0.09395593872822659
2 0.8786517524024351 0.45752417695448366 0.8095564592748171 0.41258414548923295 0.7835037436437022 0.45264019272841377 0.8525990367713203 0.49758022419366454
2 0.005729165865384623 0.05610021875 6.870295332365383e-18 0.05610021875 8.112618112302305e-18 0.07638888942307692 0.005729165865384624 0.07638888942307692
0 0.19943100315667148 0.33959676099918296 0.19560936799707299 0.30392817940499567 0.18371711606013225 0.30520234972794513 0.1875387512197307 0.3408709313221324
3 0.9732951734044799 0.4577621180647404 0.8927407806584271 0.4035753792045898 0.8556658934995577 0.4586911710760856 0.9362202862456106 0.5128779099362362
2 0.9865972455677533 0.5515432232071047 0.925254030959707 0.5019729607356185 0.8973133742849709 0.5365495317125019 0.9586565888930173 0.5861197941839881
2 0.3033373794046126 0.22486792056304178 0.2623508366202347 0.18205162199249722 0.23747041853761955 0.20586877467224474 0.27845696132199743 0.24868507324278927
2 0.2516459369161328 0.16848314784813795 0.2082992290734183 0.14502985765671797 0.1935223924589543 0.17234061935961217 0.2368691003016688 0.19579390955103218
3 0.2665150512095852 0.2519342893688622 0.22443536340058373 0.16579135966133735 0.18967812733247086 0.1827698121915187 0.23175781514147228 0.2689127418990435
3 0.24436592881974567 0.2885661726719539 0.20090586284304995 0.1756442947009514 0.14966856759978392 0.1953639121192129 0.19312863357647964 0.3082857900902154
3 0.1823998263909799 0.18898872768635314 0.09025448125296301 0.10393148853697766 0.04849906797516704 0.14916652092623778 0.14064441311318396 0.23422376007561324
2 0.8219490377371786 0.5620366782449929 0.7617695824885667 0.504429007736192 0.7307806288578705 0.5368014041852878 0.7909600841064824 0.5944090746940888
2 0.9141162664247046 0.6443242003702884 0.8482536737199068 0.5720811717757908 0.8125525434722409 0.6046292119998693 0.8784151361770387 0.6768722405943669
2 0.8816184184608977 0.5266747689898802 0.8154002708214052 0.4709121200392952 0.7838977806332033 0.5083213282736924 0.8501159282726959 0.5640839772242774
2 1.0225051777555103 0.7091941698712406 0.9353927129842501 0.6663185085859141 0.9102826261746217 0.717335833731069 0.9973950909458821 0.7602114950163956
3 0.08743180550331048 0.1271793981916753 0.04110327520417857 0.0801154966584195 0.016635409491852785 0.10420105312694965 0.06296393979098469 0.15126495466020548
1 0.20261804794973207 0.1385107217223004 0.06773854896405862 0.024927956418977767 0.02903274247853829 0.07089108975757674 0.16391224146421174 0.1844738550608994