2 0.9215193668168902 0.6259689537739926 0.8517879632274763 0.5699838837975773 0.8207004257490342 0.6087045217002087 0.8904318293384481 0.6646895916766241
3 0.3307647463255829 0.15599518798848855 0.24311460968900095 0.08674076237060571 0.20057606016842078 0.14057861669594843 0.2882261968050027 0.20983304231383126
2 0.8206752867010808 0.5531002583486345 0.7539727029397615 0.4938090670819424 0.7243175286222522 0.5271711349812496 0.7910201123835715 0.5864623262479417
2 0.20944725187925017 0.1171685793591588 0.18177384347650305 0.08254834599330149 0.1583246399755757 0.10129228045332338 0.18599804837832282 0.13591251381918068
2 1.024715128818281 0.7175329982498356 0.9419848944905552 0.6464462807400353 0.9101832370436443 0.6834568315821149 0.9929134713713701 0.7545435490919151
3 0.8145608814492428 0.14261781158140197 0.7760040415195971 0.10827812158757343 0.7012138122687149 0.192253104997325 0.7397706521983605 0.22659279499115353
2 1.0104617433955396 0.9553774900537058 0.9350742678910469 0.8811679400313663 0.8990824555191809 0.917731049128909 0.9744699310236735 0.9919405991512484
2 0.3097658563097452 0.8261279089657627 0.27184181373404476 0.8106135277764518 0.22809918755421418 0.9175399463924774 0.26602323012991463 0.9330543275817882
2 0.21653864796698422 0.7621618496033811 0.17625166659388294 0.7412171966441126 0.12357412858170512 0.84254229364164 0.16386110995480638 0.8634869466009086
2 0.9082520209090258 0.9544859677144522 0.8312111402709463 0.8749598818382249 0.7931777382804512 0.9118047328166852 0.8702186189185307 0.9913308186929124
3 0.2494791658653846 2.489386194128105e-17 0.15706845192307692 1.9235337689462607e-17 0.15706845192307692 0.050925925480769255 0.2494791658653846 0.05092592548076927
2 0.09801322071318527 0.7987926669549916 0.059616250650579516 0.7791578521152644 -0.006323362030916845 0.9081064240645387 0.03207360803168891 0.9277412389042659
2 0.646765550501964 0.1418363747965224 0.6439881376239937 0.11163199682961311 0.6005502193885739 0.11562628645317202 0.6033276322665441 0.14583066442008133
3 0.24687500000000015 0.9481481490384615 0.18249198798076938 0.9481481490384615 0.18249198798076938 1 0.24687500000000015 1
2 0.41590662488033675 0.3912632229803501 0.364242641296389 0.34185954504926325 0.3376450939422174 0.3696739772418619 0.38930907752616517 0.41907765517294876
3 0.7292704193445518 0.2581464079706138 0.6185569155790543 0.18886435736715937 0.5735986169040679 0.26070822928331905 0.6843121206695654 0.3299902798867735
2 0.5044280244593028 0.21685251985322768 0.46387083946120033 0.18801185454971697 0.4428803494155447 0.21752973075068158 0.48343753441364723 0.2463703960541923
2 0.8338541658653846 0.09074074038461549 0.8 0.09074074038461549 0.8 0.12314814903846164 0.8338541658653846 0.12314814903846164
2 0.7553843396551726 0.42515644961870014 0.7119073282493367 0.3865102172579577 0.6859303169761274 0.4157343549403186 0.7294073283819633 0.454380587301061
2 0.9550972923540578 0.47030456673647847 0.8842486237540919 0.4283201739449814 0.8628611453608289 0.4644115466700407 0.9337098139607949 0.5063959394615378