0 0.5246195023261706 0.07001541651478808 0.5213857605215254 0.03552221039841071 0.5030572682249057 0.03724050853386746 0.5062910100295509 0.07173371465024483
2 0.8518942530990856 0.4406114515666363 0.7848616866446944 0.3947772242635414 0.759109618234327 0.43243962938364283 0.8261421846887183 0.47827385668673766
2 0.007812500000000007 0.056045752403846155 6.8636251287175275e-18 0.056045752403846155 8.392766076739756e-18 0.08101851923076923 0.00781250000000001 0.08101851923076923
3 0.9994791658653847 0.5907407403846154 0.9927083341346153 0.5907407403846154 0.9927083341346153 0.6314814807692308 0.9994791658653847 0.6314814807692308
0 0.21641050949094806 0.3523375269758899 0.20986045577458542 0.3174039143531485 0.19510154462583154 0.3201712107637245 0.2016515983421942 0.35510482338646576
3 0.9297770229494096 0.42803343661814924 0.852770672958119 0.3757952136825536 0.8159238220780348 0.43011255710457125 0.8929301720693252 0.4823507800401669
2 0.9860764131147298 0.5524691596297522 0.9247332047521254 0.5028988814063743 0.8967925394007383 0.5374754486129631 0.9581357477633428 0.587045726836341
2 0.3064106938631477 0.23662052470782108 0.27321908791039473 0.18604285299407464 0.24870639045443804 0.20212931500841902 0.281897996407191 0.2527069867221655
2 0.2526117447034455 0.18685994278193002 0.2163302744102898 0.14815969775538437 0.1938770503417097 0.16920958985480067 0.23015852063486542 0.20790983488134632
3 0.2935983829403544 0.2750824384073237 0.2526141953501194 0.19118214887260893 0.21569915552638358 0.2092146601479245 0.25668334311661856 0.2931149496826393
3 0.2594700946851303 0.3033809875758001 0.2158756395216877 0.1901099274531968 0.16463834427842167 0.20982954487145827 0.20823279944186432 0.3231006049940616
3 0.18448316048604196 0.19176650853888152 0.09233781731559053 0.10670926365626104 0.050582402657124985 0.15194429352630295 0.14272774582757644 0.23700153840892343
2 0.8209073700253053 0.5638885388651647 0.7607279228280144 0.5062808551546543 0.7297389616556718 0.5386532477323764 0.7899184088529627 0.5962609314428868
2 0.9141162658041542 0.6452501278068176 0.8482536751352663 0.5730070967566087 0.8125525423353047 0.6055551371950736 0.8784151330041927 0.6777981682452824
2 0.8587017525826822 0.5100081042864618 0.7924836048278118 0.4542454526989195 0.760981114228109 0.4916546597181132 0.8271992619829794 0.5474173113056554
2 1.0247268961786065 0.7261094318273938 0.9398896522487266 0.6632670264993552 0.9097006956068548 0.704022116398378 0.9945379395367347 0.7668645217264166
3 0.08847347016692104 0.12903125033621016 0.042144939867789145 0.08196734880295432 0.017677075363595966 0.10605290408222888 0.06400560566272787 0.15311680561548474
1 0.2076586647953674 0.1478090148874443 0.0752272262725657 0.02778400520511555 0.03341803456638537 0.07391481923945292 0.16584947308918707 0.1939398289217817