2 0.9244346655630259 0.6256031044724067 0.8550185533312491 0.5702829848240957 0.8233506152333969 0.6100201574680558 0.8927667274651737 0.6653402771163669
3 0.33289419823837874 0.15403049945991737 0.24405512436737442 0.08634358928856886 0.20260765165932504 0.14074339983325918 0.29144672553032935 0.20843031000460768
2 0.8234285872565095 0.550936491135652 0.7561914715107468 0.49420517199769814 0.7264495991350574 0.5294547968223408 0.7936867148808199 0.5861861159602946
2 0.2115305873765678 0.1143908011370577 0.18385717547022667 0.07977056811860098 0.1604079739121997 0.09851450358674606 0.18808138581854086 0.13313473660520275
2 1.025158093153785 0.7141270936378566 0.9450437778958709 0.6455518760173706 0.9132954501701653 0.6826424697418434 0.9934097654280793 0.7512176873623294
3 0.4942721777507572 0.1575328577885098 0.448076422986698 0.04906483491915637 0.3845475120938984 0.07612134346791441 0.43074326685795766 0.18458936633726783
3 0.8182629828865575 0.3367298037418488 0.7217954215986052 0.22912328592865758 0.6713615402446764 0.27433647226134483 0.7678291015326286 0.381942990074536
1 0.8978747976380508 0.9545412424010526 0.6453124999999998 0.6601851850961539 0.572583496150163 0.7225878564915482 0.8251457937882137 1.0169439137964469
2 0.4526916420837302 0.42700679347282866 0.40893083167557626 0.38655235371902774 0.38419239898594854 0.4133126764256093 0.4279532093941025 0.45376711617941023
1 0.7140795412789812 0.6062212520625601 0.5140625000000001 0.42962962980769237 0.4540277224840646 0.4976282042544952 0.6540447637630458 0.674219826509363
0 0.6541666658653846 0.8416666658653846 0.6354166658653846 0.8416666658653846 0.6354166658653846 0.8851851850961538 0.6541666658653846 0.8851851850961538
2 0.3113283563097452 0.8242760580042242 0.2734043137340448 0.8087616768149133 0.22966168839662396 0.9156880933717146 0.2675857309723244 0.9312024745610257
2 0.9406278945167502 0.8030170232297572 0.8652159782214265 0.7288530691572265 0.831256957139491 0.763383521144691 0.9066688734348147 0.8375474752172217
2 0.21758031346735862 0.7603099949879274 0.1772933324403909 0.7393653437933241 0.12473744907512 0.8404564460666223 0.16502443010208773 0.8614010972612256
2 0.3841481292534322 0.43126541350957776 0.34058453849901493 0.3897762801416386 0.31381415938086515 0.41788517867902936 0.35737775013528245 0.4593743120469685
3 0.6521732204322644 0.2392507938645837 0.5005361622140858 0.1493918104424275 0.45640757070214505 0.22385882025429765 0.6080446289203237 0.3137178036764538
2 0.2606699324192575 0.06778019861193632 0.22370276041369572 0.040397107184250276 0.20366290205646626 0.06745091492597893 0.24063007406202802 0.09483400635366498
2 0.22609159805208925 0.31834907476470903 0.1961883816543149 0.2613905682792535 0.16790703794127232 0.2762382739733432 0.19781025433904662 0.33319678045879886
2 0.705005910685149 0.13127473552385388 0.7018140267279113 0.09955540181928552 0.6581123833848277 0.10395305328292943 0.6613042673420652 0.13567238698749778
3 0.24895833413461552 0.9453703701923076 0.1844270841346155 0.9453703701923076 0.1844270841346155 1 0.24895833413461552 1
2 0.13357399284036828 0.15163793366665163 0.09679238783411881 0.11025862007706055 0.0724964075712296 0.13185504282424745 0.10927801257747906 0.17323435641383853
3 1.0409041749570738 0.4647211888780051 0.8969598261311525 0.37113451644772544 0.8432916260611771 0.4536808225736006 0.9872359748870984 0.5472674950038803
2 0.649641088790937 0.3413236363597671 0.6013890347260594 0.30558139127326717 0.5758133129715375 0.3401086322415066 0.6240653670364151 0.37585087732800654