0 0.8968750000000001 0.0824074062500001 0.8786458341346154 0.0824074062500001 0.8786458341346154 0.11296296394230779 0.8968750000000001 0.11296296394230779
2 0.8891159480754478 0.44383390899514974 0.818793614592162 0.39768486528539587 0.792522870175213 0.437716465102759 0.8628452036584987 0.4838655088125129
0 0.1906905100818604 0.31546203225125863 0.18389621083117083 0.2757746806620722 0.17302813549262583 0.2776352471441459 0.1798224347433154 0.31732259873333235
2 0.4447165964778972 0.13024161646988955 0.41903902917541463 0.08044269349436915 0.39308381463963177 0.09382584976103284 0.4187613819421144 0.14362477273655322
2 0.9896611498991711 0.5352916071733816 0.9265318756837266 0.48161647235217203 0.8986388843174995 0.5144224318809737 0.9617681585329442 0.5680975667021834
2 0.29855025758977494 0.20147274535984042 0.25721939265628585 0.16078769992052597 0.23308728541029572 0.1853028713889272 0.27441815034378486 0.22598791682824168
2 0.2454104033108928 0.16002009073288687 0.20715017279350728 0.12115255657087855 0.19088234845452037 0.13716619681447184 0.2291425789719059 0.17603373097648017
3 0.2528973457721297 0.22314315710733615 0.2112171456081365 0.13746718509393246 0.1770122692008389 0.1541073942650379 0.2186924693648321 0.23978336627844157
3 0.23581515054996535 0.26344588898908017 0.1910483037671309 0.14975230548524218 0.14027440834341987 0.16974452603939688 0.18504125512625433 0.2834381095432349
3 0.1757670763041624 0.16504703313520105 0.08221266270025678 0.08345661252023119 0.04024071449746943 0.13158310791428512 0.13379512810137506 0.213173528529255
2 0.81882403589069 0.5388885388651649 0.7586445899477827 0.48128085635543205 0.7276556287754402 0.5136532489331542 0.7878350747183475 0.571260931442887
2 0.9115120998228292 0.6211760557971332 0.8456495068660355 0.5489330222373777 0.8099483753788176 0.5814810614790394 0.8758109683356115 0.653724095038795
2 0.8840513282558237 0.5099310647024868 0.8205188545989238 0.45048547784295295 0.7867241876277075 0.486603529703823 0.8502566612846073 0.5460491165633569
2 1.0227926181026694 0.6953550643358343 0.9323676251812844 0.6482001054764317 0.9063966506240045 0.6980024008724596 0.9968216435453895 0.7451573597318621
3 0.08151141568271464 0.10357041974022975 0.03455957389171556 0.0573521830977651 0.009700548035418635 0.08260578716994695 0.0566523898264177 0.1288240238124116
1 0.18157178722708536 0.10145899685163737 0.04580943301788875 -0.01183022406109151 0.0029845797996086274 0.03948977659506762 0.13874693400880525 0.1527789975077965
2 0.38016962713230995 0.05089534456900565 0.346708347278566 0.02445679801355042 0.3281415186758482 0.047955436509767205 0.36160279852959215 0.07439398306522244