0 0.9708333341346154 0.09629629567307701 0.9526041658653847 0.09629629567307701 0.9526041658653847 0.12314814903846164 0.9708333341346154 0.12314814903846164
2 0.8885951112979112 0.4419820465723864 0.8182727729111503 0.39583301961305584 0.7916204479509141 0.4364460929135906 0.8619427863376751 0.48259511987292114
0 0.18912801008186042 0.31546203225125863 0.18233371083117084 0.2757746806620723 0.17146563549262586 0.27763524714414595 0.17825993474331542 0.31732259873333224
2 0.9449754903846154 0.9555555552884616 0.8848958341346154 0.9555555552884616 0.8848958341346154 1 0.9449754903846154 1
2 0.46820625208410144 0.20650317280897035 0.45618965575135856 0.14851834386503474 0.4347686174625609 0.15295757348479602 0.4467852137953038 0.2109424024287316
2 1.001491590236437 0.5434582308441226 0.9382286108774414 0.48966941434835576 0.9103356206974916 0.5224753724819335 0.9735986000564872 0.5762641889777005
2 0.29814814903846154 0.2015624999999999 0.2566550925480769 0.16006944350961538 0.23232060096153845 0.18440393509615388 0.27381365745192315 0.22589699158653836
2 0.24593123633234518 0.16094601483650964 0.2076710068121877 0.12207848208797804 0.19140318243786048 0.13809212253133463 0.22966341195801793 0.1769596552798662
3 0.2516784128494275 0.21872458410488718 0.20468286205313085 0.13517694226151786 0.1742179771146624 0.15231344086327644 0.221213527910959 0.23586108270664574
3 0.23425265157488584 0.2625199628051315 0.18948580311790936 0.14882637996893772 0.13871190776498912 0.1688186013602665 0.18347875622196563 0.2825121841964603
3 0.1757670763041624 0.16504703313520105 0.08221266270025678 0.08345661252023119 0.04024071449746943 0.13158310791428512 0.13379512810137506 0.213173528529255
2 0.81882403589069 0.5379626133843955 0.7586445899477827 0.48035493087466274 0.72765562877544 0.5127273234523848 0.7878350747183472 0.5703350059621177
2 0.9109912658041542 0.6202501278068173 0.8451286751352665 0.5480070967566084 0.8094275423353048 0.5805551371950733 0.8752901330041924 0.6527981682452823
2 0.8840513282558237 0.5090051392217175 0.8205188545989238 0.44955955236218365 0.7867241876277075 0.4856776042230538 0.8502566612846073 0.5451231910825877
2 1.0223873764339082 0.6950326252349749 0.9308051251812846 0.6472741775918162 0.9048341496384562 0.6970764748777447 0.9964164008910799 0.7448349225209033
3 0.07942808272501356 0.10264448722016913 0.032476234569360884 0.05642625954927626 0.0076172123066034535 0.08167986829624335 0.05456906046225612 0.12789809596713622
1 0.17605530234847513 0.09870752105625179 0.039817194398705194 -0.014978696581925122 -0.0030076590946983774 0.03634130626781488 0.13323044885507157 0.15002752390599178
2 0.4373602298955163 0.10704602249868869 0.41247964847427004 0.07018590045692347 0.3900809086361527 0.08530504926614706 0.41496149005739896 0.1221651713079123