2 0.9264897937890058 0.6348822611395308 0.857872096239883 0.5820212190871912 0.8271488653012697 0.6219023354335216 0.8957665628503924 0.6747633774858612
3 0.33810253226317183 0.15958605885179622 0.24926346413496753 0.09189914329337918 0.20775222353244327 0.14638264134539442 0.29659129166064757 0.21406955690381146
2 0.8264682420337479 0.5604876545529093 0.7584258627205412 0.5058107736985263 0.7304637497102088 0.5406080896777402 0.7985061290234154 0.5952849705321231
2 0.21725975187925023 0.1217982091668511 0.18958634347650305 0.08717797580099382 0.16613714114797146 0.10592190932387045 0.1938105495507186 0.14054214268972778
2 1.0262317328868877 0.7242395725486427 0.9484648626162173 0.6565242048569627 0.9164215337622065 0.6933239666093672 0.994188404032877 0.7610393343010471
3 0.8517465146093113 0.3285944643089174 0.7365155530040846 0.25657511538313155 0.685251509484788 0.3385975873800382 0.8004824710900148 0.4106169363058241
3 1.0254573348197475 0.45783973227752117 0.8979166658653847 0.39629629567307706 0.8617429033156145 0.47126165556753574 0.9892835722699774 0.5328050921719798
2 0.546633487057876 0.44383335163587323 0.49097040658270436 0.4010413153152296 0.46591575701291305 0.43363193486019685 0.5215788374880848 0.4764239711808405
2 0.4998050923739522 0.47335604646640744 0.4515722438536192 0.4281377553265079 0.4251100869514351 0.45636405873623825 0.4733429354717681 0.5015823498761378
1 0.3932650856285487 0.3958652622139703 0.2384446848969979 0.25824712721248394 0.18970905367402444 0.3130747119327996 0.34452945440557525 0.45069284693428596
2 0.3724844083306472 0.2944392401939723 0.3200123325205437 0.24982529874670928 0.2947616250962493 0.2795235722290582 0.34723370090635286 0.32413751367632126
3 0.19225411852783303 0.24335450077319157 0.1353373005097792 0.1854799451178889 0.10351664332769522 0.21677401785055117 0.16043346134574904 0.27464857350585387
2 0.15992097559555887 0.17127394922562453 0.12980603608886715 0.13739463576534378 0.10846623566027204 0.15636334360959922 0.13858117516696378 0.19024265706987997
1 0.32503770964479833 0.2684497849671597 0.18733662396197204 0.15234372599347104 0.14327291177775925 0.20460302288646687 0.28097399746058555 0.32070908186015556
0 0.30937499999999996 0.4407407403846154 0.29427083413461547 0.4407407403846154 0.29427083413461547 0.4740740745192307 0.30937499999999996 0.4740740745192307
2 0.31395839671072273 0.8304962970956746 0.2771473956849476 0.8155241308002457 0.23393416566714553 0.9217694277816193 0.27074516669292065 0.9367415940770483
2 0.428272230593989 0.16598795928042875 0.3886285115124232 0.12933954188953442 0.36656699831732625 0.15320415853292554 0.406210717398892 0.18985257592381988
2 0.269974400473128 0.2076769319628138 0.24311764048922152 0.18822512243256923 0.23928907415070894 0.19351115441206312 0.2661458341346154 0.2129629639423077
2 0.22278864777722032 0.7658655508765643 0.18250166705641385 0.7449208990802867 0.13058203481587893 0.8447881703746962 0.17086901553668543 0.8657328221709738
2 0.08808157900902178 0.1668598516900597 0.060232720232176025 0.12923294900494672 0.03458785826145909 0.1482135211065341 0.06243671703830484 0.18584042379164706
3 1.0438063124912556 0.5699424270341553 0.9382999952811251 0.4533042600332423 0.8767789021339164 0.5089538311436369 0.9822852193440468 0.6255919981445499