2 0.42254054170344646 0.38007184456767207 0.4163556578244163 0.33693228224111177 0.355294934842208 0.3456865083122017 0.3614798187212381 0.38882607063876196
2 0.6504210238233412 0.41352498451768827 0.5975556856148511 0.3809187005813786 0.5740586447612132 0.4190150078469547 0.6269239829697034 0.45162129178326443
2 0.7895097659364783 0.5229032732437797 0.7241917513264968 0.4620780326571794 0.6928779991138126 0.49570473277042193 0.7581960137237941 0.5565299733570223
2 0.8170028337066044 0.4687313052738322 0.7662192150518705 0.42539595543868036 0.7393724143512024 0.4568570534583957 0.7901560330059362 0.5001924032935476
2 0.8519430918498755 0.39478462439435813 0.805134648543498 0.36193659540029155 0.7827359860717263 0.39385469077940805 0.8295444293781038 0.4267027197734748
2 0.9988610530153235 0.678877620189688 0.9093868955695542 0.6065752679577019 0.8712411019700759 0.6537806857214632 0.9607152594158451 0.7260830379534494
2 0.6457374930669233 0.14553247838636374 0.6394143225042467 0.11470703283726048 0.5945559496821624 0.12390875360610833 0.600879120244839 0.1547341991552116
2 0.7021659809249202 0.13894306509655927 0.6933501274265794 0.1100160456859238 0.6573285239626789 0.12099405812492113 0.6661443774610198 0.1499210775355566
3 0.5261635041838464 0.24895284672968826 0.4168651757788743 0.2254378476529113 0.39905531336163 0.3082185522139313 0.5083536417666021 0.33173355129070825
2 0.34270672675824493 0.21831434368533348 0.3115362921258908 0.18675427983392384 0.290542179680306 0.2074892065036037 0.3217126143126601 0.23904927035501336
2 0.36930174586681497 0.7156857995784572 0.3313195524353165 0.6943208042176574 0.2844089887148866 0.7777173168365729 0.32239118214638507 0.7990823121973727
2 0.227717362295039 0.7354133736880836 0.18527665680987493 0.7149508884376835 0.1371124381204261 0.8148470347419043 0.17955314360559013 0.8353095199923045
3 0.29144386770189545 0.8707806813572561 0.23978836859116243 0.8497931516684076 0.18106471592467527 0.9943265785683111 0.2327202150354083 1.0153141082571595
2 1 0.5972222211538463 0.9619791658653847 0.5972222211538463 0.9619791658653847 0.6561048341346154 1 0.6561048341346154