2 0.925855351958255 0.6284157637781427 0.8571448729479361 0.5734473805698875 0.8261150631449342 0.6122346428236398 0.8948255421552531 0.667203026031895
3 0.33601919812855646 0.15495642904410406 0.24718013000035216 0.08726951348568693 0.2057326548778793 0.14166931935318197 0.2945717230060836 0.2093562349115991
2 0.8247496962518777 0.5526066815585965 0.7566882767492136 0.49796239648108526 0.7288232292212905 0.5326693138937564 0.7968846487239547 0.5873135989712676
2 0.21413475187925018 0.11716857935915878 0.18646134347650298 0.08254834599330153 0.1630121399755757 0.1012922804533234 0.1906855483783229 0.13591251381918065
2 1.0260604194807004 0.7176085944309466 0.9470741486896197 0.6502069778557907 0.9153261578083562 0.6874116553136985 0.994312428599437 0.7548132718888543
3 0.6704258613771219 0.20936562933756714 0.5743845494738213 0.14376597634353774 0.5262891619637059 0.21418013102495842 0.6223304738670066 0.27977978401898784
3 0.9099192336496501 0.41894879688608255 0.8034339112880408 0.2975979975046594 0.7588601528643466 0.3367114690170867 0.8653454752259561 0.4580622683985099
2 1 0.9231481490384615 0.9526041658653847 0.9231481490384615 0.9526041658653847 1 1 1
1 0.6447947203574027 0.6560681092766829 0.4473958341346154 0.452777778846154 0.38636655195860137 0.512038405276383 0.5837654381813887 0.7153287357069118
2 0.712631681495177 0.5812115643252309 0.6432291658653847 0.5175925937500001 0.608940645651854 0.5549982533909079 0.6783431612816463 0.6186172239661387
3 0.2508467121085897 0.3872647086622235 0.21616885828477564 0.3840136598662409 0.2048552288703553 0.5046923736200575 0.23953308269416937 0.5079434224160401
2 0.2891373190115544 0.28159350904482544 0.25463214273291973 0.24630412662049805 0.2308251547239784 0.2695820720385955 0.2653303310026131 0.3048714544629229
1 0.4817781564377946 0.4017278569481935 0.3234226955935665 0.2629499898147465 0.27174760398516 0.321914961065877 0.4301030648293881 0.46069282819932406
0 0.4792691341215645 0.6671342415539461 0.4733223979757215 0.6185031862001178 0.45326453487868434 0.6209559156056319 0.45921127102452736 0.6695869709594601
2 0.31289085630974517 0.8252019834849933 0.27606194685473995 0.8101356113035193 0.23231932151731913 0.917062027860321 0.2691482309723243 0.9321284000417948
2 0.529098387737401 0.4260742423934992 0.4812064823454224 0.38022899308547825 0.4540244312573251 0.40862452454664805 0.5019163366493038 0.454469773854669
2 0.22018448140036184 0.7612359220526905 0.17989749878718314 0.7402912692725944 0.12734161399910657 0.841382370610382 0.16762859661228527 0.8623270233904781
2 0.20939228599091625 0.2786652803161923 0.17933571319513955 0.23444411073962296 0.15102842543565137 0.2536842182116981 0.1810849982314281 0.2979053877882675
3 0.8978398793841132 0.4089773146912827 0.7086143149291446 0.2917255154117771 0.6573439608688436 0.3744676289356785 0.8465695253238122 0.49171942821518405
2 0.5937516118952085 0.2984579092687732 0.5423031967039313 0.2628886252854411 0.5174707708361693 0.298806946184167 0.5689191860274465 0.3343762301674991
2 0.10584338182969052 0.18524826589214413 0.07373819403139129 0.14149008034538102 0.051156701330792094 0.15805802197412822 0.08326188912909133 0.20181620752089133
2 0.8526787224713388 0.10123330722096702 0.8094819194931575 0.09602655011250001 0.8056353244268315 0.12793904492558145 0.8488321274050128 0.13314580203404844
3 0.24739583413461552 0.9518518509615385 0.1878205120192309 0.9518518509615385 0.1878205120192309 1 0.24739583413461552 1