2 0.4666666658653846 0.3342592596153846 0.4078125 0.3342592596153846 0.4078125 0.3787037043269231 0.4666666658653846 0.3787037043269231
2 0.6857997906687963 0.4357737665434752 0.6314094554359827 0.39793701468342746 0.6056675355684686 0.43494102750961045 0.6600578708012821 0.47277777936965826
2 0.8254472647376007 0.5497551254927492 0.7587251859320455 0.4876223965661444 0.7267077548625251 0.5220047518220269 0.7934298336680803 0.5841374807486316
2 0.8170028337066044 0.4668794543122941 0.7662192150518705 0.42354410447714197 0.7393724143512023 0.4550052024968574 0.7901560330059361 0.4983405523320095
2 0.8518858064782283 0.39139109375457753 0.8044836156779398 0.36034404497770267 0.7829735044329614 0.3931853757173044 0.83037569523325 0.42423242449417925
2 1.033916251325415 0.7060856008991111 0.950855618056106 0.6411137274470194 0.9122841959400086 0.6904237838889542 0.9953448292093175 0.7553956573410459
2 0.645737491777479 0.14275470293969583 0.6394143237844366 0.11192925657962682 0.5945559508144254 0.12113097339730641 0.6008791188074677 0.15195641975737542
2 0.70216598159526 0.1361652884499576 0.6933501274265795 0.10723826683976997 0.6573285239626789 0.11821627927876731 0.6661443781313595 0.14714330088895491
3 0.502461426216773 0.251608201039925 0.39665215976367946 0.20440449971029162 0.3633972760182434 0.27894685033055017 0.469206542471337 0.32615055166018353
2 0.32049737789379634 0.20220126701631239 0.291846961760771 0.1667688657374016 0.26793221193678873 0.18610618156821135 0.29658262806981406 0.22153858284712216
2 0.3455683715461098 0.745823093458301 0.3064989620471341 0.7270431372714261 0.26198769810948874 0.8196433958019667 0.30105710760846444 0.8384233519888418
2 0.22783856909609856 0.7348412047883035 0.1855450485756287 0.7140248685546227 0.1365968848399714 0.8134751341611021 0.17889040536044123 0.8342914703947829
3 0.27809138286039264 0.9072944926731232 0.22983958203890908 0.8841391739849241 0.17485119360843734 0.9987257534991035 0.22310299442992088 1.0218810721873026