2 0.9240274619011868 0.6084465875345273 0.8553612741480067 0.5552856706219372 0.8242255844593264 0.5955026051323601 0.8928917722125065 0.6486635220449503
3 0.3338897471100454 0.14673593549829592 0.2462396165724461 0.07748149971643373 0.20370105981276884 0.13131935155614635 0.2913511903503681 0.2005737873380085
2 0.8145990064857601 0.5247936083393374 0.7454890753157924 0.4742033329084008 0.7181533867493933 0.5115458367634452 0.7872633179193611 0.5621361121943819
2 0.2063222518792502 0.1060574687822357 0.1786488423041073 0.07143723394967752 0.1551996399755757 0.0901811674725542 0.18287304955071865 0.12480140230511237
2 1.0259102018027357 0.6974179036677491 0.9471932272021578 0.6297796121207366 0.9153915685381089 0.6667901619152156 0.9941085431386869 0.7344284534622282
2 0.30820335630974516 0.8159427238696088 0.27027931373404485 0.8004283426802979 0.2265366875542142 0.9073547612963234 0.2644607301299145 0.9228691424856342
2 0.22077673785178129 0.7395003114298824 0.18074075342043588 0.7189968073681888 0.12862682553182408 0.82075660409985 0.16866280996316949 0.8412601081615434
2 0.6452030519169496 0.13165118651198818 0.6423368411700918 0.10048115828196355 0.5988989221768348 0.10447545143180709 0.6017651329236927 0.1356454796618317
3 0.2593831055707762 0.9577714938084512 0.20794352211619713 0.9323692293970809 0.17487976272414182 0.9993233395908349 0.22631934617872093 1.024725604002205
2 0.7051715686651582 0.12327205899321274 0.6981617647058822 0.09172794117647064 0.6614828429864251 0.09987881266968326 0.6684926469457011 0.13142293048642537
2 0.757897480662508 0.16678362376267264 0.7366029427606098 0.15854862548893445 0.7196733170606314 0.20232623711064127 0.7409678549625295 0.21056123538437949
2 0.30130466116054466 0.07334617179656701 0.29341743156720024 0.03408528783269645 0.2576939783368108 0.041261872999613924 0.2655812079301552 0.08052275696348447
2 0.3858033408989785 0.13227410835813336 0.37674963903345 0.09203543881697375 0.3406600108694182 0.10015560624698044 0.3497137127349468 0.14039427578814004
2 0.9276575848742602 0.43383190754437884 0.8788461536612424 0.401290953402367 0.8571047002588755 0.4339031335059173 0.9059161314718932 0.4664440876479291
2 0.942697949810098 0.5463720824132975 0.8852333595626137 0.4999360464804387 0.8576218932849474 0.5341052334901242 0.9150864835324317 0.580541269422983