2 0.9225864991184513 0.6256256988244091 0.8530418328840669 0.5692308027455342 0.821547993490456 0.6080681568565282 0.8910926597248404 0.6644630529354031
3 0.33180641219096757 0.1550692625077193 0.24415627438505666 0.08581483596592229 0.20161772486447646 0.13965269029126506 0.28926786267038734 0.20890711683306204
2 0.8224678187877519 0.5493168451197105 0.7529386831484802 0.49369354302636803 0.7249802383125311 0.5286416031037734 0.7945093739518028 0.5842649051971158
2 0.2099680860138656 0.11624265387838956 0.1822946764387227 0.08162241904583137 0.15884547411019112 0.10036635256870803 0.186518883685334 0.13498658740126623
2 1.0248457983642203 0.7162469658144446 0.9435268852804899 0.6464560259698124 0.9117469880446589 0.6834852837342671 0.9930659011283892 0.7532762235788991
3 0.3281769698257551 0.025981579984233356 0.2833071807830904 -0.02543172139862094 0.24211846574173343 0.010514792541066412 0.28698825478439816 0.06192809392392071
3 0.7371020259278624 0.15746485280784614 0.7018322591879774 0.15725152826085229 0.7010540307588129 0.2859190236511983 0.7363237974986979 0.2861323481981922
2 0.6946032518913121 0.656047381671355 0.6408659882737372 0.6024184589753638 0.6106598169816346 0.6326856526462646 0.6643970805992094 0.6863145753422558
1 1.0511565554309343 0.9210290168249541 0.7817708341346153 0.6740740745192308 0.7088526886667634 0.7536153342690746 0.9782384099630825 1.000570276574798
2 0.30924502217512967 0.8252019834849934 0.2713209816586532 0.8096876031380924 0.22757835632123252 0.9166140196948939 0.265502396837709 0.932128400041795
2 0.21653864796698422 0.7621618496033811 0.17625166659388294 0.7412171966441126 0.12357412858170512 0.84254229364164 0.16386110995480638 0.8634869466009086
2 0.6093253585395495 0.6615383056850026 0.5563988638090644 0.6063811907244495 0.5240509517079415 0.637420914259422 0.5769774464384265 0.6925780292199752
3 0.43589195970190553 0.09598613858194784 0.30953207249524145 0.031280112507959146 0.2731600045008618 0.10230858834091515 0.3995198917075259 0.16701461441490384
2 0.2272360091141518 0.48371819359719576 0.19760607194419327 0.4741436262907342 0.16780650484629328 0.5663628642511653 0.19743644201625177 0.5759374315576269
2 0.6498905505019639 0.14183637479652245 0.6469486473155043 0.10984316395967315 0.6035107290800843 0.11383745358323206 0.6064526322665441 0.14583066442008136
3 0.24635416586538475 0.9472222211538461 0.18201121875000015 0.9472222211538461 0.18201121875000015 1 0.24635416586538475 1
2 0.26926315125962896 0.26147953839778354 0.2254066924711255 0.22111166120549947 0.20151600579763798 0.24706697489549267 0.24537246458614143 0.28743485208777675
3 0.884774915215935 0.3587974946902556 0.7589907436380111 0.2803096526160132 0.7100553063213959 0.3587333075542076 0.8358394778993196 0.4372211496284501
2 0.29643429493343193 0.09970619582100596 0.26057692307692315 0.07580128125000002 0.24674145229289943 0.0965544874260355 0.2825988241494083 0.12045940199704146
2 0.8282585468876433 0.4321492198019789 0.7689503213330678 0.39261039896378586 0.7450186975436834 0.428507831196186 0.8043269230982589 0.46804665203437906
2 0.9659551156104881 0.11165853685430681 0.9298503277279396 0.11053026060565828 0.928762532593969 0.14533965468687013 0.9648673204765175 0.14646793093551866