2 0.8875250448412276 0.5752434595840471 0.8204183947696191 0.5217638265821916 0.789404044407505 0.5606808692043136 0.8565106944791133 0.6141605022061692
3 0.3677126768335892 0.16773291313883562 0.2773290341609975 0.10226986387412618 0.23632264720507928 0.15888663726839233 0.326706289877671 0.22434968653310178
2 0.7341195937273215 0.4606006702353987 0.6715564045087954 0.4111680185842493 0.6452825898858804 0.44442080962095454 0.7078457791044065 0.49385346127210394
2 0.20840558737656784 0.1032796905601346 0.18073217547022674 0.06865945754167789 0.15728297391219973 0.08740339300982294 0.18495638581854082 0.12202362602827965
2 1.0250736504570843 0.692424396427151 0.9435473953030356 0.622372205835329 0.9117457369947617 0.6593827559360264 0.9932719921488105 0.7294349465278483
2 0.305153035762927 0.8119041935674596 0.26696022253352386 0.7965130596350272 0.22407381849223268 0.9029348753908006 0.26226663172163583 0.918326009323233
2 0.22077673766721506 0.7302410511939885 0.1807407529114416 0.709737547760628 0.12862682550029872 0.81149734750301 0.1686628102560722 0.8320008509363704
2 0.6452030519169495 0.12609563122352668 0.6423368411700916 0.09492560299350203 0.598898922396025 0.09891989612319013 0.6017651331428829 0.1300899243532148
3 0.2577795047917932 0.9536359714223545 0.20533935577952786 0.92773960054374 0.17004872878442168 0.9992031174602333 0.222488877796687 1.0250994883388478
2 0.7041299032130689 0.12049427932164956 0.6971200989453021 0.08895016375640467 0.6600490199474314 0.09718818226202758 0.6670588242151982 0.12873229782727247
2 0.828078978246393 0.143769329770196 0.8182210301357522 0.11519075606419395 0.77369994591858 0.13054794437447603 0.7835578940292207 0.15912651808047806
2 0.19270833413461538 2.152699451626207e-17 0.15885416586538462 1.9454024575826598e-17 0.15885416586538462 0.020370370192307714 0.19270833413461538 0.020370370192307717
2 0.8652035639922191 0.38404627338132763 0.8181477590999229 0.3533728600900291 0.7967851088615768 0.38614510790123513 0.8438409137538729 0.4168185211925337
2 0.8600486103243585 0.47849999630096146 0.8064930537371792 0.43833333465384644 0.7813125001807693 0.47190741090480803 0.8348680567679486 0.512074072551923