2 0.9245407536725335 0.6134116415038184 0.8562144011483425 0.560775043030391 0.825118133854911 0.6011403892514255 0.8934444863791021 0.653776987724853
3 0.3302439121909674 0.14951370721925772 0.2425937743850565 0.08025928067746078 0.20005522486447638 0.13409713500280354 0.28770536267038727 0.20335156154460046
2 0.8240854909316224 0.5432536483623998 0.7567579406901905 0.4873967032136856 0.7283657218391629 0.5216194580755721 0.7956932720805947 0.5774764032242863
2 0.2073639177446348 0.11161302407069724 0.17969050816949192 0.07699278923813904 0.15624130730766128 0.09573672158861998 0.18391471688280417 0.13035695642117817
2 1.0257906953731877 0.7033182981503692 0.9466723923942607 0.6353351695729431 0.9148707359100501 0.6723457212436265 0.993989038888977 0.7403288498210525
2 0.3102866883851366 0.8205723528348913 0.27236264786866016 0.8050579724879903 0.2286200225312393 0.9119843890447918 0.2665440630477158 0.9274987693916928
2 0.22174698140036186 0.7464211071488444 0.1814599987871831 0.7254764543687482 0.12878246177633454 0.826801553425912 0.1690694443895133 0.8477462062060082
2 0.6452030519169495 0.13628081631968053 0.6423368411700916 0.10511078808965589 0.598898922396025 0.10910508121934401 0.6017651331428829 0.14027510944936863
3 0.24843750000000012 0.9425925937499999 0.18155715865384628 0.9425925937499999 0.18155715865384628 1 0.24843750000000012 1
2 0.7052757362839367 0.12880446592194567 0.6982659323246606 0.0972603481052036 0.6614828429864252 0.10543436795814479 0.6684926469457013 0.13697848577488686
2 0.30534339212817224 0.030499631170695693 0.2780073776470855 0.0023643205446721547 0.25747497175982237 0.022313421236193544 0.28481098624090906 0.050448731862217086
2 0.1661458341346154 1.8223910729634306e-17 0.13125 1.6087157150807617e-17 0.13125 0.02222222115384617 0.1661458341346154 0.02222222115384617
2 0.7464721196492938 0.26623003989798755 0.733178335760395 0.21108544048524264 0.7092701524456924 0.21684901888723523 0.7225639363345912 0.27199361829998014
2 0.43852633369240024 0.14073295379617298 0.3944827980084718 0.11836163154849019 0.37728538729327143 0.1522190300571795 0.4213289229771998 0.17459035230486228
2 0.5454573893054577 0.21498751336789754 0.5024993383159523 0.1903520685475018 0.48370601514987155 0.2231229213052473 0.5266640661393768 0.24775836612564303
2 1.0012876142541616 0.4926407123744569 0.9485112446334565 0.4502682870364015 0.9223376378019907 0.4828684494633524 0.9751140074226959 0.5252408748014078
2 1 0.5898148149038464 0.9624999999999999 0.5898148149038464 0.9624999999999999 0.6471523413461538 1 0.6471523413461538