2 0.9259409108762159 0.6292590058817715 0.8583612038838315 0.5741119977776363 0.8274821387079668 0.6119526395191273 0.8950618457003512 0.6670996476232626
3 0.3370608663977872 0.1549564290441041 0.2482217982695829 0.08726951348568697 0.20677432314711006 0.14166931935318197 0.29561339127531433 0.2093562349115991
2 0.8259704352281628 0.5535867729100962 0.7577736869651848 0.49883383680220944 0.7302731735708369 0.533086713860009 0.7984699218338149 0.5878396499678957
2 0.21517641910733704 0.1180945054639808 0.18750300720099594 0.08347427244552405 0.16405380710966974 0.1022182067412733 0.19172721901601084 0.13683843975973004
2 1.0263253172830409 0.7173860668807897 0.9489856950071675 0.6500427214874059 0.9169423653051763 0.6868424824903209 0.9942819875810496 0.7541858278837046
3 0.7538796347643086 0.2641457265143385 0.6501266063447056 0.1932786951658034 0.6006647998032577 0.2656933585448957 0.7044178282228606 0.3365603898934308
3 0.9663515516520719 0.4129616017874839 0.8351118285063784 0.34433951547622915 0.8146034785419131 0.3835617297252004 0.9458432016876065 0.45218381603645513
2 0.8634303166809476 0.7225862052849952 0.785373562474147 0.6532024261695855 0.753419538426109 0.6891507044679918 0.8314762926329097 0.7585344835834014
2 0.7544034804301785 0.7100289296144927 0.6900790445343574 0.6446834740682829 0.6560885506303595 0.6781428681136555 0.7204129865261806 0.7434883236598654
1 0.5236682406133978 0.5229754618134616 0.34635416586538464 0.35 0.29129184042724676 0.4064434121821642 0.46860591517525996 0.5794188739956257
2 0.5147264219387389 0.40922202022006243 0.45625000000000004 0.36018518509615394 0.42725431979750683 0.3947625314040325 0.4857307417362457 0.443799366527941
3 0.25197558384863544 0.3508826187425416 0.2199696604027906 0.2594371246903282 0.18486077611359295 0.2717252343940986 0.21686669955943777 0.363170728446312
2 0.23079521863725747 0.2300704502180795 0.1979751375535483 0.1950623707977293 0.17700031605877414 0.2147262699196746 0.2098203971424833 0.24973434934002478
1 0.3980524515517194 0.32372369591199923 0.25207889507083614 0.20008350061788488 0.20435029374482752 0.2564334090343377 0.3503238502257108 0.380073604328452
0 0.39772591925444156 0.5684006249489187 0.3961558620111057 0.5293237018364352 0.3793674882257825 0.5299982356985207 0.3809375454691184 0.5690751588110041
2 0.31393252217512974 0.8242760580042243 0.27710361272012446 0.8092096858227504 0.23336098738270372 0.9161361023795518 0.270189896837709 0.9312024745610258
2 0.24064903794289766 0.019810360403391132 0.2062660229684657 -0.00693197906662458 0.18854166629530364 0.01585648420857994 0.22292468126973558 0.04259882367859565
2 0.3851384678025379 0.30109780900784633 0.3481042893325101 0.2636007023154332 0.3421875 0.26944444471153844 0.37922167847002775 0.3069415514039516
2 0.2207053132775947 0.761235919818803 0.1804183319191034 0.7402912692757169 0.12786245009450412 0.8413823725620231 0.16814943145299546 0.8623270231051092
2 0.1482986499430901 0.2199634758492037 0.12053068205455467 0.17973991777790915 0.09316190361809842 0.1986337053295955 0.12092987150663388 0.23885726340089006
3 1.0170210744326862 0.49214888885892 0.8079435054073918 0.36075406947343924 0.7532269108602718 0.4478200027176739 0.9623044798855661 0.5792148221031547
2 0.8421898065094431 0.4878156035385117 0.7792973396592526 0.4337145573897653 0.7478149966058023 0.4703127815980661 0.8107074634559928 0.5244138277468126
2 0.041045328955807224 0.1266020383341086 0.011614647507753288 0.08149754156581321 -0.011954716988634321 0.09687655049234314 0.01747596445941961 0.14198104726063854
2 0.971203524218349 0.11995690884274166 0.9221458320832843 0.11723148268117622 0.9205544865848717 0.14587571404674154 0.9696121787199364 0.14860114020830698