2 0.922408682774937 0.6179589077415378 0.8548981818868 0.5644121216036943 0.8235568224484399 0.6039265542486718 0.8910673233365768 0.6574733403865152
3 0.33024391219096744 0.15043963270002697 0.24259377438505653 0.08118520615823004 0.2000552248644764 0.13502306048357277 0.2877053626703873 0.2042774870253697
2 0.8236175626963681 0.5440848975767554 0.7549298016152365 0.4885796378437225 0.7262072952116707 0.5241237406366561 0.7948950562928023 0.579629000369689
2 0.20840558601386555 0.11161302407069724 0.18073217643872266 0.07699278923813904 0.15728297411019107 0.09573672276101573 0.18495638368533396 0.13035695759357388
2 1.0255516805185882 0.7077116929157603 0.9456307291992007 0.6390388699695339 0.9138290684894472 0.676049420408826 0.9937500198088348 0.7447222433550524
3 0.9904087101217652 0.09716642178510018 0.8912072799427349 0.08766841449463017 0.8837591953600664 0.1654595363688416 0.9829606255390968 0.17495754365931157
2 0.3097658559834553 0.8224242040967712 0.27184181269922364 0.8069098232278752 0.22809918792291248 0.9138362426190973 0.26602323120714416 0.9293506234879932
2 0.21914281346735864 0.7529025887379276 0.1788558314565724 0.7319579370318505 0.12617829679047615 0.8332830352596633 0.1664652788012624 0.8542276869657404
2 0.6457238859012959 0.13905859523982878 0.6428576753783463 0.10788856696443094 0.5994197566739656 0.11188285976986292 0.6022859671969154 0.14305288804526078
3 0.24739583413461552 0.9435185192307693 0.18092948798076935 0.9435185192307693 0.18092948798076935 1 0.24739583413461552 1
2 0.9340498534152615 0.8655843660230782 0.8444373649816461 0.7764027100011794 0.8081228760377765 0.8128926325437267 0.8977353644713919 0.9020742885656254
3 0.44674351649676536 0.062311733555205834 0.3539811790673829 0.015442341252920374 0.32015648030563565 0.08238705646808686 0.4129188177350181 0.12925644877037232
2 0.7206086273108 0.13262420931667163 0.7195259134930675 0.09797741712055565 0.6846930312312881 0.09906594626122765 0.6857757450490206 0.13371273845734363
2 0.23983825445725124 0.05956138578808571 0.21740617268010815 0.03297521607113448 0.194436025654418 0.05235627855584243 0.2168681074315611 0.07894244827279365
2 0.5886662748163127 0.20796863430835005 0.5442141414649654 0.17951927618524935 0.526052963556546 0.20789612387050788 0.5705050969078934 0.23634548199360858
2 0.43388769256914633 0.1547590012596297 0.40031161348445043 0.1282297491237151 0.3805937426953766 0.15318517514190638 0.41416982178007256 0.17971442727782097
2 0.5724261383677528 0.2860751934858405 0.5308973302289796 0.25103526296644024 0.5058429605837856 0.28072933183615706 0.5473717687225589 0.3157692623555573
2 0.9769749570572934 0.47723275040297797 0.9105903602080214 0.42696622586466304 0.8873770421129794 0.4576229457677601 0.9537616389622515 0.507889470306075
2 0.9911835038473367 0.5338576677505393 0.9219450016432481 0.4865151003200383 0.8939363059496832 0.5274778161963881 0.9631748081537718 0.574820383626889