2 0.10713751876618612 0.15634047324124667 0.08130300912208498 0.11408670130453909 0.05539155595793165 0.12992930318312904 0.08122606560203278 0.1721830751198366
3 0.779721148928263 0.36279630799017465 0.7026721712630438 0.3112462172475902 0.667917280639257 0.363192368124434 0.7449662583044763 0.41474245886701844
2 0.32892552681650256 0.8245556210938211 0.29124896512096676 0.8073185937496802 0.24648889588077544 0.9051548085769283 0.2841654575763112 0.9223918359210692
2 0.2546875000000001 0.9342592596153847 0.1880208341346155 0.9342592596153847 0.1880208341346155 1 0.2546875000000001 1
0 0.4556409183724951 0.6246407017126538 0.441531642232188 0.581999334834922 0.4243833552323715 0.587673400521123 0.4384926313726786 0.6303147673988551
3 0.4410811216793222 0.07676756788395628 0.3955709382003848 0.042537684566736185 0.36592350923790196 0.08195528699492158 0.41143369271683927 0.11618517031214168
2 0.08127435009247914 0.07011211144302686 0.05043692343729016 0.036375437347754384 0.028800681573422707 0.05615231338736489 0.059638108228611694 0.08988898748263735
2 0.7889347875110145 0.16299539765666288 0.7804140780773632 0.1294451026486662 0.7402788459513666 0.13963817698426448 0.748799555385018 0.17318847199226114
2 0.4886559954181608 0.1684733382684363 0.4530276004407342 0.14132791349283316 0.4318575118613449 0.16911367421857706 0.4674859068387714 0.1962590989941802
2 0.769894040659744 0.6460229371128003 0.7061006629949684 0.5816161677516007 0.6744089075653983 0.61300609994398 0.7382022852301737 0.6774128693051797
3 0.9563376050739478 0.9734788390274839 0.819791665865385 0.8259259254807694 0.7525464976456786 0.8881548197200595 0.8890924368542414 1.0357077332667741
3 0.42317063452215387 0.41588869331342104 0.314910398454242 0.3089649992573539 0.2664059096343031 0.358075792298665 0.374666145702215 0.46499948635473215
2 0.8271573688648439 0.5611107610625081 0.7669779226651497 0.5035030787634885 0.7359889616574714 0.5358754714257384 0.7961684078571655 0.5934831537247579
2 0.9203662664247048 0.6443242003702884 0.8545036737199067 0.5720811717757909 0.8188025434722407 0.6046292119998697 0.8846651361770388 0.6768722405943671
2 0.2170402289953581 0.02255427753647216 0.1827873566810345 -0.007892720076259963 0.1609482763096817 0.016676245341511933 0.1952011486240053 0.047123242954244055
2 1.0270611899480977 0.7226687843982457 0.9456188189657839 0.6623410998688277 0.9154298614722395 0.7030961909176087 0.9968722324545533 0.7634238754470265
3 0.20398651344210544 0.22689921107673117 0.15584489568896595 0.17612484066922146 0.12938320856936442 0.20121443638829734 0.1775248263225039 0.25198880679580704
1 0.5049748498227216 0.4121029276718112 0.3343657332617625 0.2443171212299086 0.278561838713969 0.3010600207120324 0.44917095527492806 0.468845827153935