2 0.9253345187617261 0.6284157626055347 0.8566240412171668 0.5734473805698875 0.8255942304760786 0.6122346439962478 0.8943047080206378 0.667203026031895
3 0.3354983663977872 0.1549564290441041 0.24665929826958288 0.08726951348568696 0.20521182314711003 0.14166931935318197 0.2940508912753143 0.2093562349115991
2 0.824433001946104 0.5523524180705063 0.75637158244344 0.49770813299299516 0.728506534915517 0.5324150504056662 0.796567954418181 0.5870593354831773
2 0.21413475187925018 0.11716857935915878 0.18646134347650298 0.08254834599330153 0.1630121399755757 0.1012922804533234 0.1906855483783229 0.13591251381918065
2 1.0260604194807004 0.7176085944309466 0.9470741486896197 0.6502069778557907 0.9153261578083562 0.6874116553136985 0.994312428599437 0.7548132718888543
3 0.6548008613771221 0.19918044424141326 0.5587595494738214 0.1335807912473839 0.5107640323115321 0.20384873053302602 0.6068053442148327 0.2694483835270554
3 0.8991368650901811 0.4160714567657193 0.8037722330794959 0.2873292085029212 0.7527397937296954 0.3251310168826155 0.8481044257403807 0.4538732651454136
1 0.6715842754791519 0.6878392200908164 0.46927083413461546 0.4740740745192307 0.40783358472334547 0.5322200427120398 0.610147026067882 0.7459851882836256
2 0.7654700579069266 0.6276648966202001 0.6916666658653849 0.5611111105769232 0.6573027392197418 0.5992182491950931 0.7311061312612834 0.6657720352383699
3 0.25201390618394914 0.4274764772268107 0.21364790776658543 0.4183320385117772 0.18381701770534112 0.5434891877413631 0.22218301612270486 0.5526336264563966
2 0.3014044543551321 0.29597381995464633 0.267611352092674 0.25795657691851415 0.24205819088956085 0.28067049620101375 0.2758512931520189 0.31868773923714594
1 0.5044088256804733 0.41999921505917154 0.3421875 0.27777777884615384 0.2898192921730259 0.33751026589879624 0.45204061785349925 0.47973170211181393
0 0.49985700918666176 0.6910710562125618 0.4923910400798667 0.6406342751899913 0.47286279761223565 0.6435249682916802 0.4803287667190307 0.6939617493142507
2 0.31289085630974517 0.8252019834849933 0.27606194685473995 0.8101356113035193 0.23231932151731913 0.917062027860321 0.2691482309723243 0.9321284000417948
2 0.5626554532089407 0.45195172980429554 0.5111718672210448 0.41011110461876105 0.4852498753980245 0.44200730810712074 0.5367334613859204 0.48384793329265524
2 0.22018448140036184 0.7612359220526905 0.17989749878718314 0.7402912692725944 0.12734161399910657 0.841382370610382 0.16762859661228527 0.8623270233904781
2 0.22711226802884618 0.28469328725961546 0.19074074038461536 0.24832175961538464 0.16579861177884617 0.2732638882211539 0.20217013942307696 0.3096354158653847
3 0.870860628906964 0.39035369644553186 0.6879311014867415 0.2759796763033442 0.6371969443187473 0.35712376289981757 0.8201264717389698 0.4714977830420052
2 0.5501184440242166 0.264267721900716 0.500132718925337 0.23464655033247445 0.47806842155049334 0.2718800507204653 0.528054146649373 0.3015012222887069
2 0.12231828741384324 0.19620439004549894 0.08512757987561795 0.15212651179572856 0.06063623075884339 0.17279108637114565 0.09782693829706866 0.21686896462091604
2 0.8311506991029456 0.09695921831125989 0.7880897383471204 0.09426790438232364 0.7861327261888975 0.12558005375213613 0.8291936869447227 0.1282713676810724
3 0.24947916586538474 0.9481481490384615 0.18539402163461552 0.9481481490384615 0.18539402163461552 1 0.24947916586538474 1
2 0.01458333413461539 0.03664021153846154 4.4871317780658846e-18 0.03664021153846154 6.722598218208216e-18 0.07314814903846154 0.014583334134615393 0.07314814903846154