2 0.18657424575502532 0.5896087487017789 0.1509659365005169 0.5695790749524676 0.09542686707438312 0.6683151993939046 0.13103517632889156 0.6883448731432159
2 0.4163975150381019 0.4025384759949148 0.3998032707402274 0.3573032096323603 0.34278069569179276 0.37822154651720524 0.3593749399896673 0.4234568128797598
2 0.5711415237315006 0.37787353120425227 0.5094331492283964 0.3750966565944745 0.5071587462127722 0.4256389866532159 0.5688671207158765 0.4284158612629937
2 0.7537391020541259 0.4893255820237624 0.6834001227680806 0.4393067547139928 0.6524391529091934 0.4828456206712675 0.7227781321952388 0.5328644479810372
2 0.8166793597367307 0.46852604530433634 0.7648630521273163 0.43782007722557953 0.742392660114226 0.4757388538512845 0.7942089677236405 0.5064448219300413
2 0.9016217386454032 0.537094618242461 0.8451530128884811 0.5002170859850756 0.8227210052476231 0.5345661004149961 0.8791897310045453 0.5714436326723814
2 0.855341284032908 0.4046374887097536 0.8066431208055468 0.3678433231855767 0.782983764418892 0.3991571791395746 0.8316819276462533 0.4359513446637514
3 0.7153347043007441 0.24369055584448882 0.677974308982255 0.18064485843410782 0.5816433992856452 0.2377298145133217 0.6190037946041342 0.3007755119237027
2 0.5135016506802382 0.2754969222127321 0.47072298839224386 0.27429377037497915 0.4695838221431109 0.31479739321991834 0.5123624844311053 0.31600054505767133
2 0.7027993888448061 0.1472164600906016 0.6940511185739197 0.11441044373579468 0.6566310797123264 0.12438911990201354 0.665379349983213 0.1571951362568205
2 0.6462683836732681 0.15082924678299456 0.6392340686404544 0.11917483598364303 0.594730391167113 0.12906454422842997 0.6017647061999267 0.1607189550277815
2 0.5750000000000001 0.6203703701923077 0.5135416658653847 0.6203703701923077 0.5135416658653847 0.6768518509615385 0.5750000000000001 0.6768518509615385
3 0.4553407965493523 0.6567105579637839 0.4100647523203869 0.6142642659835869 0.3332517625712966 0.6961981207208018 0.37852780680026193 0.7386444127009988
2 0.227048333867446 0.7485908676892876 0.18539554687999033 0.7255390731970054 0.130924125559714 0.8239646647455096 0.17257691254716967 0.8470164592377917
2 0.2975307278759324 0.8658329998749518 0.2567324969444932 0.8487123144760981 0.20869579615855682 0.9631827557109036 0.24949402708999602 0.9803034411097573
2 0.11994156184842275 0.934578021939839 0.07578855994529497 0.9152610812191374 0.0388188759515123 0.999763205615378 0.08297187785464008 1.0190801463360795