3 1.014150587001431 0.4248433705970852 0.880421599832197 0.3496208413529673 0.8263476718417527 0.44575230216780903 0.9600766590109865 0.5209748314119269
1 0.03802083413461539 2.328104641193458e-18 0 0 3.798672881832091e-18 0.06203703605769231 0.03802083413461539 0.06203703605769231
2 0.3042752302101688 0.6143926512210025 0.2701514496682099 0.5939728366996226 0.2265544691253244 0.6668282387298343 0.26067824966728326 0.6872480532512141
1 0.24253851746134567 0.24166984715781373 0.11608236266941711 0.11647825332286504 0.0704816576627906 0.16253957129395438 0.19693781245471917 0.287731165128903
2 0.6654573764891841 0.17932630873511762 0.6519835568281425 0.14564176152585315 0.6091195723202307 0.16278735631818686 0.6225933919812723 0.19647190352745134
2 0.8311651085445101 0.5499329300661422 0.7632044998066939 0.49623564992905916 0.734878828199945 0.5320853220239539 0.8028394369377612 0.585782602161037
0 0.17658918525065287 0.307597159108846 0.17167661566946477 0.27266335113007184 0.15878059687917861 0.27447685481870737 0.1636931664603667 0.3094106627974815
2 0.18785889038545703 0.823155711387472 0.14367739159094928 0.801449453145821 0.08474938074888425 0.9213931030829463 0.128930879543392 0.9430993613245975
2 0.4982172432237123 0.4531276153575837 0.4676550539809344 0.42896696743427015 0.41919869281809585 0.49026219778469726 0.4497608820608737 0.5144228457080108
2 0.2740215897946484 0.24289198295444664 0.23027803906695526 0.20660104115356165 0.20667853047029153 0.23504688053438524 0.25042208119798465 0.27133782233527026
0 0.5025976071073658 0.038765276566016554 0.49476180974311224 0.014000287216584546 0.48035159300276686 0.018559769829683666 0.4881873903670204 0.04332475917911568
2 0.297022626614092 0.2221076467733118 0.2579934535752881 0.1824589563796987 0.23537720901379044 0.2047218183737682 0.2744063820525944 0.24437050876738134
0 0.6460037178073006 0.853572206441458 0.6265349356427129 0.8051165836113238 0.607636361116296 0.8127097628789983 0.6271051432808838 0.8611653857091326
2 0.9631615749612348 0.6545973191768663 0.8916564957536711 0.5951378980731497 0.8583464530995227 0.635196095650242 0.9298515323070864 0.6946555167539585