3 0.9972335655605024 0.41232556223452654 0.8654828356077929 0.3382157338804852 0.8113439730009382 0.4344625452101134 0.9430947029536476 0.5085723735641549
1 0.0970879161783848 0.055345793957750716 0.01364909128205227 -0.01596943756776258 -0.024589472857525725 0.028769684626463017 0.05884935203880682 0.10008491615197632
2 0.3741228795211482 0.5013054176936242 0.34223592132216996 0.4806513658794857 0.3037694289280238 0.540038233215308 0.335656387127002 0.5606922850294467
1 0.24201768557429557 0.23981799289243616 0.11556152934717692 0.11462640088681571 0.06996082225522843 0.16068772216011362 0.19641697848234704 0.2858793141657341
2 0.6351765147735915 0.19251934937097911 0.6173810378755855 0.1632594833494584 0.5767593811808508 0.1879650562573521 0.5945548580788569 0.21722492227887283
2 0.8306442755792235 0.5471551521439028 0.7626836656720786 0.4934578710829054 0.7343579940653299 0.5293075431778 0.8023186039724747 0.5830048242387973
0 0.18023501627751243 0.30944901109139705 0.17532245049024417 0.27451520237969357 0.16242643302508247 0.2763287044433876 0.16733899881235073 0.31126251315509107
2 0.22727844935911282 0.7529201870013729 0.1864839218389237 0.7309709577039236 0.12929409181491533 0.8372631679302055 0.17008861933510444 0.8592123972276547
2 0.5886160451360479 0.3494987792959474 0.5606581396568815 0.3255947690950978 0.5190254945049902 0.3742879192495804 0.5469833999841567 0.39819192945043
2 0.273500757083872 0.2419660586549362 0.2297572037510811 0.20567511469278518 0.20615769613442453 0.23412095289235 0.24990124946721542 0.270411896854501
0 0.4600048359469628 0.02007605786756505 0.45267526630125116 -0.0016411837602005297 0.43846102556768607 0.003156122877691087 0.4457905952133977 0.024873364505456665
2 0.30002223513089843 0.21792005884593582 0.2579333467366217 0.18228925248565642 0.23675517418749445 0.20730596784713165 0.27884406258177113 0.24293677420741105
0 0.6944412186388871 0.9146833190881074 0.6760672625569661 0.8689525960117327 0.6560796171589016 0.876983348512884 0.6744535732408224 0.9227140715892587
2 0.941446363175001 0.6334850118921008 0.8712196741782992 0.577102297610829 0.8386885788728341 0.6176209413451873 0.9089152678695359 0.6740036556264593