2 0.5984885030547635 0.37583525766737796 0.5399326186057976 0.3428975688643324 0.5186541788336361 0.38072590187225636 0.5772100632826019 0.4136635906753019
2 0.7783814024947342 0.4968489958317916 0.7187332601869394 0.4544325400584232 0.6912707041198053 0.4930517604190434 0.7509188464276002 0.5354682161924118
2 0.8185861278394753 0.4578512014123503 0.7670562760821065 0.41986713667839176 0.742355871134486 0.4533761414205816 0.7938857228918549 0.4913602061545402
2 0.8505341889065898 0.3843839054190847 0.8048076929477699 0.35389957184868565 0.7831730762853704 0.3863514937219076 0.8288995722441903 0.4168358272923066
2 0.9337400157038147 0.6300126032542328 0.8536131958458354 0.5633838553397555 0.8239961134150007 0.5990009531081315 0.90412293327298 0.6656297010226088
2 0.9605990542681783 0.13009091883532697 0.9087319150178149 0.1271733878762039 0.9066426566918075 0.16431570240285878 0.9585097959421709 0.16723323336198184
2 0.643190697629322 0.13861393602296757 0.6421151231793545 0.10412831364125658 0.5979748795019835 0.10550500673930258 0.599050453951951 0.13999062912101357
2 0.7001942807612391 0.13447976150539573 0.6969561753251495 0.09993994527858491 0.6603852398865706 0.10336846800345748 0.6636233453226601 0.1379082842302683
3 0.43506258053168845 0.23189064881333069 0.34785069595816115 0.1564188241174978 0.29997070313149826 0.2117468147233854 0.3871825877050256 0.28721863941921827
2 0.25706244533931655 0.14632735237221794 0.22709712984302774 0.11649521563793494 0.20706029193275166 0.1366215034354642 0.23702560742904047 0.1664536401697472
2 0.22432721340599945 0.7303351877233989 0.18276741059453075 0.7098799712234609 0.13302335994039746 0.8109472435368953 0.1745831627518662 0.8314024600368334
2 0.30814749731552465 0.8081370468687806 0.2706222043887266 0.7924568341575923 0.22652873924712613 0.897979649828038 0.26405403217392415 0.9136598625392265
3 0.24385022299399745 0.9368579081537496 0.17740614307501146 0.9329915502729468 0.17350694471153855 1 0.23995102463052456 1.003866357880803