3 0.9555996315323099 0.4867299935136663 0.8905196454575979 0.3324663218909873 0.802312391303794 0.36967875701349107 0.8673923773785059 0.52394242863617
1 0.22496429566487786 0.1671443702349123 0.09863528660304731 0.06386810095385968 0.06061534229523949 0.11037464037890962 0.18694435135707005 0.21365090965996222
2 0.265625 3.060022410588431e-17 0.2341145841346154 2.8670767609417044e-17 0.2341145841346154 0.016666665865384647 0.265625 0.016666665865384647
1 0.2413653075988164 0.24761079968419042 0.11451986266941715 0.12203380861132662 0.06891915766279062 0.16809512658241593 0.19576460259218986 0.29367211765527973
2 1.0289840890349962 0.7222440260302304 0.9493451551711399 0.6548248219054329 0.9162515438267516 0.6939166498109264 0.9958904776906077 0.7613358539357239
2 0.5237961150481892 0.5123361171330774 0.5128815117726704 0.4327808018159877 0.4876077339116784 0.436248241515357 0.49852233718719724 0.5158035568324467
2 0.8288671685896496 0.5519924207523306 0.7588108288421054 0.5003519744237732 0.7312628660336323 0.5377240263534611 0.8013192057811765 0.5893644726820184
0 0.1812766853734661 0.3196341950537064 0.17636411517145437 0.2847003871948664 0.1634680961643295 0.28651389114940157 0.1683806663663413 0.32144769900824155
2 0.4522845274319132 0.24689580000914232 0.44433965485930543 0.19275296017252547 0.42363511161676537 0.1957911265899578 0.43157998418937316 0.24993396642657467
3 0.33776014289949546 0.14952550549331356 0.2571741907894213 0.07964067153185415 0.21222691735202787 0.13147049811056147 0.29281286946210205 0.2013553320720209
2 0.27297992392926385 0.24752161276213883 0.2292363732015707 0.211230670961254 0.20563686460490696 0.23967651034207768 0.2493804153326001 0.2759674521429625
2 0.6435299741765932 0.6653422850766257 0.5815593507659851 0.6255586782226972 0.5550285008674648 0.6668855823885576 0.6169991242780729 0.7066691892424861
2 0.3010639034001291 0.2262533929805512 0.2589750136055527 0.1906225854348328 0.23779684123831815 0.2156393005814473 0.2798857310328946 0.2512701081271657
3 0.10095202610051747 0.16372953190687028 0.06249536522048647 0.0953621265165647 0.02767834986114628 0.11494669528709225 0.06613501074117728 0.18331410067739784
2 0.9303948707733732 0.6328708093464438 0.8614402743329879 0.5756640287184057 0.8288316969546378 0.6149690074103403 0.8977862933950231 0.6721757880383783
2 0.09423148012947531 0.10003264685338373 0.06690093709050851 0.06708959018097634 0.046548423346030265 0.08397464302765187 0.07387896638499705 0.11691769970005926
3 1 0.45370370432692325 0.9614583341346153 0.45370370432692325 0.9614583341346153 0.5578431370192309 1 0.5578431370192309
2 0.13562911734240415 0.044719126676020585 0.11084152816846136 0.012670528580493941 0.09035142694493335 0.028518342258565792 0.11513901611887613 0.06056694035409244
2 0.021875 1.3394574365674177e-18 0 0 1.020538950225086e-18 0.016666665865384615 0.021875 0.01666666586538462