2 0.9257861897279549 0.6371104335131333 0.8577602750938086 0.5826897018058164 0.8261884598968104 0.6221544708020641 0.8942143745309568 0.676575202509381
3 0.3391441993971911 0.16143790659282214 0.2503051255261869 0.09375099642147355 0.2087938870922102 0.14823449948546707 0.2976329609632144 0.2159214096568157
2 0.8264657195787216 0.5613918333240738 0.7584070795516601 0.506749769663712 0.7304545422360361 0.5415656522927403 0.7985131822630976 0.5962077159531022
2 0.21778058718626137 0.12272413611432129 0.1901071776111184 0.08810390128176306 0.16665797411019106 0.10684783574178493 0.194331383685334 0.14146807057434316
2 1.0262317320947523 0.726091427746559 0.948464864535777 0.6583760549384992 0.9164215324917081 0.6951758162908102 0.9941884000506833 0.7628911890988701
3 0.8576445202394278 0.3322744445829367 0.7417715576812095 0.26366544755303856 0.6914351265934899 0.34867807923747984 0.8073080891517084 0.41728707626737793
3 1.0268499879201693 0.4617260215133493 0.9046875000000001 0.4027777788461539 0.868513741507138 0.47774314057644646 0.9906762294273073 0.5366913832436419
2 0.5250977633643824 0.42844600791749543 0.4723994042141779 0.38586146767711893 0.44795646767791764 0.4161095962468431 0.5006548268281221 0.4586941364872196
2 0.48135756087698706 0.4559963784830025 0.4336791113350405 0.4112978363353644 0.40767895354541805 0.43903134064431115 0.4553574030873646 0.4837298827919493
1 0.3821577212158941 0.3876928616219542 0.2330576564254988 0.24912704209450887 0.18347372427570588 0.30248051354446037 0.3325737890661011 0.4410463330719057
2 0.36206774152798804 0.28610590543716097 0.3102002615636947 0.2420060209511097 0.2849495569829481 0.2717042940688186 0.3368170369472414 0.31580417855486986
3 0.1788600638076949 0.24841019352749877 0.13456012212577073 0.1768143454560982 0.09881725461319728 0.1989302500651568 0.1431171962951214 0.27052609813655737
2 0.15425287409193103 0.1661270739390494 0.12413793098055585 0.13224776619637799 0.10316451259611584 0.15089080655292447 0.13327945570749103 0.18477011429559587
1 0.31748455538719794 0.26228221703454385 0.1816074571423512 0.1477140973922979 0.13689448478937763 0.20074341266949336 0.27277158303422433 0.3153115323117393
0 0.3026041658653847 0.43240740625 0.28750000000000003 0.43240740625 0.28750000000000003 0.4657407403846153 0.3026041658653847 0.4657407403846153
2 0.31500006257610735 0.8323481480572134 0.2781890623892658 0.8173759821030042 0.23497583153253018 0.9236212811470038 0.2717868317193718 0.9385934471012128
2 0.44977864832931375 0.18116650473951787 0.40801192070930103 0.14669237816915034 0.3873128343619682 0.1717701158077681 0.42907956198198083 0.20624424237813563
2 0.26044899345166733 0.2023435531290579 0.23649066404737942 0.1810472521343647 0.23281249999999995 0.18518518509615392 0.2567708294042879 0.20648148609084713
2 0.2227886479669842 0.7667914794110735 0.18250166659388287 0.7458468264518049 0.13058203388061854 0.8457140947271626 0.17086901525371984 0.8666587476864311
2 0.08339407903426667 0.16408207171295397 0.05554521776037602 0.12645517079538388 0.029900357846508498 0.14543574396813128 0.05774921912039914 0.18306264488570137
3 1 0.4694444447115386 0.9182291658653846 0.4694444447115386 0.9182291658653846 0.6182098774038463 1 0.6182098774038463