3 0.34279795909772537 0.8346613155001769 0.29593606117188875 0.813157254266685 0.23591612201463735 0.9439533969935029 0.2827780199404739 0.9654574582269948
2 0.4561682458288328 0.69369782683364 0.42387149150692977 0.6659428034790784 0.3713105504294881 0.7271046255831538 0.40360730475139117 0.7548596489377155
2 0.23792255060091858 0.7746184319741805 0.2015824738135893 0.7555175520217557 0.15627700254971677 0.8417127591910606 0.19261707933704605 0.8608136391434852
1 0.2548010364433945 0.27304332822157157 0.12917636740102795 0.14811968755343455 0.08415127646429088 0.193397443767377 0.20977594550665746 0.31832108443551405
3 0.774345445994325 0.5113721257619555 0.6999418482148124 0.45052652243609786 0.6643768503820672 0.49401633351752194 0.7387804481615797 0.5548619368433796
2 0.7184700409328539 0.19824667775534588 0.7121980933492763 0.16384897101473866 0.6707838704678978 0.1714002835800023 0.6770558180514754 0.20579799032060955
2 0.2655476681808193 0.547670012724854 0.2330748279343715 0.523177002467982 0.17886066414313595 0.5950541568652702 0.21133350438958376 0.6195471671221421
2 0.4445560421902732 0.40955225937204026 0.4345385907162826 0.36588242611281946 0.37326967033874187 0.37993694363530656 0.3832871218127325 0.42360677689452736
2 0.5944690948079532 0.4000333715336101 0.5375726505669763 0.37213014183165105 0.5207846937303031 0.4063618440496436 0.57768113797128 0.43426507375160267
2 0.2673176178827623 0.8316806033355759 0.2290840537605867 0.8138051707757158 0.17138970494888447 0.9372069725163191 0.20962326907106008 0.9550824050761791
3 0.924359579633171 0.6416079508343814 0.8441946459539845 0.57435348019763 0.8069939917888499 0.6186953350324926 0.8871589254680364 0.6859498056692441
2 0.06519584627916693 0.08269038065880147 0.033366537822652746 0.048739125160728654 0.01387011936167083 0.06701702115862763 0.04569942781818502 0.10096827665670044