3 0.959174349129068 0.4795713019565244 0.8926845476856783 0.32574405565955106 0.8046661842396923 0.36378883413525387 0.871155985683082 0.5176160804322273
1 0.19903853275449915 0.13493991029337368 0.0740419060067889 0.036177143955189034 0.03415575886487153 0.08665804917437485 0.15915238561258177 0.1854208155125595
2 0.4514617278700567 0.17167309479696657 0.44272706740881185 0.12909159953729848 0.41751336325576116 0.13426363831621319 0.426248023717006 0.1768451335758813
1 0.24032364184464258 0.23742561546104474 0.11347819718531396 0.11184862136244794 0.06787749186920852 0.15790993843824053 0.19472293652853714 0.2834869325368373
2 1.0298654499572917 0.708561680883016 0.9487754639510222 0.6501184580227738 0.9172956656633328 0.6937966858428464 0.9983856516696024 0.7522399087030885
2 0.5377800522409099 0.28481671149762017 0.5131147530014 0.27516507423840536 0.4886304666914721 0.33773603834334237 0.5132957659309819 0.34738767560255723
2 0.8304296685896495 0.5455109399830999 0.7603733288421056 0.49387049365454266 0.7328253660336326 0.5312425455842303 0.8028817057811766 0.5828829919127876
0 0.18075584995782915 0.31037493673161315 0.17584328479138403 0.2754411278999757 0.16294726754306085 0.27725462969777037 0.16785983270950597 0.31218843852940775
2 0.41878749692199474 0.4262611608712118 0.3863651355943541 0.40847952276449295 0.34914136818786223 0.476351921785667 0.3815637295155029 0.49413355989238583
2 0.9410662058104767 0.1774719126770362 0.9397495415579906 0.13970008877431017 0.8889954811191212 0.14146929264491157 0.8903121453716073 0.17924111654763758
3 0.2503375722043411 0.0765282580997258 0.16916247918272104 0.017323631494542087 0.1319523216887148 0.06834224556448748 0.21312741471033486 0.1275468721696712
2 0.27245908833550825 0.24011421365438945 0.22871554155464474 0.2038232616683581 0.2051160274831823 0.2322690970983025 0.24885957426404587 0.2685600490843339
2 0.39349511467211684 0.681732945267058 0.35751417564441523 0.6607299220822048 0.31314638152045576 0.7367377844321876 0.34912732054815737 0.7577408076170405
2 0.3005430692655138 0.21792005884593582 0.2584541808712371 0.18228925248565644 0.23727600832210985 0.20730596784713168 0.27936489671638653 0.24293677420741105
3 0.06247745278823074 0.11570867083668354 0.018775441680844565 0.05355470247212822 -0.01224345531709126 0.07536486547236737 0.03145855579029492 0.13751883383692268
2 0.9324782049079888 0.6282411795387517 0.8635236070437645 0.5710343977294545 0.830915028685407 0.610339377602648 0.8998696265496313 0.6675461594119452
2 0.025000000000000005 0.009259259615384617 1.1339322650455121e-18 0.009259259615384615 3.6852797142047895e-18 0.050925925480769234 0.02500000000000001 0.050925925480769234