2 0.9242886183747655 0.6079494139305818 0.8548582888719511 0.5524051503283303 0.8232413059920263 0.5919263789282364 0.8926716354948406 0.6474706425304879
3 0.33649391219096747 0.1485877817384886 0.24884377438505662 0.07933335519669155 0.20630522603380536 0.13317120804210228 0.2939553638397162 0.20242563458389934
2 0.8083746435602523 0.522760648590118 0.742580281657882 0.4695935002839278 0.7154214667566033 0.5032025418327329 0.7812158286589737 0.556369690138923
2 0.20580141910733707 0.10513154152167307 0.1781280072009959 0.07051130850321637 0.1546788071096697 0.08925524279896566 0.18235221901601084 0.12387547581742236
2 1.0259102018027357 0.6974179036677491 0.9471932272021578 0.6297796121207366 0.9153915685381089 0.6667901619152156 0.9941085431386869 0.7344284534622282
2 0.30768252217512976 0.8159427238696088 0.26931231578162323 0.8002458211168726 0.22589417406603493 0.9063790554939058 0.2642643804595414 0.9220759582466419
2 0.22025590335677434 0.7385743847374815 0.18021991829193726 0.7180708819026969 0.12810599373949705 0.8198306798193662 0.16814197880433415 0.8403341826541509
2 0.6452030519169496 0.13165118651198818 0.6423368411700918 0.10048115828196355 0.5988989221768348 0.10447545143180709 0.6017651329236927 0.1356454796618317
3 0.25886227143616086 0.9577714938084512 0.2074226879815818 0.932369229397081 0.17435892858952656 0.9993233395908347 0.22579851204410561 1.024725604002205
2 0.7046507345305429 0.12327205899321268 0.6976409305712669 0.09172794117647058 0.6605698521776018 0.09996595859728506 0.6675796561368779 0.13151007641402718
2 0.7634294996971109 0.16111452203065085 0.742209857223551 0.15062526740905866 0.7211595077123962 0.1932098843989719 0.7423791501859562 0.2036991390205641
2 0.28195206997369404 0.05704533563543042 0.2702125493398831 0.020522372769527262 0.23676360842780814 0.03127381518284301 0.2485031290616191 0.06779677804874616
2 0.36154756575055175 0.11660029286314809 0.3525391012227507 0.07656267119967865 0.316647765906904 0.08463822133514597 0.32565623043470515 0.12467584299861544
2 0.9181306755442763 0.424852155147215 0.8691447959889786 0.39318451051005066 0.847653345182183 0.42642909288277253 0.8966392247374807 0.4580967375199369
2 0.9295822291461098 0.5354106515514669 0.872538736517259 0.4903392482346622 0.8459646536655938 0.523972070550231 0.9030081462944446 0.5690434738670358