3 0.9561204665278262 0.48395221670816596 0.8910404792290211 0.32968854218393273 0.8028332250752169 0.36690097730643634 0.867913212374022 0.5211646518306696
1 0.21506846033655733 0.15418140895321342 0.09041280790557481 0.05227313580846937 0.051747054029789505 0.09956963713644226 0.17640270646077202 0.2014779102811863
2 0.37562763425807666 0.08798639502661429 0.37146097103354736 0.05094935867182604 0.34080726471279976 0.054397897847549476 0.3449739279373291 0.09143493420233773
1 0.24032364184464264 0.2429811707495063 0.11347819838717635 0.11740417784075327 0.06787749307107091 0.16346549491654588 0.19472293652853717 0.2890424878252989
2 1.028984089671117 0.7194662533891866 0.9493451586989662 0.652047042747411 0.9162515460210883 0.6911388670299031 0.9958904769932393 0.7585580776716788
2 0.517205096830347 0.3385215625367758 0.4943249434838968 0.3346045787872883 0.48195694115793697 0.406849399778501 0.5048370945043872 0.41076638352798855
2 0.8293880027242649 0.5501405697907923 0.7593316629767208 0.498500123462235 0.731783700168248 0.5358721753919227 0.801840039915792 0.5875126217204799
0 0.1812766849191671 0.3159304908862304 0.17636411533797894 0.2809966829074563 0.1634680965476928 0.2828101865960917 0.16838066612888092 0.31774399457486585
2 0.4572474075035109 0.3056356343953043 0.43064814214113273 0.29785535141753794 0.4134841078032491 0.3565358268381644 0.44008337316562723 0.3643161098159307
3 0.30553453999408525 0.11660481988360646 0.21910758333592878 0.057509448643702124 0.18084451538805293 0.1134691701202655 0.2672714720462093 0.17256454136016983
2 0.2724590909759073 0.24381790941522308 0.22871553906695533 0.20752696663433087 0.2051160292890327 0.23597280743899343 0.24885958119798465 0.27226375021988564
2 0.5034805660749188 0.6412150205567043 0.4868770133103775 0.5898478283584362 0.4310492622256453 0.6078931793148055 0.4476528149901865 0.6592603715130736
2 0.30054306926551383 0.22254968865362804 0.2584541808712371 0.18691888229334871 0.23727600832210985 0.21193559765482403 0.2793648967163866 0.24756640401510335
3 0.08845202630003524 0.1489147168033894 0.049995365092438154 0.08054731162047658 0.015178349793894456 0.10013188058303338 0.05363501100149153 0.1684992857659462
2 0.9303948711531033 0.6319448803602714 0.8614402716512894 0.5747381024965814 0.8288316944374194 0.6140430846346077 0.8977862939392333 0.6712498624982979
2 0.06789583233846155 0.07640740802980753 0.04228472226666656 0.042259258804807714 0.021284722233974374 0.05800925769350974 0.046895832305769374 0.09215740691850954
3 1 0.45740740625000015 0.9708333341346154 0.45740740625000015 0.9708333341346154 0.5546296298076924 1 0.5546296298076924
2 0.08177083413461537 8.164312043380063e-18 0.0515625 6.31458505810354e-18 0.0515625 0.012962963942307698 0.08177083413461537 0.0129629639423077