3 0.9561204665278263 0.4830262912273967 0.8910404792290212 0.3287626167031635 0.8028332250752169 0.3659750518256671 0.867913212374022 0.5202387263499003
1 0.21350596151449033 0.15232955655081054 0.08885030908350776 0.050421283406066504 0.049866617570515595 0.09810669058412769 0.17452227000149817 0.20001496372887173
2 0.386922315604199 0.09619929740200336 0.3805056834749342 0.05912544015290407 0.35086474952832525 0.0642556041880436 0.35728138165759005 0.10132946143714287
1 0.24032364184464264 0.2429811707495063 0.11347819838717635 0.11740417784075327 0.06787749307107091 0.16346549491654588 0.19472293652853717 0.2890424878252989
2 1.028984089671117 0.7194662533891866 0.9493451586989662 0.652047042747411 0.9162515460210883 0.6911388670299031 0.9958904769932393 0.7585580776716788
2 0.5175719295651888 0.3301618664293707 0.4946917738833383 0.3262448822800727 0.4824777729571521 0.39759013976330604 0.5053579286390026 0.401507123912604
2 0.8293880027242649 0.549214644310023 0.7593316618286126 0.49757419713516354 0.7317836990201394 0.5349462490648513 0.8018400399157918 0.5865866962397107
0 0.1812766849191671 0.3159304908862304 0.17636411533797894 0.2809966829074563 0.1634680965476928 0.2828101865960917 0.16838066612888092 0.31774399457486585
2 0.45407093085933514 0.3190478496692289 0.42655648097919896 0.3102039183483826 0.40689968705681656 0.3713583813988484 0.43441413693695274 0.3802023127196947
3 0.30092083021933 0.11326304940047227 0.21519935421360661 0.05379232760517995 0.17665705371256 0.10934744427214103 0.26237852971828346 0.16881816606743336
2 0.2724590897946484 0.2428919829544466 0.2287155390669553 0.20660104115356165 0.20511603047029153 0.23504688053438524 0.24885958119798463 0.2713378223352702
2 0.4933713519552948 0.6354379712986244 0.4680143450014164 0.5903588322207465 0.4118323462895538 0.6219611955568864 0.4371893532434321 0.6670403346347644
2 0.30054306926551383 0.22254968865362804 0.2584541808712371 0.18691888229334871 0.23727600832210985 0.21193559765482403 0.2793648967163866 0.24756640401510335
3 0.08572267825729683 0.14684030923240343 0.047391193974327596 0.07869546189371203 0.012574183155969225 0.09828003439015842 0.05090566743893846 0.1664248817288498
2 0.9303948711531036 0.631018954879502 0.8614402716512898 0.573812177015812 0.8288316944374196 0.6131171591538386 0.8977862939392334 0.6703239370175285
2 0.06372916753461519 0.0727037022096153 0.038118053351282 0.03855555489038484 0.01711805457051282 0.054305556247596316 0.042729168753846 0.08845370356682677
3 1 0.46018518509615397 0.9729166658653846 0.46018518509615397 0.9729166658653846 0.5574074062500002 1 0.5574074062500002