2 0.8917201146644478 0.44475983337326713 0.821397782283814 0.3986107903871288 0.7944576005936799 0.4396624848237248 0.8647799329743135 0.48581152780986303
0 0.18964884456150494 0.3145361065276581 0.18285454087104863 0.27484875517208185 0.1719864687836678 0.27670932232431794 0.1787807724741241 0.31639667367989416
2 0.42451538121873195 0.6901906892436954 0.38565618513791383 0.6551157463480173 0.32315564043350725 0.7243595061753708 0.3620148365143254 0.7594344490710488
2 0.3259468924034533 0.5685400534448287 0.2867016703146196 0.5456900385390009 0.23204566148185013 0.6395625026914955 0.2712908835706838 0.6624125175973234
2 0.44084600907798727 0.1726151166654054 0.414703879406459 0.12614023479296876 0.38859111904215965 0.14082866734022656 0.414733248713688 0.18730354921266318
2 0.2971379643573732 0.203177204981819 0.25620745017594576 0.16159697482540586 0.23207022408512756 0.18535704231647473 0.273000738266555 0.2269372724728879
2 0.2433270692461108 0.1609460160382835 0.20506683972595321 0.12207848328975214 0.18879901535162594 0.13809212373310892 0.22705924487178353 0.1769596564816403
3 0.2509816743023356 0.21736128370069885 0.20220444551937083 0.13684014182527038 0.17257306234522896 0.15478992150520643 0.22135029112819365 0.2353110633806349
3 0.2337928726570112 0.2633316085069373 0.18916256430605627 0.15143795363683854 0.13865608320716907 0.17158315157305665 0.18328639155812398 0.2834768064431554
3 0.17455320237157118 0.16759223997254338 0.0843245515778991 0.08121951324002546 0.04191486453563017 0.1255224892738383 0.13214351532930227 0.21189521600635622
2 0.81882403589069 0.5379626133843955 0.7597030734044444 0.4813681801320758 0.7287141122321018 0.5137405727097979 0.7878350747183472 0.5703350059621177
2 0.9115120992465768 0.6193242015670914 0.845649505450676 0.5470811717757909 0.8099483765157536 0.5796292108030664 0.8758109703116544 0.6518722405943669
2 0.8846703272724277 0.5058228234691167 0.8184980532279097 0.4499899645597832 0.7853682388259545 0.4892549278891769 0.8515405128704725 0.5450877867985104
2 1.0226575370465842 0.6918525230940307 0.9318467910466689 0.6444964011495085 0.9058758155038407 0.6942986984354372 0.9966865615037561 0.7416548203799594
3 0.07890725219601837 0.10634819032624236 0.031955402819515887 0.06012996145357555 0.007096378171988049 0.0853835726231665 0.05404822754849053 0.1316018014958333
1 0.14356321756728924 0.07900063861503238 0.024137929914021798 -0.0271551714545523 -0.019540230373991233 0.021982759414631688 0.09988505727927621 0.12813856948421637
3 0.32480020753459315 0.06426852941521277 0.323329120057924 -0.0011131856280199794 0.2651294172992084 0.00019630669437627841 0.26660050477587754 0.06557802173760903
2 0.4434216695450075 0.3942850564321271 0.4120520634964399 0.3750355252795136 0.3760060972517371 0.43377709938703524 0.40737570330030476 0.4530266305396487