2 0.5828452621501897 0.24038938055911446 0.5354478480859395 0.20403341780664136 0.5100107430568177 0.23719587338152753 0.557408157121068 0.27355183613400064
2 0.023958334134615393 0.04705882211538462 5.7630435875250446e-18 0.04705882211538462 8.607879555610608e-18 0.09351851923076923 0.023958334134615393 0.09351851923076923
3 1 0.5314814807692309 0.9447916658653847 0.5314814807692309 0.9447916658653847 0.6166666658653847 1 0.6166666658653847
0 0.310033749536063 0.4482000796033416 0.2994078847475442 0.4085301716418298 0.28506030280699124 0.41237327271205226 0.29568616759551 0.4520431806735639
3 0.7251565576989619 0.27365551503379926 0.6653690788478906 0.23258936743739375 0.6323217078031006 0.2807024511588586 0.6921091866541718 0.32176859875526415
2 0.8698994238510372 0.09208170183064647 0.8659649715083242 0.04311969078003971 0.8451174481882157 0.04479494032977305 0.8490519005309287 0.09375695138037979
2 0.805812816882881 0.406885780512613 0.753762309019582 0.36482475655702956 0.7277145323147398 0.39705887448122873 0.7797650401780388 0.43911989843681215
2 0.48494194250652584 0.37680501075127804 0.43620460105552133 0.3288291877891635 0.4099148192293782 0.355536266363823 0.45865216068038267 0.4035120893259376
2 0.3677470087931789 0.2730430089559234 0.32415429269884455 0.23737623750110765 0.30204981539944364 0.264392818033135 0.34564253149377794 0.30005958948795086
3 0.5949512619585001 0.5293985680183897 0.5106841437092218 0.45008834647958235 0.47023562296556537 0.4930649037805386 0.5545027412148438 0.572375125319346
3 0.4550847604678535 0.443209482751497 0.3621516062660927 0.3447162343309009 0.31266253138165845 0.3914115753952725 0.40559568558341924 0.48990482381586864
3 0.25859819095394204 0.25496857070632856 0.1659171102224679 0.17083255460760566 0.12352300516747752 0.21753231120803498 0.21620408589895168 0.30166832730675786
2 0.8235115377371787 0.5620366782449929 0.7633320824885667 0.504429007736192 0.7323431288578706 0.5368014041852878 0.7925225841064827 0.5944090746940888
2 0.9161995998228293 0.6461760557971336 0.8503370068660355 0.573933022237378 0.8146358753788175 0.6064810614790397 0.8804984683356114 0.6787240950387953
2 0.5797312553568157 0.289572045108819 0.5260741346539949 0.24664634111711442 0.49886094465433845 0.2806628227292165 0.5525180653571593 0.3235885267209211
2 1.0255757303777064 0.7270468219096871 0.9419729730247105 0.6651188832731211 0.9117840187576215 0.7058739911274923 0.9953867761106175 0.7678019297640583
3 0.10514013725315545 0.13921643423059 0.05881160813701991 0.09215253389910819 0.03434374362646816 0.11623808918464196 0.0806722727426037 0.1633019895161238
1 0.29085129247320746 0.21455299622667567 0.14761852205372106 0.08723500256025542 0.10417024916064592 0.13611431896483353 0.2474030195801324 0.2634323126312538