2 0.14563568493830156 0.1877670171278938 0.11592909841023201 0.14903843058539168 0.09041200243843812 0.16861120323484705 0.1201185889665077 0.20733978977734915
3 0.6719102509631042 0.2835115522399398 0.6058815286232451 0.23981606650994816 0.5726097611171427 0.29009339520225474 0.6386384834570017 0.33378888093224635
2 0.32892552681650256 0.8245556210938211 0.29124896512096676 0.8073185937496802 0.24648889588077544 0.9051548085769283 0.2841654575763112 0.9223918359210692
2 0.28224870025435583 0.9469504110347773 0.2346617828978951 0.9157823775454141 0.1823718933655138 0.9956178491225699 0.2299588107219745 1.026785882611933
0 0.5125539637382217 0.6982602448278001 0.5018811449989974 0.6531972528979406 0.4828292338495546 0.6577095496990564 0.4935020525887791 0.7027725416289159
3 0.33678178883559695 0.04946355828187355 0.33536306334178045 -0.000979939166358013 0.29003433579468063 0.00029493320820979705 0.2914530612884972 0.050738430656441354
2 0.1707754627403846 0.1464120372596154 0.1361979170673077 0.11183449158653848 0.11429398197115384 0.1337384266826923 0.14887152764423078 0.16831597235576928
2 0.746814263462628 0.17217268890174212 0.7384210184877106 0.13833742089103956 0.6969784778259472 0.14861774129657396 0.7053717228008645 0.1824530093072765
2 0.3917265317301215 0.10025460600732522 0.3555899168783696 0.07554581150127421 0.3372050635456991 0.10243366164815046 0.37334167839745097 0.12714245615420147
2 1.036721570872347 0.9027678760093607 0.954445217090346 0.8223860414975975 0.9170471210445817 0.8606655731818894 0.9993234748265826 0.9410474076936526
3 0.4965923528127606 0.5044737184525518 0.3865966107603404 0.3791224406371377 0.33370131697151656 0.4255380591516143 0.44369705902393675 0.5508893369670285
2 0.8271573688648439 0.5611107610625081 0.7669779226651497 0.5035030787634885 0.7359889616574714 0.5358754714257384 0.7961684078571655 0.5934831537247579
2 0.9203662664247048 0.6443242003702884 0.8545036737199067 0.5720811717757909 0.8188025434722407 0.6046292119998697 0.8846651361770388 0.6768722405943671
2 1.0270611899480977 0.7226687843982457 0.9456188189657839 0.6623410998688277 0.9154298614722395 0.7030961909176087 0.9968722324545533 0.7634238754470265
3 0.2547250034456016 0.2749847564261896 0.20280196335482714 0.22068614540738407 0.17371886983871815 0.24849684999571459 0.2256419099294926 0.3027954610145201
1 0.6101631690817325 0.5171728080564088 0.4248452314340331 0.3144318313999776 0.36252576637838285 0.3713957216301801 0.5478437040260823 0.5741366982866112