2 0.890252298808854 0.4465996592980038 0.819929957853607 0.4004506411127109 0.7928188977466124 0.44176274887733175 0.8631412387018594 0.48791176706262473
0 0.18912801008186042 0.31546203225125863 0.18233371083117084 0.2757746806620723 0.17146563549262586 0.27763524714414595 0.17825993474331542 0.31732259873333224
2 0.6524244096952808 0.7005296336386009 0.5784540791650803 0.6586878292564061 0.5502095088214751 0.7086201931888042 0.6241798393516758 0.7504619975709991
2 0.45671936898322024 0.3464776593766926 0.4232134252752707 0.32992899143655924 0.3877764734337638 0.40167787889252915 0.4212824171417133 0.4182265468326625
2 0.3074587809074336 0.04036343753129485 0.27878767865774734 0.009780934640276321 0.25587245892086496 0.03126395748152101 0.2845435611705512 0.06184646037253954
2 1 0.5509259254807694 0.98125 0.5509259254807694 0.98125 0.5955761322115386 1 0.5955761322115386
2 0.29663087223344053 0.20522785074380473 0.25629865842724464 0.16201476844055046 0.23166938840729354 0.18500208920985348 0.2720016022134894 0.22821517151310777
2 0.243847898911375 0.16372380610831108 0.2055876788956605 0.12485625738813658 0.1893198567831259 0.14086988504660042 0.22758007679884046 0.17973743376677492
3 0.2509816743023356 0.21921313466223735 0.2022044455193709 0.13869199278680885 0.17257306234522896 0.15664177246674488 0.22135029112819365 0.23716291434217338
3 0.23373181902465134 0.2652977395701037 0.18896497106447566 0.15160415799562627 0.13819107363037372 0.17159638020642035 0.1829579215905494 0.2852899617808978
3 0.17455320206610175 0.16944408996490312 0.08432454896233708 0.0830713662459074 0.04191486308663862 0.12737434374106377 0.1321435161904033 0.21374706746005948
2 0.8188240377371786 0.5416663080526851 0.7597030656154862 0.4850718861178836 0.7287141119847901 0.5174442825669794 0.7878350841064825 0.574038704501781
2 0.9104704334868926 0.6230279036061087 0.8446078407820946 0.5507848750116113 0.8089067093376255 0.5833329163267927 0.8747693020424234 0.6555759449212901
2 0.884149493137812 0.5076746768345026 0.817977217908513 0.4518418169255077 0.7848474046913391 0.49110677885071474 0.8510196799206381 0.5469396387597096
2 1.0223873754483594 0.6959585526056448 0.9308051251812842 0.6482001054764317 0.9048341506240044 0.6980024008724596 0.9964164008910795 0.7457608480016726
3 0.07942808392678759 0.10727411580701157 0.0324762357711349 0.0610558881361188 0.007617212306603436 0.08630949810393569 0.05456906046225612 0.13252772577482846
1 0.16006416155105746 0.0899508356963028 0.025961341168859405 -0.01841507455415943 -0.01337779355397221 0.03026710700583424 0.12072502682822582 0.13863301725629645
2 0.4777875943811296 0.21375797037877137 0.4552062814410394 0.212064373276171 0.4507575678810871 0.27138060198479375 0.4733388808211773 0.2730741990873941