2 0.23409292816841265 0.7458403898261756 0.19656013967205854 0.7261842089920876 0.15065870826631358 0.8138313837496588 0.1881914967626677 0.8334875645837467
1 0.24460013512696002 0.24966976083107678 0.11990928195908292 0.12533314195465883 0.075003452468743 0.1703669078875017 0.1996943056366201 0.2947035267639197
2 0.7152720152070037 0.17231635194626863 0.706097281272184 0.13791109671331653 0.6643765855625781 0.14903661460642617 0.6735513194973978 0.18344186983937824
2 0.8332484408645049 0.5582662459835951 0.7652878186834683 0.5045689900763074 0.7369621530037023 0.5404186779376878 0.8049227751847389 0.5941159338449755
0 0.08664453405004324 0.22202549257225684 0.0830560025747429 0.19012740925019583 0.06999217510602904 0.19159708865337646 0.07358070658132937 0.2234951719754375
2 0.2778099491905841 0.7776160112073955 0.24018388741193947 0.7591725215564333 0.1804131608313191 0.8811091557529658 0.21803922260996378 0.899552645403928
3 0.21541476207425048 0.5879498425236169 0.1692448374525142 0.5560561466416701 0.0952147001766521 0.6632235903400991 0.14138462479838837 0.6951172862220459
2 0.2644357928564252 0.25612438495679346 0.23178007855830934 0.2063632917178016 0.20659994914639127 0.22288775005548261 0.23925566344450713 0.2726488432944745
0 0.7033226415209852 0.10558867662647511 0.7016510694917136 0.08181524033989389 0.6831228789124684 0.08311800552503298 0.68479445094174 0.10689144181161424
2 0.23164790725205228 0.17066048707633819 0.1949388630183921 0.13440463952518109 0.17395282765378128 0.1556529995146049 0.21066187188744145 0.191908847065762
0 0.4400164964745083 0.703353304745913 0.42779728133974115 0.6938364152608778 0.40540075790568725 0.7225924430094277 0.4176199730404544 0.7321093324944632