2 0.40197597125266754 0.3826231296458331 0.38991965954776603 0.34023766594045807 0.3269372876024346 0.35815265475278196 0.33899359930733614 0.40053811845815707
2 0.6324292460156614 0.4021018960154689 0.5793533814427756 0.37261530345198823 0.5573408019255873 0.4122379450589794 0.610416666498473 0.4417245376224601
2 0.7699634411029813 0.5073731992819094 0.7073575570511428 0.44879459681130807 0.67592122381645 0.4823921793841231 0.7385271078682887 0.5409707818547244
2 0.8170028337066042 0.46965723075460153 0.7662192150518704 0.42632188091944967 0.7393724143512023 0.457782978939165 0.7901560330059361 0.5011183287743168
2 0.8515333609440093 0.394016037636708 0.8033563911173739 0.3621470352892301 0.781716391291895 0.3948606297492399 0.8298933611185304 0.4267296320967179
2 0.9740748678801802 0.6561616544350386 0.882478437881148 0.5943244026795 0.8482954208609079 0.6449579971029411 0.9398918508599401 0.7067952488584797
2 0.645737491777479 0.1473843327473881 0.6394143237844367 0.11655888638731918 0.5945559512876115 0.12576060310793497 0.6008791192806539 0.15658604946800386
2 0.7021659809249202 0.13894306509655927 0.6928337178316349 0.10832157669552939 0.6568121143677345 0.11929958913452673 0.6661443774610198 0.1499210775355566
3 0.5393961375550537 0.24779227745242657 0.43127258706356375 0.23138328194627594 0.4183979368216985 0.3162180236563822 0.5265214873131885 0.3326270191625328
2 0.35342385275113697 0.22956265100102338 0.3234677634261161 0.1946712631196454 0.30096495342235796 0.21399110757032508 0.3309210427473789 0.24888249545170307
2 0.3847929492163055 0.7000905782892196 0.34744727671005704 0.6763436003524104 0.2973294364329176 0.7551613958079446 0.33467510893916597 0.7789083737447539
2 0.22771736229503908 0.7363392991688531 0.18527665775026728 0.715876814371856 0.13711243906081763 0.8157729606760765 0.17955314360558947 0.8362354454730737
3 0.3014333989076551 0.8505822238710021 0.24817720987586617 0.8290600009121547 0.18641778109813975 0.9818821243410838 0.23967397012992867 1.0034043472999312
2 1.0155121056858847 0.6183466054651099 0.9511699145443164 0.5749587658379732 0.926971400614647 0.6108440604731752 0.9913135917562154 0.6542319001003118