2 0.22726055532602837 0.281326313708087 0.19770571548722607 0.23335323647868048 0.1695520023385847 0.2506979333593224 0.199106842177387 0.29867101058872886
3 0.5050019244298285 0.17022766955313143 0.44791516951945803 0.13076027314170396 0.4162008879497939 0.1766327041541964 0.47328764286016434 0.21610010056562384
2 0.3284046917724736 0.830111178370072 0.2907281320647273 0.8128741519353448 0.24596806373394953 0.9107103647748038 0.2836446234416959 0.927947391209531
2 0.2767686984665636 0.9386617014680447 0.22292729167005432 0.9173910324660819 0.1902916658653848 1.0000000000000002 0.24413307266189405 1.021270669001963
0 0.6180074052179876 0.8332043293531792 0.5979166658653846 0.7879629639423078 0.5802860719924087 0.795792340065612 0.6003768113450116 0.8410337054764834
2 0.04560585557606954 0.10113773851423345 0.01976785489980221 0.06209364648338823 -0.006460400125325398 0.07945057901344119 0.01937760055094193 0.11849467104428643
2 0.3653915266431503 0.32567049108719076 0.3272305986182138 0.28273946357107005 0.300973418596338 0.30607918812288404 0.3391343466212745 0.34901021563900475
2 0.7224835663623353 0.18178271622929779 0.7141305779558393 0.14810972889195909 0.6733371576895462 0.15822902609395773 0.6816901460960422 0.19190201343129643
2 0.2307291658653846 2.6246987289847077e-17 0.19791666586538462 2.4237801134995946e-17 0.19791666586538462 0.020370370192307717 0.2307291658653846 0.020370370192307717
3 0.6545330191545158 0.6818722679688354 0.5162378867339247 0.5343574217564137 0.45710182363415086 0.5897974665193589 0.595396956054742 0.7373123127317807
2 0.8255948697679306 0.5657403861463268 0.7654154190169733 0.5081327097167591 0.7344264628985642 0.5405051030180485 0.7946059136495214 0.5981127794476162
2 0.9188037664247047 0.6498797556587499 0.8529411737199067 0.5776367270642524 0.8172400434722408 0.610184767288331 0.8831026361770387 0.6824277958828285
2 1.0270611899480977 0.7282243396867071 0.9456188189657839 0.6678966551572892 0.9154298614722395 0.7086517462060701 0.9968722324545533 0.7689794307354879
3 0.3656109952593814 0.38678222863050815 0.30684219462781087 0.3248694177165342 0.2743246363740883 0.35573569352969037 0.33309343700565885 0.4176485044436643
1 0.851663380572318 0.7543709792748934 0.6070941639470658 0.5017229016993203 0.5362982214778194 0.5702550209859625 0.7808674381030715 0.8229030985615358