2 0.5740759708695881 0.23226306500824584 0.5260937974736535 0.19672071297757723 0.5012561821839745 0.23025149232899872 0.549238355579909 0.26579384435966735
2 0.02500000000000001 0.049128540865384616 6.016511031757321e-18 0.049128540865384616 8.734613277726746e-18 0.09351851923076923 0.02500000000000001 0.09351851923076923
3 1 0.5250000000000001 0.9395833341346154 0.5250000000000001 0.9395833341346154 0.625 1 0.625
2 0.24479166586538476 0.9620370360576923 0.19869791586538474 0.9620370360576923 0.19869791586538474 1 0.24479166586538476 1
0 0.3136795851905756 0.4519037824758793 0.3030537158969551 0.4122338760045088 0.28870613434903114 0.41607697874330213 0.29933200364265167 0.45574688521467266
3 0.7182058792375164 0.2681119321059459 0.6580023391006833 0.22767893816338955 0.6252607209763799 0.2764302456646797 0.6854642611132131 0.31686323960723606
2 0.8707432734179474 0.09436793808839329 0.8643897051746107 0.04542193486275846 0.8444926020326486 0.048004732115363415 0.8508461702759854 0.09695073534099825
2 0.7961534936551178 0.3984761327580374 0.7444109635607664 0.3584819023847135 0.71939964009978 0.39084029870336967 0.7711421701941313 0.43083452907669356
2 0.4937961138157744 0.38513832955671784 0.44505875874382095 0.3371625248188935 0.4187689847768382 0.3638696130187098 0.46750633984879164 0.41184541775653405
2 0.37497080386520837 0.2799617993885671 0.3309590559781491 0.24384959559340377 0.30843122293042086 0.2713053918157094 0.35244297081748016 0.3074175956108727
3 0.6094029088362134 0.5434563233703155 0.5239583341346152 0.463888889423077 0.4829469941971102 0.5079294764454816 0.5683915688987082 0.5874969103927201
3 0.4641367946782803 0.4511024019216953 0.3701342775759241 0.35195910667416397 0.3194840670898173 0.39998300244614515 0.4134865841921735 0.49912629769367645
3 0.26224402296833904 0.2558944991147026 0.16956294657445584 0.1717584786915216 0.12716884111802304 0.21845823114826418 0.21984991751190627 0.30259425157144515
2 0.823511536536401 0.5611107516147615 0.7633320824885662 0.503503082255423 0.7323431288578705 0.5358754787045188 0.7925225829057052 0.5934831480638574
2 0.9161995998228293 0.6461760557971336 0.8503370068660355 0.573933022237378 0.8146358753788175 0.6064810614790397 0.8804984683356114 0.6787240950387953
2 0.5698354218971651 0.282164633044559 0.5161782957774677 0.23923893462528353 0.48896510739086163 0.27325542207103043 0.542622233510559 0.31618112049030594
2 1.0255757303777064 0.7270468219096871 0.9419729730247105 0.6651188832731211 0.9117840187576215 0.7058739911274923 0.9953867761106175 0.7678019297640583
3 0.10774430430153645 0.14106828639390248 0.06141577520417856 0.09400438608149643 0.03694790949185277 0.1180899425500266 0.08327643858921063 0.16515384286243268
1 0.2992923857861899 0.2188154568206919 0.1535165291942208 0.08923690516835547 0.10937859629169353 0.13889207490916308 0.2551544528836626 0.2684706265614995