2 0.31217466461825655 0.04390409020133715 0.27779549402823983 0.014896688723982634 0.2558893109474763 0.040859593594922305 0.2902684815374931 0.06986699507227681
2 0.08739136318320788 0.1377032139814237 0.062476341756688696 0.09743651395317304 0.0366766952927413 0.11340004570508937 0.06159171671926049 0.15366674573334002
3 0.8652076110438381 0.42911258725802326 0.7819367243369251 0.37457259235086204 0.7468906560415232 0.42808042981063377 0.8301615427484361 0.482620424717795
2 0.32632135877698737 0.8282593239122332 0.2886447981888265 0.8110222977822387 0.2438847298744549 0.9088585146016871 0.28156129046261574 0.9260955407316817
2 0.24114583413461552 0.9620370360576923 0.18757440384615398 0.9620370360576923 0.18757440384615398 1 0.24114583413461552 1
0 0.41422176760975565 0.5735129235612807 0.40181139046211006 0.5330642872854893 0.38657869126850675 0.5377379563971076 0.39898906841615234 0.5781865926728992
3 0.5062743447861072 0.12167705559273015 0.4579733834460879 0.0879430474351636 0.428276796714223 0.13046315595492766 0.4765777580542423 0.16419716411249424
2 0.018750000000000003 1.1481063742006438e-18 0 0 2.2678643828978993e-18 0.037037036057692305 0.018750000000000003 0.037037036057692305
2 0.8282776410125098 0.14854684258444986 0.8152144613601278 0.11752178619976049 0.7751913132323 0.1343736354845768 0.7882544928846819 0.16539869186926617
2 0.5584930555615325 0.22339816207981064 0.5177152898153876 0.19281481130385048 0.4957777761884651 0.22206480416057411 0.53655554193461 0.25264815493653425
2 0.8768559357759719 0.7499636476410199 0.8021515651340034 0.6734985733442488 0.7695425691432214 0.7053567065529248 0.8442469397851897 0.781821780849696
2 0.6204132103452866 0.5001195877995579 0.5664882629925903 0.45158711978240684 0.5382999536378937 0.4829074535716622 0.5922249009905902 0.5314399215888131
3 0.7873053137642524 0.8045044640113779 0.6608700266135059 0.6504114868598059 0.5949521793170444 0.7044979358683753 0.7213874664677907 0.8585909130199474
3 0.36838545408496215 0.3550184695785965 0.26489734295820994 0.25799838778651274 0.2185204393245431 0.3074670964116089 0.32200855045129523 0.4044871782036927
2 0.8255948700656217 0.5620366876927402 0.7654154226651501 0.5044290042442579 0.7344264616574716 0.5368013969065075 0.7946059090579431 0.5944090803549898
2 0.918803766424705 0.6433982748895193 0.8529411737199066 0.5711552462950217 0.8172400434722409 0.6037032865191003 0.8831026361770391 0.6759463151135978
2 0.29893749961794863 0.08839815026249992 0.27004861241495703 0.04987963028814117 0.2404930559670941 0.07204629549262836 0.2693819431700856 0.11056481546698713
2 1.0266367726435977 0.7231260073526685 0.9445771522487267 0.6623411010185859 0.9143881956068548 0.7030961909176088 0.9964478160017258 0.7638810972516914
3 0.17004733228880045 0.20230879607356064 0.1274935183118833 0.14827218106583426 0.09952552956115043 0.1702969616787025 0.1420793435380676 0.22433357668642892
1 0.43514345206214633 0.34563335099145015 0.2734733395191653 0.1902746653885058 0.22022477171118368 0.24568644952441504 0.3818948842541647 0.40104513512735945