0 0.7322643466129398 0.06876139699715814 0.7140572810665043 0.06671309905074166 0.710585911102124 0.09756967467147905 0.7287929766485595 0.09961797261789553
2 0.8885951146644478 0.45124131414249824 0.8182727822838142 0.4050922711563594 0.7916204502070229 0.4457053377282075 0.8619427825876566 0.4918543807143463
2 0.0020833341346153905 0.04537037019230769 5.55626786321401e-18 0.04537037019230769 6.350020478184495e-18 0.05833333413461539 0.0020833341346153914 0.05833333413461539
0 0.19433634456150492 0.3228694406622735 0.1875420408710487 0.28318208930669736 0.17667396878366778 0.28504265645893345 0.183468272474124 0.3247300078145096
2 0.9889658126066707 0.5388871974466833 0.9285711788105477 0.48753716765826194 0.8986915059994272 0.5226797353414944 0.9590861397955501 0.5740297651299158
2 0.3021273361962716 0.21084592837928068 0.2601268160331021 0.16936393156093585 0.23595172532540054 0.19384120996104987 0.27795224548857 0.2353232067793947
2 0.24853539891137502 0.16835343591600324 0.21027517889566041 0.1294858871958289 0.1931476646907662 0.14634577374332786 0.23140788470648083 0.18521332246350222
3 0.2549806799067451 0.22962464028041307 0.21330047879711594 0.14394866632320225 0.17909560139164718 0.16058887597990448 0.22077580250127637 0.24626484993711534
3 0.23789848570950126 0.27177922242051616 0.19390274989116948 0.16004402087940173 0.14312885453824928 0.1800362422707305 0.187124590356581 0.2917714438118449
3 0.17896290013068705 0.17204451590640896 0.08481683369681156 0.08993808928680527 0.043303545752496245 0.1375386599802687 0.13744961218637172 0.21964508659987242
2 0.8224698697679307 0.5509255712424804 0.7622904190169731 0.4933178948129128 0.7313014616977864 0.5256902893685862 0.791480912448744 0.5832979657981537
2 0.9146370998228294 0.6313612408932875 0.8487745068660355 0.5591182073335319 0.8130733753788176 0.5916662465751935 0.8789359683356115 0.6639092801349491
2 0.886305918379634 0.5146377402913076 0.8200877763261685 0.45887507995936405 0.7885852835317954 0.496284280497472 0.8548034255852609 0.5520469408294155
2 1.023468023340753 0.7036085086068165 0.9349717920322175 0.6574593632019151 0.9090008164893892 0.7072616604878437 0.9974970477979246 0.7534108058927451
3 0.08378597016692103 0.11421643543236405 0.03745743986778915 0.06715253389910819 0.012989575363595959 0.09123808917838275 0.05931810566272785 0.1383019907116386
1 0.19310016983643896 0.11812777438568263 0.05539906660680171 0.005142255145004963 0.0173637039687588 0.05149785391727841 0.15506480719839605 0.16448337315795608