3 0.9591743480335897 0.47586759840834514 0.8926845481869328 0.3220403516017067 0.8046661836426792 0.36008512951243604 0.871155983489336 0.5139123763190745
1 0.1764348174479696 0.11128093284133121 0.05203219689364465 0.015050917228837352 0.013087834644600607 0.06539675463478067 0.13749045519892555 0.1616267702472745
2 0.4693752278893376 0.23369842787869002 0.4498204932454198 0.23285231013477056 0.4476484232796147 0.28305129498596837 0.4672031579235325 0.2838974127298878
1 0.24136530759881641 0.2374256145880366 0.11451986266941713 0.11184862351517275 0.06891915766279062 0.15790994148626206 0.19576460259218992 0.2834869325591259
2 1.0300005887888084 0.7049553800411031 0.9487754665920979 0.6464147516134203 0.9168683400471451 0.6906858898326018 0.9980934622438556 0.7492265182602846
2 0.5620886235699751 0.24636116433065924 0.5367650213235621 0.23135457944991258 0.5071203438843102 0.28137995338812183 0.5324439461307233 0.29638653826886846
2 0.8304296685896495 0.5418072356561768 0.7603733288421056 0.4901667893276196 0.7328253660336326 0.5275388412573073 0.8028817057811766 0.5791792875858645
0 0.18023501582321375 0.30667123240469 0.1753224506567686 0.27173742357305264 0.16242643340844543 0.2735509253708473 0.1673389985748906 0.3084847342024846
2 0.35252061302419224 0.5377403460309919 0.317297343914241 0.5161660926088867 0.2688548316112311 0.5952559046096461 0.30407810072118235 0.6168301580317513
2 0.8192142265476716 0.1800598235783477 0.8081928502267909 0.15043987113933158 0.7646329844158563 0.16664819134436298 0.775654360736737 0.19626814378337915
3 0.1640625 1.581835453805102e-17 0.09270833413461539 1.1449171996407391e-17 0.09270833413461539 0.06666666586538463 0.1640625 0.06666666586538463
2 0.2724590883355083 0.23641050932746646 0.22871554155464474 0.20011955734143505 0.2051160274831823 0.22856539277137944 0.24885957426404587 0.2648563447574108
2 0.2953673220663952 0.8551456311263675 0.25613166789205655 0.8395126749783833 0.21442419716742964 0.9441902473036167 0.25365985134176827 0.959823203451601
2 0.3005430692655138 0.215142282403628 0.2584541796857981 0.1795114750398024 0.23727600832210982 0.20452818900097794 0.27936489790182556 0.24015899636480353
3 0.01458333413461539 0.04537037019230769 5.55626786321401e-18 0.04537037019230769 8.447795109641441e-18 0.09259259375 0.014583334134615395 0.09259259375
2 0.9329990376187651 0.6236115485498007 0.8640444411783795 0.5664047679217624 0.8314358628200222 0.6057097477949559 0.9003904592604078 0.6629165284229941