2 0.33376295896195185 0.058048697356836376 0.2967157323983235 0.03092916684599895 0.27602576044137206 0.059193154615919535 0.3130729870050004 0.08631268512675697
2 0.08166219731782326 0.1330735841737314 0.056747175225783396 0.0928068830698918 0.03094752768624709 0.10877041548732877 0.055862549778286946 0.1490371165911684
3 0.8869602155175408 0.4455153113507455 0.8013778893114814 0.3892211592827564 0.7649070744442182 0.4446666551346387 0.8504894006502777 0.5009608072026278
2 0.32423802590708906 0.8310371038508415 0.28656146512096686 0.8138000769227572 0.24180139588077545 0.9116362917500056 0.2794779566668976 0.9288733186780898
2 0.23593750000000016 0.9731481490384616 0.18822916586538474 0.9731481490384616 0.18822916586538474 1 0.23593750000000016 1
0 0.40432593567216435 0.5614758868295013 0.391915558057254 0.5210272490307729 0.3778945500483118 0.5253291492529387 0.39030492766322217 0.5657777870516673
3 0.5248788157454337 0.13625922758833503 0.47918729556261686 0.09887525260827107 0.4461195343978757 0.13929140090349848 0.4918110545806926 0.17667537588356244
2 0.8367903593489314 0.14215939614464285 0.8225303970486981 0.11408509039135294 0.784283100479716 0.1335122852061567 0.7985430627799494 0.16158659095944664
2 0.5769738206919095 0.2357036091885837 0.5343202408597517 0.20812958718217553 0.5142487648115722 0.23917766227877582 0.5569023446437299 0.266751684285184
2 0.8303046851970327 0.7041984089678396 0.7595149420498498 0.6322850225614093 0.727971234362275 0.6633358613091944 0.7987609775094578 0.7352492477156247
2 0.5875604249740382 0.47227083006150133 0.5351317933619223 0.4250850466381866 0.5085462693784744 0.45462450835780605 0.5609749009905902 0.5018102917811208
3 0.7475821684330886 0.7634857845276432 0.6274661155531966 0.614842195595151 0.5630873461263336 0.6668654528937314 0.6832033990062256 0.8155090418262235
3 0.3568039691008003 0.34867130394084367 0.2564820803046524 0.24606937329375458 0.20930596811469915 0.2921971279188998 0.30962785691084704 0.3947990585659889
2 0.8255948700656217 0.5620366876927402 0.7654154226651501 0.5044290042442579 0.7344264616574716 0.5368013969065075 0.7946059090579431 0.5944090803549898
2 0.918803766424705 0.6433982748895193 0.8529411737199066 0.5711552462950217 0.8172400434722409 0.6037032865191003 0.8831026361770391 0.6759463151135978
2 0.32133333489871785 0.10413888697499951 0.2924444419008542 0.06562037038525656 0.26288888825811985 0.08778703988012851 0.2917777812559835 0.12630555646987146
2 1.0266367726435977 0.7231260073526685 0.9445771522487267 0.6623411010185859 0.9143881956068548 0.7030961909176088 0.9964478160017258 0.7638810972516914
3 0.16489596655762614 0.19028632044371196 0.11619398064577015 0.14306015785977835 0.0915002851711557 0.16852553432306677 0.1402022710830117 0.21575169690700038
1 0.4181311796255843 0.32783847430126056 0.2565271799536762 0.18030809265077524 0.20502688784362347 0.23672124020822796 0.3666308875155316 0.38425162185871325