3 0.9561204656669253 0.48580406803289694 0.8910404792290211 0.3315403955493172 0.8028332250752169 0.36875283067182085 0.8679132115131213 0.5230165031554006
1 0.2218392956841705 0.16251473893521126 0.09551028499423578 0.059238472579044035 0.057480406046842285 0.10575716611424373 0.183809416736777 0.20903343247041095
2 0.3236277278595803 0.027104904669601214 0.29418544336206814 0.008411394092409336 0.2787727430897785 0.032686401422776824 0.3082150275872907 0.051379911999968705
1 0.24084447575794846 0.24483301997375848 0.11399902934717693 0.11925603069450795 0.06839832225522846 0.1653173519678058 0.195243768666 0.29089434124705627
2 1.0289840890349962 0.7213181005494612 0.9493451551711399 0.6538988964246637 0.9162515438267516 0.6929907243301573 0.9958904776906079 0.7604099284549548
2 0.5106641645416994 0.4628058984976354 0.509042920411933 0.3849859408228286 0.48578912368707744 0.3854703934306351 0.4874103678168438 0.4632903511054419
2 0.829388002724265 0.5519924207523306 0.759331662976721 0.5003519744237734 0.731783700168248 0.5377240263534612 0.801840039915792 0.5893644726820184
0 0.1812766852506529 0.31778234420499984 0.17636411566946475 0.28284853622622574 0.16346809687917857 0.2846620399148612 0.16838066646036673 0.31959584789363527
2 0.453125 0.2398148149038462 0.43229166586538464 0.2398148149038462 0.43229166586538464 0.2953703701923077 0.453125 0.2953703701923077
3 0.3272908211015077 0.13803636174655173 0.24400689028966266 0.0714092132532021 0.20168529892348883 0.12431119940888188 0.2849692297353339 0.19093834790223152
2 0.2729799224701236 0.24566976894285103 0.22923637568926009 0.20937881695681962 0.2056368616177977 0.23782465238676403 0.2493804083986612 0.2741156043727954
2 0.5731137802626345 0.6074259445764019 0.5146487898375655 0.5973070012315171 0.5052167484705511 0.6518032257301074 0.5636817388956201 0.661922169074992
2 0.3010639034001291 0.2244015420190127 0.25897501242011367 0.188770733469748 0.2377968400528791 0.21378744861636248 0.2798857310328946 0.24941825716562718
3 0.09730619405529559 0.15909990000855967 0.05884953032270028 0.09073249781727916 0.024032517426101345 0.11031706757161608 0.06248918115869666 0.1786844697628966
2 0.9303948707733732 0.6328708093464438 0.8614402743329879 0.5756640287184057 0.8288316969546378 0.6149690074103403 0.8977862933950231 0.6721757880383783
2 0.0845624990999998 0.09307407605961551 0.05872222255641051 0.05862036903221151 0.037722220567948904 0.07437036825192277 0.06356249711153818 0.10882407527932675
3 1 0.4555555552884617 0.9645833341346154 0.4555555552884617 0.9645833341346154 0.5562636177884617 1 0.5562636177884617
2 0.11487739669258892 0.026988309307746726 0.09111533584152952 -0.003990377160619503 0.07003988265545523 0.012175453549553995 0.09380194350651465 0.04315414001792022