1 0.029687500000000002 0.023802682692307692 2.9149879170254718e-18 0.023802682692307692 7.694121121876802e-18 0.10185185096153847 0.02968750000000001 0.10185185096153847
2 0.6047458412655735 0.26915801787709004 0.5589218860545044 0.2360174751986956 0.5354623033236542 0.26845541318785515 0.5812862585347234 0.3015959558662496
2 0.40584390857275865 0.4540467765888612 0.36154561406091734 0.4078815100900368 0.33395099701925524 0.43436017176275027 0.3782492915310965 0.4805254382615747
3 0.2515625 2.7991926900736554e-17 0.20468750000000002 2.512166096523495e-17 0.20468750000000002 0.03981481490384618 0.2515625 0.03981481490384619
2 0.3300088572281185 0.8358023680852443 0.292531646140603 0.818497125267993 0.24819669990854706 0.9145113884620378 0.2856739109960626 0.9318166312792889
2 0.26354166586538474 0.9314814807692307 0.1969525697115386 0.9314814807692307 0.1969525697115386 1 0.26354166586538474 1
2 0.17487439625091947 0.22249143379279449 0.14045889582888554 0.18752968007873297 0.11757814407255732 0.21005293586751955 0.15199364449459124 0.24501468958158104
2 0.8906059181318479 0.7780002016983182 0.8191738359197711 0.7094254006647309 0.7873577562929477 0.7425671492562594 0.8587898385050244 0.8111419502898466
2 0.7211174363841061 0.18850094874123824 0.7132862852854227 0.15472910687502733 0.6696404448874026 0.1648498806350124 0.677471595986086 0.1986217225012233
3 0.9347222235576922 1.0000000000000002 0.8307291658653845 0.8981481490384617 0.7813442569537628 0.9485712648983294 0.8853373146460706 1.0504231158598678
2 0.8250740358906901 0.5731477984805495 0.7648945899477824 0.5155401159708167 0.7339056287754399 0.5479125085485389 0.7940850747183474 0.6055201910582718
2 0.9177620992465767 0.6545093866632453 0.8518995054506759 0.5822663568719446 0.8161983765157536 0.6148143958992199 0.8820609703116541 0.6870574256905209
2 1.0268489812958477 0.7330825809716104 0.945097984831168 0.6725262849649819 0.9149090273376236 0.7132813760137634 0.9966600238023033 0.7738376720203919
3 0.6098818293081693 0.6502412947569821 0.5352318690350886 0.5654536880391703 0.4958014755656868 0.6001695789575117 0.5704514358387676 0.6849571856753234