2 0.35932846845453176 0.39601522675408796 0.33753489769024136 0.3592385782994831 0.2747049500311808 0.39647114211275647 0.29649852079547123 0.4332477905673613
2 0.5940342707068484 0.3825792804120866 0.5419500650349924 0.3580134828109473 0.5226733867895704 0.39888374034161217 0.5747575924614263 0.4234495379427515
2 0.7339726101720653 0.4716751234720157 0.6660696900664935 0.43143636042389005 0.6426517544435062 0.47095413113029344 0.710554674549078 0.5111928941784191
2 0.817780173359134 0.47228608245978304 0.7676688264702807 0.42774265550773805 0.739852729773202 0.45903575902628546 0.7899640766620551 0.5035791859783305
2 0.851230490940795 0.3944320552566087 0.8047164909927476 0.36489936085245134 0.783198565287948 0.3987900983997251 0.8297125652359955 0.4283227928038825
2 0.9289020087251885 0.6281263102634556 0.8443348077657896 0.5619759669801186 0.8089087707639184 0.6072649351340753 0.8934759717233173 0.6734152784174121
2 0.645737491777479 0.1492361837089266 0.6394143237844366 0.11841073734885763 0.5945559508144255 0.1276124541665372 0.6008791188074677 0.15843790052660617
2 0.7021659809249202 0.14172084394271314 0.6925755123638229 0.11025211884693392 0.6565539095702622 0.12123013108163724 0.6661443781313594 0.15269885617741646
3 0.5684593756409492 0.24488462088495355 0.46446423246173096 0.23888201486724178 0.4596152026972233 0.32289145062769514 0.5636103458764414 0.3288940566454069
2 0.3791565734960764 0.24664441467457338 0.3445298851130308 0.21603689639615412 0.3257483730648167 0.237284668239011 0.3603750614478623 0.2678921865174303
2 0.42085858731282233 0.6718836496059954 0.385718827319892 0.6422344756865193 0.3309929995362438 0.7070947129044141 0.3661327595291741 0.7367438868238901
2 0.22719653011086652 0.7391170789553995 0.18445396935908345 0.7185090563283142 0.13655373945563867 0.8178576703958031 0.17929630020742177 0.8384656930228883
3 0.3196780529702687 0.8050866773432994 0.26898348259486726 0.7846072229664706 0.20981479135571693 0.9310726183256987 0.2605093617311183 0.9515520727025274
2 0.9724856925805684 0.5888629262972024 0.9138441368562896 0.5386676792431516 0.8863650571433936 0.5707706387624163 0.9450066128676724 0.6209658858164672