0 0.6119518468799926 0.08265028404643224 0.5937447813335572 0.08060198610001604 0.5902734111021241 0.11145856409455616 0.6084804766485594 0.11350686204097235
2 0.8875534480754479 0.46050057486053425 0.8180198911605078 0.4148691659124093 0.7915044343778154 0.45527366066340336 0.8610379912927555 0.5009050696115283
2 0.003645834134615392 0.054803240384615384 6.711461291992219e-18 0.054803240384615384 7.794741753284247e-18 0.07249455288461538 0.003645834134615393 0.07249455288461538
0 0.19589884456150491 0.33027684691227355 0.18910454087104872 0.29058949555669733 0.1782364687836678 0.29245006270893337 0.18503077247412406 0.3321374140645096
3 1.0166132489725574 0.48526531571923354 0.9307825873994843 0.4280448713693389 0.8930154931350517 0.48469550949768164 0.9788461547081249 0.5419159538475763
2 0.9886805789801142 0.5487654553028287 0.9273373720717463 0.4991951782545928 0.8993967055452187 0.5337717469154188 0.9607399124535866 0.5833420239636548
2 0.3033373806053902 0.22116421749050252 0.2623508366202346 0.17834791766557417 0.23747041733684188 0.202165071494784 0.2784569613219975 0.2449813713197124
2 0.24980603387218364 0.17436462144079282 0.21109554550294984 0.13995530010021273 0.19500359170329132 0.15805874899518668 0.2337140800725251 0.1924680703357668
3 0.25706401446107674 0.23980982383619068 0.21584772823441026 0.15508746496928943 0.1818705084855006 0.17161692464306283 0.22308679471216702 0.2563392835099641
3 0.23967842861754593 0.28115876689402736 0.1962183643360284 0.1682368881843876 0.14498106817959563 0.18795650505593742 0.18844113246111313 0.30087838376557724
3 0.18135815928795887 0.18343317570218945 0.08921281611750752 0.09837593081956884 0.047457401459041974 0.14361096068961066 0.13960274462949335 0.22866820557223125
2 0.8229907026591612 0.5583329788528301 0.7628112521649919 0.5007253022125483 0.7318222946811399 0.5330976966836937 0.7920017451753092 0.5907053733239754
2 0.915157932866342 0.6424723502734072 0.849295341000651 0.5702293179104546 0.8135942082006895 0.6027773583489194 0.8794568000663805 0.6750203907118721
2 0.8883892525826822 0.5285266235172311 0.8221711048278119 0.47276397192968883 0.7906686142281091 0.5101731789488824 0.8568867619829794 0.5659358305364247
2 1.022629673185783 0.7080731714570369 0.9359135451837889 0.6653925821527239 0.9108034593265807 0.7164099053628019 0.9975195873285748 0.7590904946671148
3 0.08691097016692104 0.12440162052851787 0.04058243986778914 0.07733771899526204 0.016114575363595958 0.1014232742745366 0.06244310566272786 0.14848717580779242
1 0.2000718393222735 0.13524904323550258 0.06567888148358181 0.01578863167314558 0.02682830498655447 0.05949552855126684 0.16122126282524615 0.17895594011362387