2 0.9281470586214964 0.636589888013722 0.8579793219645994 0.5862904320303592 0.8276630477281723 0.6285816319141807 0.8978307843850695 0.6788810878975434
3 0.34070669939719117 0.1614379065928221 0.2518676255261869 0.09375099642147353 0.21035638709221025 0.14823449948546707 0.2991954609632145 0.21592140965681564
2 0.8283092972757035 0.5596120357691622 0.757633824847763 0.507875740659501 0.7300644979152024 0.5455374093458465 0.8007399703431429 0.5972737044555076
2 0.2209055860138656 0.1217982091668511 0.19323217761111844 0.08717797580099382 0.1697829752825868 0.10592190932387048 0.197456383685334 0.14054214268972778
2 1.0264759588819414 0.7305180746616713 0.9518184480418961 0.6626811241858123 0.9190164232880529 0.698781177349419 0.9936739341280982 0.766618127825278
3 0.9721598261139816 0.4181926557660725 0.8443039634245214 0.33870332531041003 0.7899561034716284 0.42611999468944 0.9178119661610885 0.5056093251451025
3 1 0.4657407403846155 0.9624999999999999 0.4657407403846155 0.9624999999999999 0.5643518509615386 1 0.5643518509615386
2 0.3054649294488291 0.24865690272537946 0.2665944432742323 0.20857171779976966 0.24248386338875727 0.23195167635151662 0.28135434956335403 0.2720368612771264
2 0.2831736113576921 0.28543518731277484 0.2494652805928571 0.240490740736676 0.22202083413901103 0.2610740730324176 0.255729164903846 0.30601851960851645
1 0.2530228433078602 0.27147183037671757 0.11886035162684146 0.15098684595878248 0.0759670895491487 0.19874936959997397 0.2101295812301674 0.31923435401790906
2 0.24046565342989915 0.19706280236495832 0.2075816571570761 0.14293277088723721 0.18795134596943366 0.15485818571346865 0.2208353422422567 0.20898821719118976
3 0.10389837412060322 0.17498881671940414 0.059142967325118374 0.11133665231429299 0.02594577383736901 0.13467841787558063 0.07070118063285387 0.1983305822806918
2 0.09538997341355815 0.14906350996477574 0.08943085225661568 0.10536328012530222 0.07342482304638556 0.10754592007149227 0.07938394420332803 0.1512461499109658
1 0.23589555463395756 0.19132710890066446 0.10997939394432087 0.08781221886549778 0.07136025643694949 0.1347887796522729 0.19727641712658617 0.2383036696874396
0 0.2099694008837238 0.32447685380143493 0.19554118283606703 0.3224478855409366 0.19109246559412824 0.35408320662934983 0.205520683641785 0.35611217488984814
2 0.31607647762604035 0.8330060936932318 0.2783992680960331 0.8171951219200662 0.23418957297643145 0.9225458853124839 0.27186678250643875 0.9383568570856495
2 0.7904307318582536 0.45509341824587685 0.7265088372670587 0.40458722962338534 0.7016362971625175 0.4360665380040168 0.7655581917537125 0.48657272662650836
2 0.17133979846188058 0.13193167541863032 0.15125718553862283 0.11408045878189808 0.14895833413461537 0.1166666658653846 0.16904094705787315 0.13451788250211683
2 0.22425149268410216 0.7679706819951888 0.18357526461577345 0.7467726839836637 0.13156647699922736 0.8465708491451908 0.17224270506755607 0.8677688471567158
2 0.04077226787158077 0.11931354211670687 0.010887215900484649 0.08569284756548066 -0.010574712209692118 0.10477011070754058 0.019310339761404 0.13839080525876676