2 0.9238862721012902 0.6272975936687943 0.8552591922814644 0.5735332542260644 0.8245174837478999 0.6127732729298752 0.8931445635677255 0.6665376123726051
3 0.33497753226317184 0.1549564290441041 0.2461384641349675 0.08726951348568697 0.20469098901249466 0.14166931935318197 0.29353005714069896 0.2093562349115991
2 0.823364112641142 0.5531733978639145 0.7571918374118423 0.49734053795492067 0.7282468143982883 0.5316457487661399 0.794419089627588 0.5874786086751337
2 0.21361391774463484 0.11716857935915878 0.1859405093418876 0.08254834599330156 0.16249130730766126 0.10129227928092772 0.19016471571040847 0.13591251264678494
2 1.0258808115490952 0.7147540575599821 0.9453677558524466 0.648692061126644 0.9136541562575312 0.687343009453693 0.9941672119541797 0.753405005887031
3 0.5942334226113558 0.16292136239409863 0.501684636554149 0.09501871846283491 0.45397544749866525 0.1600445742355266 0.5465242335558721 0.2279472181667903
3 0.8627887113596768 0.3713566647018812 0.7523464862946232 0.26954985113811863 0.7046138252379096 0.32133127038544396 0.8150560503029631 0.42313808394920654
1 0.7740214913104508 0.8038442576706194 0.5484374999999999 0.5583333341346154 0.4822364296677938 0.619161184315273 0.7078204209782448 0.864672107851277
2 0.9948207611678875 0.8334239423716665 0.9020833341346152 0.7481481490384615 0.8643171697075439 0.7892188536427227 0.9570545967408163 0.8744946469759276
3 0.19224476913459798 0.6037667181019335 0.1439216656703186 0.5811152630807993 0.07875355829320041 0.720140557147674 0.12707666175747978 0.7427920121688081
2 0.3608255099114981 0.34564731822621536 0.32342739445248847 0.30708050710795837 0.2977342644011801 0.33199505452065114 0.3351323798601898 0.37056186563890814
1 0.5915464378155406 0.5067461251354318 0.41822916586538467 0.3444444447115384 0.3635821339998157 0.40280043004931765 0.5368994059499717 0.565102110473211
0 0.5693569436112978 0.7699940683982027 0.563771055500379 0.7223278108101335 0.5446542438225876 0.7245680615970209 0.5502401319335065 0.7722343191850901
2 0.3123700221751297 0.8252019834849933 0.2755411127201246 0.8101356113035193 0.2317984873827038 0.917062027860321 0.26862739683770887 0.9321284000417948
2 0.7054050099683983 0.581030697463032 0.6436878019954168 0.5287833236245384 0.6154212479792751 0.5621731892718798 0.6771384559522566 0.6144205631103734
2 0.21914281346735864 0.7621618483533124 0.17885583145657233 0.7412171966472351 0.12629994907512007 0.8423082970281608 0.1665869310859064 0.8632529487342381
2 0.29328586363808296 0.3424994444083516 0.25324600116865426 0.30503524719915426 0.22720709047936302 0.332864334181352 0.26724695294879175 0.3703285313905492
3 0.7711815069399847 0.319246071683412 0.6028888676135501 0.21998974780076053 0.5552601897114999 0.30074587091933636 0.7235528290379344 0.40000219480198784
2 0.40973167520193604 0.16988326402236134 0.3662961557835446 0.13899578425984865 0.3450432853650527 0.16888263397554937 0.38847880478344415 0.19977011373806206
2 0.1751526282659969 0.244900721517152 0.1369484873945152 0.20150836525395435 0.11222635787980632 0.22327458861583252 0.15043049875128803 0.2666669448790302
2 0.7632189179275872 0.09542206754866624 0.7212302230157059 0.09360524643872842 0.7198246739751449 0.12608900035648787 0.7618133688870261 0.1279058214664257
3 0.2500000000000001 0.9472222211538461 0.1863381418269232 0.9472222211538461 0.1863381418269232 1 0.2500000000000001 1
2 0.07155768630150199 0.10240170237563478 0.038427874972568214 0.06313673929041133 0.01500136751379763 0.08290285419851383 0.0481311788427314 0.12216781728373727
3 1 0.4416666658653847 0.9395833341346154 0.4416666658653847 0.9395833341346154 0.5518518509615385 1 0.5518518509615385
2 0.8835858076350743 0.514253609439889 0.8182202832711505 0.4677714604876112 0.7897956635021525 0.5077435835052726 0.8551611878660764 0.5542257324575505