2 0.8290424554706596 0.8982312328042267 0.7504554940773466 0.8206144778255721 0.71336987698157 0.8581636636908468 0.791956838374883 0.9357804186695015
2 0.630688827734512 0.6387829242297064 0.5585308324941758 0.615589271433072 0.5410549095005367 0.6699587827494811 0.613212904740873 0.6931524355461156
2 0.22504792563649836 0.745754326749052 0.18610253769243174 0.7242008802252562 0.13173482100534356 0.8224390815112597 0.1706802089494102 0.8439925280350553
2 0.13443043322273068 0.8987976038357869 0.0918772916081155 0.8791033103608158 0.041715154584689745 0.9874878291130279 0.08426829619930494 1.0071821225879989
2 0.24403972749434716 0.5162545937243046 0.2050047084276674 0.4888081090065206 0.141919309631344 0.5785296077763786 0.18095432869802375 0.6059760924941625
3 1.0597149102922898 0.6584483894035207 0.7835118147524572 0.4548515261558958 0.7098312602895871 0.5548078658514851 0.9860343558294196 0.7584047290991098
2 0.804829141807897 0.4761545029695276 0.7952354531248045 0.4383793544025177 0.745740138538989 0.4509495932346883 0.7553338272220815 0.4887247418016983
2 0.8520490426160235 0.4052339547550086 0.8063048840545756 0.37307009172015104 0.78300054884056 0.4062140335421811 0.828744707402008 0.4383778965770387
2 0.6416370237756062 0.15761902456148566 0.635339043014601 0.12573549818518584 0.5894934071590926 0.13479142660371468 0.5957913879200979 0.1666749529800145
2 0.7007818146916504 0.1539387150281534 0.6953210817541116 0.11996079879155565 0.6589828803311861 0.12580086302678828 0.6644436132687249 0.15977877926338602
2 0.8331727524279837 0.18171838230789072 0.8216573503039013 0.15176033804285638 0.7849535375249392 0.16586870773139759 0.7964689396490215 0.19582675199643193
3 1 0.1250000000000001 0.9453125 0.1250000000000001 0.9453125 0.20668724278846168 1 0.20668724278846168
3 0.29609076142642515 0.8715439088612402 0.24456204403632203 0.8491329009979405 0.18179838029149534 0.993442836151319 0.23332709768159846 1.0158538440146188