2 0.3499087929306013 0.06915981276264369 0.31245743908289614 0.04174444315741063 0.290884829719215 0.07121416902035585 0.3283361835669201 0.0986295386255889
2 0.0785371983934122 0.13029580706590305 0.05362217630137234 0.09002910596206341 0.02782252876183601 0.10599263837950039 0.05273755085387587 0.14625933948334002
3 0.9021220148512126 0.4569755154669811 0.8168000358131118 0.39875355909896687 0.7789854826746107 0.4541692941839329 0.8643074617127114 0.5123912505519472
2 0.3231963577104287 0.8328889527986397 0.2855197972892123 0.8156519273416885 0.24075973010646926 0.9134881450742698 0.2784362905276857 0.9307251705312211
0 0.39755510174437114 0.5540684788497422 0.38514472459672544 0.5136198425739507 0.3711237165877833 0.5179217427961166 0.38353409373542896 0.558370379071908
3 0.5377251400809627 0.14595741757001984 0.49324091449314456 0.10663654013519536 0.4572949760833023 0.14730265283422342 0.5017792016711204 0.1866235302690479
2 0.8428977737155449 0.13520991086827663 0.82495954130695 0.11070500029415478 0.7898447998676633 0.13640990507233555 0.8077830322762579 0.16091481564645738
2 0.5902433246432721 0.24797768876984316 0.5487504281064506 0.21760379304726193 0.5272037730077958 0.247038052613064 0.5686966695446174 0.2774119483356452
2 0.8004692769049804 0.6741511187652898 0.7315906673359928 0.6058874948810221 0.7008766863899111 0.6368781774952518 0.7697552959588987 0.7051418013795193
2 0.5677687618703522 0.4537523036882577 0.5163760369953911 0.40749884863232416 0.48979051609639923 0.4370383145936707 0.5411832409713603 0.48329176964960424
3 1 0.8999999999999999 0.9364583341346153 0.8999999999999999 0.9364583341346153 1 1 1
3 0.7218144365204674 0.7363283952164578 0.603673571063736 0.5901291002842605 0.5412029912028846 0.6406103859414014 0.659343856659616 0.7868096808735986
3 0.3476685331040006 0.33965837600259036 0.2495433367136249 0.24450666966335188 0.20419443852652425 0.2912727205508846 0.30231963491689995 0.38642442689012313
2 0.8255948700656217 0.5620366876927402 0.7654154226651501 0.5044290042442579 0.7344264616574716 0.5368013969065075 0.7946059090579431 0.5944090803549898
2 0.918803766424705 0.6433982748895193 0.8529411737199066 0.5711552462950217 0.8172400434722409 0.6037032865191003 0.8831026361770391 0.6759463151135978
2 0.3364374984641025 0.11617592757019207 0.3075486112611108 0.0776574075958334 0.27799305596709406 0.09982407193493614 0.3068819431700857 0.13834259190929482
2 1.0266367726435977 0.7231260073526685 0.9445771522487267 0.6623411010185859 0.9143881956068548 0.7030961909176088 0.9964478160017258 0.7638810972516914
3 0.15969971020560808 0.1881531447128078 0.11275224288756142 0.13973856671344825 0.08767007835647277 0.16406066448335405 0.13461754567451945 0.2124752424827136
1 0.4077145135226147 0.3176532940777893 0.24742380609508186 0.1713218156512413 0.19592351186560483 0.2277349584933168 0.3562142192931377 0.37406643691986485