0 0.4730570028188848 0.04223763987270264 0.4698232596178077 0.007744433786014108 0.45149476757107754 0.0094627326415381 0.45472851077215465 0.04395593872822663
2 0.7955268530901562 0.3944582448504921 0.7339293856226135 0.35485985332545805 0.7088917743685157 0.3938072293499174 0.7704892418360585 0.4334056208749514
2 0.008854165865384624 0.05462962980769231 6.6902001282595226e-18 0.05462962980769231 8.334401794821015e-18 0.08148148076923077 0.008854165865384626 0.08148148076923077
3 0.9994791658653847 0.5907407403846154 0.9927083341346153 0.5907407403846154 0.9927083341346153 0.6314814807692308 0.9994791658653847 0.6314814807692308
0 0.23707825112770553 0.36423554692440674 0.23037686373128588 0.332962399297472 0.21574610555539664 0.33609756111775274 0.2224474929518163 0.36737070874468747
3 0.8812337802064576 0.39213847335070096 0.8095537688461056 0.3422741216867895 0.7733188097536788 0.39436187962843766 0.8449988211140307 0.44422623129234917
2 0.9735764131147296 0.5441358254951367 0.9122332047521252 0.4945655472717589 0.8842925382255971 0.5291421159325848 0.9456357465882015 0.5787123941559625
2 0.3361789899038824 0.24811599204440712 0.2911663612053669 0.2109627101539342 0.2694607313534122 0.23725991480125724 0.3144733600519277 0.27441319669173014
2 0.26402710317490546 0.1939224527750736 0.22728907061345496 0.15517530300367663 0.20411026268270033 0.17715224338560576 0.2408482952441508 0.21589939315700277
3 0.3629350084634989 0.31235337344492387 0.2947059381792888 0.24379469511765844 0.2571661165868385 0.28115403733924527 0.3253951868710487 0.3497127156665107
3 0.31172605939430237 0.3189242612323922 0.23580725128189092 0.22283953588322397 0.19032218457306435 0.2587783600709285 0.2662409926854758 0.35486308542009676
3 0.19331133827923302 0.20151447853556267 0.10301045995048189 0.11337767505700416 0.060902297177343495 0.15651974435328228 0.15120317550609463 0.24465654783184076
2 0.8214282024017857 0.5648144559416846 0.7612487471531734 0.5072067854328839 0.7302597947232552 0.5395791806275958 0.7904392499718675 0.5971868511363965
2 0.9141162670009574 0.6471019800810995 0.8482536751352664 0.574858947718147 0.8125525423353049 0.6074069881566119 0.8784151342009958 0.6796500205195642
2 0.8009334302393094 0.4615072864141056 0.7362335993230497 0.40702323316346717 0.7051873243116689 0.44389069481459703 0.7698871552279285 0.4983747480652354
2 1.0249391059806146 0.7286585976441621 0.9404104859809259 0.6660448026435778 0.9102215273376236 0.7067998952445328 0.9947501473373122 0.769413690245117
3 0.09003597016692103 0.1299571758169794 0.04370744106956318 0.08289327550457333 0.019239576565370002 0.10697883078384787 0.06556810566272785 0.15404273109625394
1 0.21911699784590694 0.15706827569896073 0.08668555680720326 0.03704326373642432 0.04487636618509873 0.08317407657462997 0.1773078072238024 0.20319908853716634