2 0.9213600036635934 0.4752904871460965 0.856097718229882 0.4128171909428475 0.8224047882515617 0.4480142710871291 0.887667073685273 0.5104875672903781
0 0.18964884456150494 0.3145361065276581 0.18285454087104863 0.27484875517208185 0.1719864687836678 0.27670932232431794 0.1787807724741241 0.31639667367989416
2 0.2684152943220882 0.8923481115318732 0.22666558203722373 0.8753872902104916 0.17932902400526343 0.9919080435951598 0.22107873629012792 1.0088688649165414
2 0.20425817536448082 0.7724656227445733 0.15862226015863795 0.7489346045322101 0.09267883499703028 0.8768248867077953 0.13831475020287315 0.9003559049201585
2 0.4567409050821384 0.260753951832503 0.43356288715596764 0.2580871628148455 0.4267150339209531 0.3176043064606428 0.44989305184712386 0.32027109547830024
2 0.29713796792146013 0.20225126783843 0.2562074411775017 0.1606710519072451 0.23207022359577195 0.1844311264433847 0.27300075033973037 0.2260113423745696
2 0.24480882527171294 0.1585221481248778 0.20648873823903222 0.11972305861860681 0.18887001597669784 0.13712426516981105 0.22719010300937856 0.17592335467608206
3 0.2509816720488516 0.2164353620350599 0.2022044487500276 0.13591421313241134 0.1725730610877016 0.15386399194650566 0.22135028438652557 0.23438514084915418
3 0.2337928726570112 0.2633316085069373 0.18891542407887368 0.1508183427870225 0.13840894297998646 0.17096354072324058 0.18328639155812398 0.2834768064431554
3 0.174032370640802 0.16666631449177416 0.08380371739196842 0.08029358540901625 0.04139402920023713 0.12459656264360675 0.1316226824490707 0.21096929172636464
2 0.818824036536401 0.5361107516147616 0.7597030656154858 0.47951633082942224 0.7287141119847901 0.5118887272785181 0.7878350829057053 0.5684831480638575
2 0.9115120998228293 0.6165464259894409 0.8456495068660355 0.5443033924296855 0.8099483753788176 0.5768514316713472 0.8758109683356115 0.6490944652311026
2 0.8857119931378121 0.5039709725075783 0.8195397179085121 0.4481381125985848 0.786409903506557 0.4874030759279785 0.8525821787358571 0.5432359358369718
2 1.023917932151197 0.6967997495327135 0.9338228380012737 0.6395965066656141 0.9059901916576414 0.6834329181536299 0.9960852858075646 0.7406361610207294
3 0.07890725219601837 0.10634819032624236 0.031955402819515887 0.06012996145357555 0.007096378171988049 0.0853835726231665 0.05404822754849053 0.1316018014958333
1 0.1261226005781578 0.059991884189554916 0.02019352669788891 -0.025129715485310414 -0.020500306432784037 0.025511485721382135 0.08542876744748487 0.11063308539624746
3 0.4490955610470426 0.11999164047146026 0.4031997994012219 0.052869083702587326 0.35451612696043644 0.08615706219958133 0.4004118886062571 0.15327961896845427
2 0.3361362059445679 0.5545110616747718 0.29687945657622067 0.535721507374524 0.2573410728408192 0.6183284918685479 0.2965978222091664 0.6371180461687959