2 0.9225864991184513 0.6256256988244091 0.8530418328840669 0.5692308027455342 0.821547993490456 0.6080681568565282 0.8910926597248404 0.6644630529354031
3 0.33185253237299406 0.15403049945991748 0.2430134585019898 0.08634358928856886 0.20156598579394042 0.14074339983325912 0.2904050596649447 0.2084303100046077
2 0.8226364949058582 0.5520657765328822 0.7553520141995562 0.492257342337419 0.7254669537422255 0.5258780314726058 0.7927514344485274 0.585686465668069
2 0.2099680860138656 0.11624265387838956 0.1822946764387227 0.08162241904583137 0.15884547411019112 0.10036635256870803 0.186518883685334 0.13498658740126623
2 1.0248457983642203 0.7162469658144446 0.9435268852804899 0.6464560259698124 0.9117469880446589 0.6834852837342671 0.9930659011283892 0.7532762235788991
3 0.3280032412652041 0.03872740419224891 0.2945213402289773 -0.021734319193452582 0.24619812767697555 0.005025636193484002 0.27968002871320236 0.06548735957918549
3 0.7370458784441177 0.1583917191067501 0.7018107917139104 0.1581954846993146 0.7010890791413076 0.2877833863434144 0.736324165871515 0.2879796207508499
2 0.6909574201605427 0.652343677344432 0.6372201553386192 0.59871475344652 0.6070139828470192 0.6289819483193415 0.6607512476689428 0.6826108722172535
1 1.0484002829470855 0.9186472745756457 0.7765625 0.6694444447115384 0.7038677406206658 0.7487420282595505 0.9757055235677513 0.9979448581236577
2 0.30924502217512967 0.8252019834849934 0.2713209816586532 0.8096876031380924 0.22757835632123252 0.9166140196948939 0.265502396837709 0.932128400041795
2 0.21653864796698422 0.7621618496033811 0.17625166659388294 0.7412171966441126 0.12357412858170512 0.84254229364164 0.16386110995480638 0.8634869466009086
2 0.6062003585395493 0.6587605292426949 0.5532738626081648 0.6036034130306296 0.5209259505070419 0.6346431365656022 0.5738524464384265 0.6898002527776677
3 0.43901696033985055 0.09783799293915077 0.31265707369927903 0.03313196398548278 0.27628500538433454 0.10416043696518613 0.40264489202490605 0.16886646591885413
2 0.22870785207102778 0.4792052026989608 0.19869821860433248 0.46955924851681147 0.16904383367011638 0.5618173295476114 0.1990534671368117 0.5714632837297607
2 0.6504113844863102 0.1418363748705168 0.647469481528986 0.10984316397963766 0.6040315633632524 0.11383745327894067 0.6069734663205767 0.14583066416981982
3 0.24635416586538475 0.9472222211538461 0.18201121875000015 0.9472222211538461 0.18201121875000015 1 0.24635416586538475 1
2 0.2677006512596289 0.26055361291701434 0.22384419127331953 0.22018573462220428 0.19995350459983197 0.2461410483121975 0.24380996458614135 0.2865089266070075
3 0.8868582493759388 0.3597234220123408 0.7610740793419956 0.2812355785025072 0.7121386406229793 0.35965923329112637 0.8379228106569225 0.43814707680096004
2 0.30000934577546645 0.10216695807342382 0.26459424102837803 0.07768243482104942 0.2506861585329781 0.09779947746585443 0.28610126328006646 0.12228400071822884
2 0.8339877131773752 0.43585291487089406 0.7746794847377105 0.39631410351473656 0.7507478621241724 0.4322115443383975 0.810056090563837 0.47175035569455503
2 0.9675186318727979 0.11162601650730658 0.9329748195956125 0.11054652081668184 0.9319159314450917 0.1444308927616601 0.966459743722277 0.14551038845228484