3 0.993692826666086 0.408435023368287 0.8639203366349559 0.33543795561211076 0.8097814730009382 0.4316847687678056 0.9395539630320683 0.5046818365239818
1 0.10383874020862033 0.058631518334823274 0.01265341471793176 -0.015553155185232957 -0.02570632914330817 0.03159736208139549 0.06547899634738039 0.10578203560145173
2 0.3852014723948739 0.4831295006782088 0.35283643038242923 0.4621657809492688 0.3157913462114091 0.5193581934148136 0.3481563882238538 0.5403219131437537
1 0.24201768557429557 0.23981799289243616 0.11556152934717692 0.11462640088681571 0.06996082225522843 0.16068772216011362 0.19641697848234704 0.2858793141657341
2 1 0.7018518509615385 0.9906250000000001 0.7018518509615385 0.9906250000000001 0.7514197524038462 1 0.7514197524038462
2 0.6310883451074076 0.1904670812595371 0.6108109671135078 0.16385302132646373 0.5712072077011588 0.19402731271992765 0.5914845856950587 0.22064137265300102
2 0.8306442755792235 0.5471551521439028 0.7626836656720786 0.4934578710829054 0.7343579940653299 0.5293075431778 0.8023186039724747 0.5830048242387973
0 0.18023501627751243 0.30944901109139705 0.17532245049024417 0.27451520237969357 0.16242643302508247 0.2763287044433876 0.16733899881235073 0.31126251315509107
2 0.2321393440502391 0.743483580379915 0.19136247926543667 0.7215296086814731 0.1350356787139389 0.8261498733605955 0.1758125434987413 0.8481038450590375
2 0.6050287865825623 0.3391544253931805 0.5782624622714728 0.31265576351912383 0.5345441828614514 0.3568156403677397 0.5613105071725409 0.3833143022417964
2 0.2735007556247314 0.24104014031641768 0.22975720742002934 0.20474918714912735 0.2061576943285746 0.2331950213978128 0.24990124253327664 0.26948597456510315
0 0.4514291478516058 0.015891183289331368 0.44378602611488027 -0.003417760818610953 0.43014416556124374 0.0019821409235040253 0.4377872872979693 0.021291085031446347
2 0.30002223513089843 0.21792005884593582 0.2579333467366217 0.18228925248565642 0.23675517418749445 0.20730596784713165 0.27884406258177113 0.24293677420741105
0 0.7032953821451808 0.9267203568048465 0.6849214290200473 0.8809896326073005 0.6649337843392735 0.8890203833310353 0.6833077374644071 0.9347511075285814
2 0.939363029504447 0.6316331636501841 0.8691363432118173 0.5752504421149062 0.8366052464714927 0.6157690808632778 0.9068319327641223 0.6721518023985558