0 0.9203125000000001 0.08703703605769242 0.9020833341346154 0.08703703605769242 0.9020833341346154 0.11388888942307702 0.9203125000000001 0.11388888942307702
2 0.8885951146644477 0.4429079824117289 0.8182727811811623 0.3967589387019747 0.7919340166361342 0.4368941882105516 0.8622563501194195 0.4830432319203058
0 0.1901696786276745 0.3154620316086169 0.183375375005664 0.2757746806528511 0.17250730291828317 0.2776352478050872 0.17930160654029365 0.31732259876085295
2 0.4549216995342033 0.15588579262161478 0.4339258195814076 0.10256293256865955 0.4097112704462126 0.11209741301942173 0.43070715039900836 0.16542027307237697
2 0.9922653168825188 0.5371434601364821 0.9291360421904206 0.48346832301284925 0.9012430516897088 0.5162742803641576 0.964372326381807 0.5699494174877904
2 0.29892166292036904 0.202385530570026 0.25804185463028684 0.15968073142502656 0.2331614366012778 0.18349788405345877 0.27404124489136006 0.2262026831984582
2 0.2454104033108928 0.16002009073288687 0.20715017279350728 0.12115255657087855 0.19088234845452037 0.13716619681447184 0.2291425789719059 0.17603373097648017
3 0.25189950848628234 0.2220077618047273 0.21063819756593974 0.1349005458943478 0.17577889248414522 0.15141284754943507 0.21704020340448787 0.23852006345981458
3 0.23529431984411664 0.2625199628051315 0.19052747106447565 0.14882637914947244 0.13975357363037375 0.16881860136026652 0.1845204224100147 0.2825121850159256
3 0.1757670763041624 0.16504703313520105 0.08221266270025678 0.08345661252023119 0.04024071449746943 0.13158310791428512 0.13379512810137506 0.213173528529255
2 0.81882403589069 0.5379626133843955 0.7586445899477827 0.48035493087466274 0.72765562877544 0.5127273234523848 0.7878350747183472 0.5703350059621177
2 0.9109912658041542 0.6202501278068173 0.8451286751352665 0.5480070967566084 0.8094275423353048 0.5805551371950733 0.8752901330041924 0.6527981682452823
2 0.8840513282558237 0.5090051392217175 0.8205188545989238 0.44955955236218365 0.7867241876277075 0.4856776042230538 0.8502566612846073 0.5451231910825877
2 1.0223873764339082 0.6950326252349749 0.9308051251812846 0.6472741775918162 0.9048341496384562 0.6970764748777447 0.9964164008910799 0.7448349225209033
3 0.08151141568271464 0.10357041974022975 0.03455957389171556 0.0573521830977651 0.009700548035418635 0.08260578716994695 0.0566523898264177 0.1288240238124116
1 0.17844015509578673 0.10438157905718036 0.04894728596934568 -0.017494051099447436 0.0032524193401878565 0.031056749225074454 0.1327452884666289 0.15293237938170226
2 0.4032586147781923 0.06766638920576346 0.3730654703947626 0.03709583169333152 0.3517494798368305 0.05814866268372945 0.38194262422026015 0.08871922019616138