2 0.9279030366103209 0.6318684493415408 0.8587735702978436 0.5774714936151262 0.8275112384412927 0.6172007080181576 0.8966407047537701 0.6715976637445723
3 0.3417022463255829 0.15414333702695016 0.25405210851967214 0.08488891048515304 0.21151355899909186 0.13872676481049576 0.29916369680500265 0.20798119135229287
2 0.8276712459707383 0.5564831337769178 0.7611663126033759 0.5008450217704268 0.7337175994503853 0.5336548129985424 0.8002225328177477 0.5892929250050334
2 0.19156185657098918 0.09249204141073755 0.1653736222119597 0.058469720247622266 0.14172238397592032 0.07667494989192217 0.16791061833494977 0.11069727105503747
2 1.0248857066785027 0.7198344181654244 0.9507767810382591 0.6524959395542798 0.9179747563168916 0.6885959949915722 0.9920836819571353 0.7559344736027167
3 0.9820556622173519 0.41726673817023924 0.8541997981740901 0.3377773960115069 0.7998519361323932 0.4251940568057212 0.9277078001756549 0.5046833989644535
3 1 0.4583333341346155 0.9640625 0.4583333341346155 0.9640625 0.5555555552884617 1 0.5555555552884617
2 0.29817326356190843 0.23291616008194227 0.2593027774861622 0.19283097499547666 0.23519219632500474 0.2162109346309719 0.27406268240075093 0.2562961197174375
2 0.2682152791430403 0.26086111060151096 0.2348819445139194 0.2164166662608516 0.20743749948571427 0.23700000088021972 0.24077083411483516 0.2814444452208791
1 0.2395792107372798 0.24969557951807383 0.11239711575952241 0.12544201081865064 0.06827331691726361 0.1706057613159164 0.19545541189502103 0.2948593300153396
2 0.11101434397465398 0.07004591754919945 0.08225466816069932 0.035534303585871764 0.05776696166330527 0.05594072390109303 0.08652663747725994 0.09045233786442072
3 0.10366273742216772 0.1681751994939751 0.06257152709367214 0.10242925538231036 0.028405899866955745 0.12378276993514034 0.06949711019545134 0.18952871404680507
2 0.08978999111447328 0.129611030692596 0.08580854567669276 0.08537271691362126 0.06485328261280264 0.08725868926193596 0.06883472805058317 0.13149700304091072
1 0.23089726465302454 0.17903457433885556 0.10469424614312002 0.07528386027952763 0.06904460022634142 0.11864831289364683 0.19524761873624594 0.22239902695297473
2 0.9264129290498708 0.9673070135945003 0.8478054626020501 0.8899277856212229 0.8070564369553932 0.9313236194929071 0.8856639034032139 1.0087028474661845
2 0.6566549376107635 0.7049661134398252 0.6026609672426514 0.6264294107322677 0.566468802710377 0.6513115179756803 0.6204627730784892 0.7298482206832377
2 0.38012480290218537 0.11121538678977849 0.3607900944971905 0.07641290965295272 0.33181996907166106 0.09250742284971733 0.35115467747665596 0.1273098999865431