2 0.7162905698004637 0.44429772626414543 0.653397916111796 0.40154716969233206 0.6290122350203474 0.43742226276323637 0.6919048887090151 0.48017281933504974
2 0.8764074505390173 0.5638451772557629 0.8094975996087613 0.5153837218615789 0.7796347834438208 0.55661476954063 0.8465446343740766 0.605076224934814
2 0.8521530284865969 0.47153104209545726 0.7989337355390027 0.4336862110091066 0.7741824504506886 0.4684927051625315 0.8274017433982828 0.5063375362488821
2 0.8612179490711765 0.3812054851626506 0.814209402399263 0.3498664510346731 0.7921474354991658 0.38295939820280483 0.8391559821710793 0.41429843233078234
2 1.0255371907976594 0.6922645060269043 0.9394371172147051 0.6196177051538438 0.907127365189194 0.6579108163908332 0.9932274387721483 0.7305576172638936
2 0.8405235626793833 0.14319460341135087 0.8309607911050636 0.11159263497311096 0.7866620902822941 0.12499744416514466 0.7962248618566138 0.15659941260338456
2 0.6468490552491525 0.12573749246995092 0.6396517270175817 0.09092040290212475 0.5946852466356304 0.1002157955597138 0.6018825748672011 0.13503288512753994
2 0.7002408631082049 0.1252306735327619 0.6992028997385513 0.08832536942696637 0.6649331328377651 0.08928920819192027 0.6659710962074186 0.12619451229771578
2 0.1645833341346154 1.9039430705494006e-17 0.1463541658653846 1.792321607689241e-17 0.1463541658653846 0.005555555288461556 0.1645833341346154 0.005555555288461558
3 0.3735860861019408 0.1723723779959409 0.28474444029239565 0.10776025670327234 0.24392361469594726 0.1638888786512471 0.3327652605054924 0.22850099994391565
2 0.209429735014368 0.10376046415396169 0.18062623878039177 0.07389017504562122 0.16119464677511616 0.09262778368121485 0.1899981430090924 0.12249807278955532
2 0.2217230447798417 0.7284833287327028 0.17974397399913103 0.7078217606864624 0.1292040610981702 0.8105060572593182 0.1711831318788809 0.8311676253055585
2 0.3071405225087452 0.8116880410255429 0.2690326015943917 0.7952229345069625 0.22369905042107913 0.9001458744788279 0.2618069713354326 0.9166109809974083
3 0.25249457763638894 0.944769148183872 0.1966454905844344 0.9259200820288016 0.17164351923076931 1 0.22749260628272386 1.0188490661550704