2 0.8892106330400028 0.4428959753809793 0.8188882995567173 0.39674693167122554 0.7916461659201394 0.43825874323629943 0.861968499403425 0.4844077869460532
0 0.18912801008186042 0.31546203225125863 0.18233371083117084 0.2757746806620723 0.17146563549262586 0.27763524714414595 0.17825993474331542 0.31732259873333224
2 0.8401572892245684 0.8846239839702618 0.7608023276725017 0.803465501416052 0.7184440225143285 0.8448825113384877 0.7977989840663953 0.9260409938926977
2 0.4728892342438098 0.2187135889122998 0.4476079314444341 0.21515840641119194 0.4387068826905471 0.27845476565826255 0.4639881854899227 0.2820099481593704
2 1.0185798748373758 0.5563368353234049 0.9554161108774415 0.5026323758868171 0.9266688468937029 0.5364430764471085 0.9898326108536373 0.5901475358836964
2 0.29838012065724706 0.20258040405193586 0.25533282023608567 0.1613727266289202 0.23156631617910392 0.1862002321832667 0.2746136166002653 0.22740790960628238
2 0.2448895692461108 0.16094601603828365 0.20662933972595335 0.12207848328975207 0.19036151535162607 0.13809212373310867 0.22862174487178352 0.17695965648164025
3 0.250636746984043 0.2196505095856563 0.20364119618774618 0.1361028677422871 0.17317630942321072 0.15323936737120852 0.2201718602195075 0.23678700921457768
3 0.23425265054996539 0.26344588898908017 0.18987135990989207 0.150731495726741 0.13909746448618096 0.17072371628089567 0.18347875512625428 0.28343810954323484
3 0.17455320300050628 0.1685181621634722 0.08432454748577167 0.08214544158959401 0.04191486282758577 0.12644842060990816 0.13214351834232035 0.21282114118378637
2 0.8188240365364009 0.5398144559416846 0.7586445812877888 0.4822067854328841 0.7276556288578706 0.5145791806275959 0.7878350841064827 0.5721868511363964
2 0.9104704328663421 0.62117605460033 0.844607841000651 0.5489330222373778 0.8089067082006896 0.5814810626758427 0.8747693000663807 0.6537240950387949
2 0.8846703272724277 0.5058228234691167 0.8184980532279097 0.4499899645597832 0.7853682388259545 0.4892549278891769 0.8515405128704725 0.5450877867985104
2 1.0223873764339082 0.6950326252349749 0.9308051251812846 0.6472741775918162 0.9048341496384562 0.6970764748777447 0.9964164008910799 0.7448349225209033
3 0.07942808388353632 0.10449633125240439 0.032476230645677145 0.058278113577417086 0.007617210718537779 0.08353172814697513 0.05456906395639695 0.12974994582196242
1 0.16886246768854016 0.09346203359711096 0.032089524551747906 -0.017140025008294552 -0.009038604692437505 0.033719926003166 0.12773433844435475 0.1443219846085715
2 0.46229780275884724 0.1711097413175359 0.45185660316009835 0.12412445155077911 0.4299938674108358 0.12898284848449906 0.4404350670095847 0.17596813825125585