2 0.11026251769636862 0.15911825033765473 0.08442800912208498 0.11686448015069294 0.058516555957931655 0.13270708202928289 0.08435106453221529 0.17496085221624466
3 0.7703461501776487 0.35631482893734867 0.6932971735075013 0.30476473503675244 0.6585422822106557 0.3567108830664304 0.7355912588808031 0.4082609769670267
2 0.32892552681650256 0.8245556210938211 0.29124896512096676 0.8073185937496802 0.24648889588077544 0.9051548085769283 0.2841654575763112 0.9223918359210692
2 0.2730455447875624 0.9491313693223913 0.22153353540319273 0.9262371198149701 0.18874999999999995 0.9999999999999999 0.2402620093843696 1.022894249507421
0 0.4603284183724949 0.6292703315203465 0.446219142232188 0.5866289646426142 0.42907085523237154 0.5923030303288151 0.44318013137267853 0.6349443972065475
3 0.4323865300733903 0.06943808260739569 0.3862084277850599 0.03786331433420079 0.3584984053859807 0.07838922533013065 0.40467650767431096 0.10996399360332555
2 0.08658909178976522 0.07557040357507445 0.05668692463437725 0.04285691942661896 0.03597288274517155 0.061790847106834614 0.0658750499005595 0.0945043312552901
2 0.785036488108656 0.16385316657867047 0.7764211039832075 0.12993008995379998 0.7357965976383842 0.14024742440249133 0.7444119817638326 0.1741705010273618
2 0.4808125004653844 0.16262036805336497 0.44647916497692275 0.13687037015096173 0.42542361094743597 0.16494444623942364 0.4597569464358976 0.19069444414182687
2 0.7896857055301105 0.6626896071898126 0.7238818411419677 0.5962530108934642 0.6914013560619998 0.6284241568373268 0.7572052204501426 0.6948607531336752
3 0.9629912246852336 0.9782475806989464 0.8411458341346153 0.8490740745192309 0.7711963583176331 0.915055261000872 0.8930417488682514 1.0442287671805874
3 0.42837896746977616 0.4205183243229426 0.32011873018501 0.3135946290650472 0.27017402528221196 0.3641636408341693 0.3784342625669782 0.4710873360920647
2 0.8271573688648439 0.5611107610625081 0.7669779226651497 0.5035030787634885 0.7359889616574714 0.5358754714257384 0.7961684078571655 0.5934831537247579
2 0.9203662664247048 0.6443242003702884 0.8545036737199067 0.5720811717757909 0.8188025434722407 0.6046292119998697 0.8846651361770388 0.6768722405943671
2 0.20156249999999998 2.2190344914864593e-17 0.1604166658653846 1.967088921130436e-17 0.1604166658653846 0.03240740625000002 0.20156249999999998 0.03240740625000003
2 1.0270611899480977 0.7226687843982457 0.9456188189657839 0.6623410998688277 0.9154298614722395 0.7030961909176087 0.9968722324545533 0.7634238754470265
3 0.2071115152577834 0.22967698040422097 0.1589698915526518 0.17890262019647743 0.13250820611239006 0.20399222246534773 0.18064982981752167 0.25476658267309127
1 0.5138290149473846 0.4204362560705834 0.33891533974418847 0.24841714149277458 0.2833773686983443 0.3048896483580697 0.45829104390154046 0.4769087629358785