0 0.7682018468799925 0.06598361818104746 0.7499947810665037 0.063935320204588 0.7465234111021242 0.09479189582532563 0.7647304769156129 0.0968401938017851
2 0.8895892514687049 0.451042689948765 0.819144339891736 0.4052248657293593 0.7925755271407879 0.44607441930010405 0.8630204387177568 0.4918922435195098
0 0.1917321786276745 0.3173138849740015 0.1849378750056641 0.2776265340182358 0.1740698029182832 0.2794871011704719 0.18086410654029358 0.3191744521262376
2 0.32463721055977185 0.02051086115987708 0.28769037898449645 -0.012330778748969809 0.26654094775221837 0.011462322808098113 0.30348777932749377 0.044303962716945
2 0.9879241435175987 0.5370353400284817 0.9275295083678781 0.48568531939352827 0.8976498419610912 0.5208278865964107 0.9580444771108119 0.5721779072313642
2 0.30160650206165623 0.20992000289851148 0.2596059818984867 0.16843800608016662 0.23543089119078514 0.19291528448028067 0.27743141135395466 0.23439728129862553
2 0.24801456924611076 0.16742749921136055 0.20975433852417916 0.12855996524197932 0.1926268351100286 0.14541985228375306 0.2308870658319602 0.18428738625313426
3 0.2549806799067451 0.22962464028041307 0.21330047879711594 0.14394866632320225 0.17909560139164718 0.16058887597990448 0.22077580250127637 0.24626484993711534
3 0.23789848570950126 0.2708532969397469 0.19313163692986027 0.15715971328408784 0.14235774157694003 0.1771519346754166 0.187124590356581 0.29084551833107564
3 0.17896290013068705 0.17204451590640896 0.08481683369681156 0.08993808928680527 0.043303545752496245 0.1375386599802687 0.13744961218637172 0.21964508659987242
2 0.8214282036025633 0.5472218633411465 0.7612487483539512 0.48961419283234603 0.7302597947232552 0.5219865892814419 0.7904392499718674 0.5795942597902425
2 0.9146370986260259 0.6304353140997746 0.8487745068660355 0.5581922818527626 0.8130733753788177 0.5907403210944241 0.8789359671388082 0.6629833533414362
2 0.8861346592626977 0.5173384795898351 0.8226021910722282 0.457892883404865 0.7888075199124007 0.4940109309686973 0.8523399881028701 0.5534565271536674
2 1.0233329422846678 0.7010318952496287 0.9344509569120538 0.6546815862456625 0.9084799818831709 0.7044838825460426 0.997361967255785 0.7508341915500087
3 0.08359475335454113 0.1109778132046311 0.036642897694057756 0.06475959314487381 0.011783876583922402 0.09001320891620591 0.058735732244405765 0.13623142897596321
1 0.19001225506704705 0.11086386820762062 0.05175943464972026 0.0006340088973929314 0.012840726471560253 0.04944674626546342 0.15109354688888704 0.1596766055756911