2 0.4037224114309438 0.10846721538220085 0.36266284402534343 0.07805272773396445 0.3404824513343766 0.107996264488898 0.38154201873997695 0.13841075213713439
2 0.06517095447634062 0.11915543676595665 0.04106025083168518 0.07815559873044066 0.015465510142850785 0.09320705349657224 0.03957621378750623 0.13420689153208826
3 0.9493295839761424 0.49576661697464885 0.8604258583597537 0.42913724512187057 0.8193884656546742 0.4838935335216125 0.9082921912710629 0.5505229053743907
2 0.3148559606753901 0.8472108796936058 0.27711286808664465 0.8299969694013262 0.2318448633016025 0.9292512624062049 0.2695879558903479 0.9464651726984846
0 0.37256529620642326 0.5251248763016952 0.36201471477200076 0.4859065490565563 0.34735975546163805 0.48984905126109113 0.35791033689606044 0.5290673785062301
3 0.5819959765170837 0.1744945990361157 0.5309367732381911 0.1385936138181378 0.4992217676781495 0.18369942097215605 0.550280970957042 0.21960040619013393
2 0.8581250001738163 0.11465277975591708 0.838441507205493 0.09934339381258567 0.812079325440587 0.13323762192336203 0.8317628184089103 0.14854700786669345
2 0.6387733136553979 0.28099660332632365 0.5963955160239186 0.24870875218969152 0.5730573977026482 0.2793400274372484 0.6154351953341274 0.3116278785738805
2 0.7057347855020208 0.583603589871069 0.6442451949176888 0.5211379772570311 0.6149498859494298 0.5499755485081124 0.6764394765337618 0.6124411611221502
2 0.5063304689792394 0.4010076595809575 0.45922530115128324 0.3531548086704881 0.43237678310399297 0.37958382856139744 0.47948195093194906 0.42743667947186686
3 0.9381164979011957 0.8775599309950125 0.8203558289623323 0.754939297472881 0.767746738833136 0.8054632710320369 0.8855074077719997 0.9280839045541683
3 0.6438931764296923 0.6434726234471179 0.5315401362413581 0.5196346107493196 0.47396121597840957 0.5718735525844946 0.5863142561667438 0.6957115652822929
3 0.3225162857512014 0.31442656281507325 0.2288983196372484 0.22364551166898347 0.18371769380759273 0.27023803559912835 0.2773356599215457 0.36101908674521815
2 0.8255948697679307 0.5601848308578654 0.7654154190169735 0.5025771544282974 0.7344264628985642 0.5349495477295867 0.7946059136495214 0.5925572241591547
2 0.9182829328663421 0.6424723502734072 0.852420341000651 0.5702293179104547 0.8167192082006894 0.6027773583489197 0.8825818000663805 0.6750203907118723
2 0.3903746547797803 0.15330980036564368 0.355864409260109 0.11496508533375951 0.3284127524487518 0.13967157788935547 0.3629229979684231 0.17801629292123963
2 1.0266367726435977 0.7231260073526685 0.9445771522487267 0.6623411010185859 0.9143881956068548 0.7030961909176088 0.9964478160017258 0.7638810972516914
3 0.14442098283360022 0.17497497470430406 0.09910884451931881 0.12664202647196082 0.07351401904335052 0.1506371750095973 0.11882615735763193 0.19897012324194055
1 0.37617081242230965 0.2895895603087733 0.22308148984329015 0.14500521726873503 0.17505522018800382 0.19585656764966183 0.3281445427670233 0.3404409106897001