0 0.8322916658653846 0.06481481490384625 0.8140624999999999 0.06481481490384625 0.8140624999999999 0.09722222115384625 0.8322916658653846 0.09722222115384625
2 0.8901576146644478 0.44753761221942134 0.8198352811811623 0.40138856850966703 0.7931829502070228 0.4420016334012845 0.8635052836903083 0.48815067711103877
0 0.1917321786276745 0.3173138849740015 0.1849378750056641 0.2776265340182358 0.1740698029182832 0.2794871011704719 0.18086410654029358 0.3191744521262376
2 0.3929429441250635 0.07062061888239474 0.3596175474529283 0.03507353525116694 0.33707192780275225 0.05621005733145243 0.37039732447488755 0.09175714096268023
2 0.9870853022783564 0.532404911644847 0.9246556267115538 0.48324153322175367 0.8971053053142772 0.5182260619860585 0.9595349808810799 0.5673894404091518
2 0.30004400206165616 0.20529037309081916 0.25804348189848664 0.16380837627247433 0.2338683911907851 0.18828565467258837 0.2758689113539546 0.2297676514909332
2 0.24720186484953674 0.15954981526749532 0.2065301763033936 0.12339719019067918 0.1906681088059103 0.14124200969091658 0.23133979735205346 0.17739463476773268
3 0.25393901561089893 0.22406908224216385 0.21225880700816246 0.13839311125113432 0.17805393505622552 0.1550333218223795 0.219734143658962 0.24070929281340903
3 0.23737765157488586 0.26714959261282384 0.19261080311790935 0.15345600977663004 0.14183690776498914 0.17344823116795885 0.18660375622196562 0.28714181400415256
3 0.17896290013068705 0.1664889606179474 0.08481683369681156 0.08438253399834371 0.04330354575249624 0.13198310469180716 0.13744961218637178 0.21408953131141084
2 0.8209073700253052 0.5435181686728571 0.7607279228280144 0.4859104849623467 0.7297389616556719 0.5182828775400687 0.7899184088529627 0.5758905612505791
2 0.9135954322900895 0.6248797556587498 0.8477328395852914 0.5526367270642525 0.8120317093376256 0.5851847672883311 0.8778943020424237 0.6574277958828284
2 0.8856138282558236 0.5136347690294099 0.8220813533996527 0.454189181047751 0.7882866864284364 0.4903072329086211 0.8518191612846072 0.54975282089028
2 1.0230627806864427 0.6977305161073962 0.9334092910466689 0.6509778819187394 0.9074383155038408 0.7007801792046682 0.9970918051436145 0.747532813393325
3 0.08307391688448867 0.10727412284630336 0.03612207389171552 0.06105588502084204 0.011263046833644567 0.0863094903138733 0.058214889826417725 0.1325277281393346
1 0.18692806251029806 0.11027212671874877 0.05020831605836794 -0.0027777924962734254 0.010150523500539419 0.04566710052053274 0.14687026995246955 0.15871701973555494
2 0.3046875 3.5192649602686885e-17 0.2697916658653846 3.30558960238602e-17 0.2697916658653846 0.023148149038461574 0.3046875 0.023148149038461574