2 0.925855351958255 0.6284157637781427 0.8571448729479361 0.5734473805698875 0.8261150631449342 0.6122346428236398 0.8948255421552531 0.667203026031895
3 0.33601919812855646 0.15495642904410406 0.24718013000035216 0.08726951348568693 0.2057326548778793 0.14166931935318197 0.2945717230060836 0.2093562349115991
2 0.8247496962518777 0.5526066815585965 0.7570049710549871 0.4982166599691754 0.7293003178317974 0.5327238005150651 0.7970450430286881 0.5871138221044861
2 0.21413475187925018 0.11716857935915878 0.18646134347650298 0.08254834599330153 0.1630121399755757 0.1012922804533234 0.1906855483783229 0.13591251381918065
2 1.0260604194807004 0.7176085944309466 0.9470741486896197 0.6502069778557907 0.9153261578083562 0.6874116553136985 0.994312428599437 0.7548132718888543
3 0.6765339440564091 0.2121877966893709 0.5780066181356391 0.14489009467648867 0.5294141596742299 0.21603197395198437 0.6279414855949997 0.2833296759648666
3 0.912968954281674 0.4230130709502265 0.810291258914027 0.2966405228054299 0.7667182728506786 0.3320435739819005 0.8693959682183257 0.45841612212669713
2 1.0262876948076984 0.9732238529116574 0.9551369903965283 0.9033710844478968 0.916835022929916 0.9423847416803516 0.9879857273410863 1.0122375101441121
1 0.6390655533748508 0.6505125558579077 0.4416666658653845 0.4472222211538463 0.38063738451719364 0.5064828459207473 0.57803627202666 0.7097731806248088
2 0.7012329657853135 0.5715295236563301 0.6322916658653848 0.5083333341346153 0.5984787741998591 0.5452201262516001 0.6674200741197878 0.6084163157733149
3 0.2522060395587537 0.3789606978159134 0.21800390969475486 0.37588250506262566 0.20732566030797356 0.4945296794011324 0.2415277901719724 0.49760787215442015
2 0.28653315071562113 0.27881573257520836 0.25202797446368896 0.24352635017819033 0.22822098765636725 0.26680429442137077 0.2627261639082994 0.3020936768183888
1 0.4776114905724101 0.39709822714050114 0.3192560297281819 0.2583203600070541 0.26758093811977535 0.3172853312581847 0.42593639896400354 0.4560631983916317
0 0.47614413383194637 0.6643564627432075 0.4701973976861034 0.6157254073893793 0.4501395345890663 0.6181781367948934 0.4560862707349092 0.6668091921487215
2 0.31289085630974517 0.8252019834849933 0.27606194685473995 0.8101356113035193 0.23231932151731913 0.917062027860321 0.2691482309723243 0.9321284000417948
2 0.5223275549181636 0.41959276242614446 0.47443564806131217 0.3737475124424755 0.4472535983743734 0.4021430428899899 0.49514550523122486 0.4479882928736589
2 0.22018448140036184 0.7612359220526905 0.17989749878718314 0.7402912692725944 0.12734161399910657 0.841382370610382 0.16762859661228527 0.8623270233904781
2 0.2062672871977559 0.27588750224817243 0.176210712422118 0.23166633454224358 0.14790342515429836 0.2509064437613996 0.17795999992993622 0.29512761146732835
3 0.9033980535002452 0.4142593014851878 0.7149519357278002 0.29230811749725355 0.6619162650917108 0.3742619444959151 0.8503623828641557 0.4962131284838494
2 0.604041796011475 0.30509638779832654 0.55261099771884 0.2685233774374374 0.5271600310275187 0.3043138010678016 0.5785908293201536 0.3408868114286907
2 0.10271838178663403 0.1824704862485804 0.07061319291571347 0.13871230417913372 0.04803170204887454 0.15528024633258616 0.08013689091979512 0.1990384284020328
2 0.8578870565715291 0.10123330750656656 0.8146902512239266 0.09602655011250016 0.8108436561920259 0.12793904463998165 0.8540404615396284 0.13314580203404805
3 0.24687500000000015 0.9537037043269231 0.18741987259615397 0.9537037043269231 0.18741987259615397 1 0.24687500000000015 1