3 1.0239217184816805 0.9749345792658842 0.9355774662788247 0.8906213593487379 0.8851549891240805 0.9434545454472983 0.9734992413269363 1.0277677653644448
2 0.6921733754162361 0.7750229670526942 0.6233425445838255 0.7064980627711115 0.5886391881638006 0.7413563508651466 0.657470018996211 0.8098812551467294
2 0.4895800331128325 0.6503725502320806 0.46155260637631546 0.6079271682475257 0.3945967625196636 0.6521392808621993 0.4226241892561806 0.6945846628467542
2 0.22361368564145664 0.7515386313816159 0.18325760329159857 0.7288383349506847 0.12826409470399472 0.8266045719697281 0.1686201770538528 0.8493048684006593
2 0.13739129242869805 0.9007362694918968 0.09450971034007748 0.8794347032133845 0.04147701365226751 0.9861933286902927 0.08435859574088808 1.0074948949688052
2 0.17525996708396294 0.6200173938459925 0.13863128475614753 0.595698351389476 0.07310508593115204 0.6943921352916005 0.10973376825896748 0.718711177748117
2 0.35003327026422154 0.4296701054050318 0.32033931511781544 0.38820096348629574 0.25075320192533956 0.43802805969193354 0.2804471570717456 0.47949720161066967
3 1.0592308040495018 0.6592604787369574 0.7864607675381 0.45636319064630587 0.7128814374569086 0.555281400650986 0.9856514739683104 0.7581786887416373
2 0.8051705810680859 0.47586884681998415 0.7927692434206558 0.4369209014304374 0.744552238544759 0.4522735818307304 0.7569535761921892 0.4912215272202772
2 0.8520490426160237 0.4043080292742394 0.8063048840545759 0.37214416623938185 0.7830005488405601 0.40528810806141186 0.828744707402008 0.43745197109626943
2 0.6437203550493732 0.1557671712863731 0.6374223743786399 0.12388364536707554 0.5932029598281404 0.13261834487349464 0.5995009404988736 0.16450187079279216
2 0.7020271534749541 0.15037149175238573 0.6933817377119914 0.11876168884935111 0.6564645211461759 0.12885870486055095 0.6651099369091387 0.16046850776358557
2 0.7673758458729754 0.20372927993901202 0.7527572501463596 0.17607024092890494 0.7185954520702664 0.19412573140296654 0.7332140477968824 0.22178477041307362
3 0.9505598945856897 0.18934543768075468 0.9489742684980291 0.115316481377912 0.8520894110870058 0.11739165797207776 0.8536750371746662 0.19142061427492046