2 0.9238487512111159 0.6067538157358237 0.8537782444113181 0.5553440602372001 0.8234467938950177 0.5966852432293475 0.8935173006948154 0.6480949987279712
3 0.3354522463255829 0.14858778173848863 0.24780210851967202 0.07933335519669155 0.20526356016842076 0.13317120804210225 0.2929136979743316 0.20242563458389934
2 0.8134495185877575 0.5258542492475541 0.7445953479632207 0.4723010164627909 0.7171674649169153 0.5075654447883479 0.7860216355414521 0.5611186775731112
2 0.2063222518792502 0.1060574687822357 0.1786488423041073 0.07143723394967752 0.1551996399755757 0.0901811674725542 0.18287304955071865 0.12480140230511237
2 1.0259102018027357 0.6974179036677491 0.9471932272021578 0.6297796121207366 0.9153915685381089 0.6667901619152156 0.9941085431386869 0.7344284534622282
2 0.30820335630974516 0.8159427238696088 0.27027931373404485 0.8004283426802979 0.2265366875542142 0.9073547612963234 0.2644607301299145 0.9228691424856342
2 0.22077673785178129 0.7385743859491132 0.1807407534204358 0.7180708818874197 0.12862682553182403 0.819830678619081 0.16866280996316949 0.8403341826807744
2 0.6452030519169496 0.13165118651198818 0.6423368411700918 0.10048115828196355 0.5988989221768348 0.10447545143180709 0.6017651329236927 0.1356454796618317
3 0.24531250000000013 0.9379629639423077 0.17645348798076937 0.9379629639423077 0.17645348798076937 1 0.24531250000000013 1
2 0.7051715686651582 0.12327205899321274 0.6981617647058822 0.09172794117647064 0.661090686312217 0.09996595859728506 0.668100490271493 0.13151007641402718
2 0.7590441570263669 0.16507267743253679 0.7386476273269763 0.15638097382478688 0.720510267312075 0.19894330900181942 0.7409067970114656 0.20763501260956932
2 0.29401299529516 0.0687165419888747 0.2861257656085648 0.029455657560822152 0.2510102191473221 0.036510118624165686 0.25889744883391724 0.07577100305221823
2 0.3827776013394146 0.10460894671932318 0.34533946499633306 0.0824233879084357 0.3278775373334746 0.11189039544372943 0.3653156736765561 0.1340759542546169
2 0.9245325848742603 0.43105413110207114 0.8757211525517749 0.3985131762204144 0.8539797002588755 0.43112535465976354 0.9027911325813609 0.4636663095414203
2 0.9382368393026479 0.543654060888908 0.881458464755768 0.4967055340058181 0.8536041292997079 0.5303918708575981 0.9103825038465878 0.577340397740688