2 0.3217261494942963 0.41961852352808265 0.2953139999493518 0.388254095943461 0.23457749870262437 0.43940062330912605 0.2609896482475689 0.4707650508937477
2 0.5595688041901745 0.3680208516558933 0.5079079911391149 0.34790293724438914 0.4911647948680414 0.3908978081213874 0.542825607919101 0.4110157225328917
2 0.7055102489814651 0.4535118770944236 0.638686734708751 0.4115833957721193 0.6142147035390787 0.45058569379427493 0.6810382178117927 0.4925141751165793
2 0.8157730531461898 0.46459390726142585 0.7621943736810256 0.43284358021593444 0.7391825300433484 0.47167606822146096 0.7927612095085125 0.5034263952669524
2 0.8509611427252349 0.3976340592909177 0.8040281579905871 0.3678353376783701 0.7827795783855076 0.40130184926919693 0.8297125631201555 0.43110057088174447
2 0.8888101920872011 0.597169829763675 0.8103086450758574 0.5362359240580499 0.7758819408514402 0.5805880710084663 0.854383487862784 0.6415219767140914
2 0.645737491777479 0.15108803707431118 0.6394143233112506 0.12026258840745983 0.5945559508144254 0.12946430512807566 0.6008791192806537 0.16028975379492702
2 0.7021659809249202 0.14357269490425162 0.6925755123638229 0.11210396980847241 0.6565539088999225 0.12308198224746968 0.6661443774610197 0.15455070734324888
3 0.5940488500172085 0.3228986135909882 0.5928759970625279 0.23581423983846547 0.4875994684871043 0.23723210486151874 0.4887723214417849 0.32431647861404156
2 0.4074740919963863 0.26120354391638245 0.3717258482048843 0.23104096829273615 0.3498972012471351 0.2569119616329898 0.38564544503863707 0.28707453725663606
2 0.45565619491655635 0.6592232454016762 0.42499409127138416 0.6228119948354236 0.36655467753562126 0.6720241293560061 0.39721678118079345 0.7084353799222587
2 0.2268343042228071 0.7417202131577612 0.18433322609610162 0.721228619666276 0.13616900834704443 0.8211247640200542 0.17867008647374988 0.8416163575115393
3 0.3394994252774633 0.7646239890769896 0.28868161799686176 0.7439244942324226 0.23263229541706038 0.8815270634959046 0.2834501026976619 0.9022265583404715
2 0.9432943817250975 0.5673612032382317 0.8850785179058006 0.5195943382324605 0.8582546792489983 0.5522858899632789 0.9164705430682952 0.6000527549690501