2 0.9281383533061169 0.5046385247976619 0.8594417689344364 0.4588408150940931 0.8311298063765944 0.5013087711812309 0.899826390748275 0.5471064808847997
2 0.2659308920029787 0.3145676274603129 0.2311182220708172 0.27148695610148166 0.2050330286929758 0.29256590400402505 0.23984569862513733 0.3356465753628563
3 0.44095668878699457 0.12936245916443553 0.39057362447204935 0.08721192446983096 0.3565575943619794 0.12787171313424725 0.4069406586769247 0.17002224782885184
2 0.3289671911897626 0.8330245886688876 0.29148997819761713 0.8157193456427195 0.24715503236690395 0.9117336116880085 0.2846322453590494 0.9290388547141765
2 0.27728954841045 0.9405135764091731 0.22445522771696524 0.9196407412979126 0.1927083341346155 1 0.24554265482810028 1.0208728351112606
0 0.651183141856872 0.8940529633036116 0.637250319076483 0.8414178764572456 0.6160919383878706 0.8470186265674319 0.6300247611682596 0.899653713413798
2 0.07520557573497041 0.13103311476698976 0.0497003987517411 0.09475908702367401 0.024693593264517387 0.11234199797721044 0.050198770247746695 0.14861602572052618
2 0.4697898614011943 0.412038965306343 0.423127818261155 0.3682932922911867 0.3977917828332217 0.39531839207022507 0.44445382597326094 0.43906406508538137
2 0.7216382729115781 0.1847972421081668 0.7138071177056922 0.151025400530941 0.6701612769667472 0.161146179764625 0.6779924321726329 0.19491802134185085
3 0.7418715655175432 0.7805332734434096 0.5868502208620046 0.6105839456840464 0.5230152551259163 0.6688117854461453 0.6780365997814548 0.8387611132055086
2 0.8250740358906901 0.5685181686728572 0.7648945899477828 0.5109104861631244 0.7339056287754401 0.5432828787408465 0.7940850747183474 0.6008905612505793
2 0.9182829316695389 0.6508056830952789 0.8524203410006508 0.5785626520450701 0.8167192082006894 0.6111106924835349 0.8825817988695774 0.6833537235337437
2 1.0268489812958475 0.7293788766446873 0.9450979848311678 0.6688225806380589 0.9149090261878654 0.7095776732390137 0.996660022652545 0.770133969245642
3 0.4176288783868626 0.44807640804568155 0.35972994089700083 0.37208406511644754 0.3226334579598408 0.4003480567750872 0.3805323954497026 0.47634039970432124
1 0.9873193869293176 0.8961016969323542 0.7125576209845997 0.6000620820141807 0.6345759930906697 0.6724387799682786 0.9093377590353876 0.9684783948864522