2 0.35396702014915343 0.3988016033400314 0.3317993480261379 0.3625812128207144 0.2688940247305163 0.40108064812818134 0.29106169685353184 0.4373010386474983
2 0.5886168373574573 0.3796630386013521 0.5362113385253584 0.35637170690686154 0.5175687274297183 0.39831758388868066 0.569974226261817 0.4216089155831711
2 0.7290932326118917 0.4678877510828942 0.6607001699233803 0.42920077308447635 0.6379566203453931 0.469408126889939 0.7063496830339046 0.5080951048883569
2 0.817780172079751 0.4732120037846998 0.7676688214892601 0.42866858317910794 0.7398527299241213 0.4599616876943657 0.7899640805146121 0.5045051082999575
2 0.851230490940795 0.3944320552566087 0.8047164909927476 0.36489936085245134 0.783198565287948 0.3987900983997251 0.8297125652359955 0.4283227928038825
2 0.9225860179465861 0.6221689476428167 0.8394818282608069 0.559132885534959 0.8048857406762544 0.604742965366613 0.8879899303620337 0.6677790274744706
2 0.6457374913042929 0.15016210928675958 0.6394143233112506 0.11933666292669062 0.5945559508144254 0.12853837964730647 0.6008791188074677 0.15936382600737536
2 0.7021659809249202 0.14172084394271314 0.6925755123638229 0.11025211884693392 0.6565539095702622 0.12123013108163724 0.6661443781313594 0.15269885617741646
3 0.571364233645259 0.24365817922581695 0.46875000000000006 0.238888889423077 0.4648422516735379 0.3229665228619379 0.5674564853187968 0.32773581266467783
2 0.3829529503804997 0.2498543453116961 0.3494103158704491 0.21750967047575212 0.32861347547829417 0.2390767698445392 0.3621561099883447 0.2714214446804832
2 0.4257391958848234 0.6679142231381949 0.39050869707135705 0.6390071292286617 0.3367562242075926 0.7045179148293965 0.371986723021059 0.7334250087389296
2 0.22719653011086652 0.7391170789553995 0.18445396935908345 0.7185090563283142 0.13655373945563867 0.8178576703958031 0.17929630020742177 0.8384656930228883
3 0.32173958869031904 0.7986274190479273 0.2705742209178095 0.7785602686500648 0.21332865583735205 0.9245197264014122 0.2644940236098616 0.9445868767992748
2 0.9677981925754455 0.5870110699740377 0.908699212775346 0.5364242930263667 0.8812201384832968 0.5685272526237168 0.9403191182833963 0.6191140295713878