2 1.0044429366707126 0.5610515303544001 0.9319119351271621 0.5159211308817843 0.9035655486380263 0.5614778249554787 0.9760965501815768 0.6066082244280946
2 0.24396317933261488 0.29797082710616934 0.21407260207889378 0.2494527907516457 0.18588293227492247 0.2668196416455181 0.21577350952864358 0.31533767800004175
3 0.47507045301331713 0.14934423530345114 0.4206131096158512 0.11105393395182483 0.38968816031802944 0.15503610499810144 0.44414550371549527 0.19332640634972778
2 0.32892552590708896 0.8310371038508412 0.29124896512096676 0.8138000769227569 0.2464888958807754 0.9116362917500054 0.2841654566668975 0.9288733186780895
2 0.27728954841045106 0.9395876509284053 0.2242460357463729 0.9186321720081287 0.19210069471153862 1.0000000000000002 0.2451442073756168 1.0209554789202768
0 0.6369641977940795 0.8576572412998694 0.6130208341346154 0.8129629639423077 0.5949060885685732 0.822667292244039 0.6188494522280373 0.8673615696016008
2 0.05827976852643142 0.11378306497476592 0.03289274126611897 0.07665453464067072 0.00770931198664486 0.0938739720887256 0.03309633924695731 0.1310025024228208
2 0.412028086061155 0.3619826776011298 0.3654120608410593 0.32002826458483286 0.3420551349280369 0.34598041047714745 0.3886711601481326 0.38793482349344444
2 0.7230309383197481 0.18227292593022731 0.7139602644574083 0.14947271773431264 0.6729317323905045 0.1608188784417859 0.6820024062528441 0.19361908663770058
3 0.6905277848203318 0.7357803773320254 0.5627682533585282 0.5562759422811405 0.4917991586243679 0.6067871081413847 0.6195586900861715 0.7862915431922697
2 0.8250740358906901 0.5675922431920879 0.7648945899477826 0.509984560682355 0.73390562877544 0.5423569532600772 0.7940850747183473 0.59996463576981
2 0.9182829316695389 0.6508056830952789 0.8524203410006508 0.5785626520450701 0.8167192082006894 0.6111106924835349 0.8825817988695774 0.6833537235337437
2 1.0270611899480977 0.7282243396867071 0.9456188189657839 0.6678966551572892 0.9154298614722395 0.7086517462060701 0.9968722324545533 0.7689794307354879
3 0.3895379479717574 0.4117491708989978 0.3287001542145668 0.34765667997127186 0.29565176830694245 0.3790268273435021 0.35648956206413307 0.4431193182712281
1 0.9105660040633311 0.8166607288839607 0.6551901368745311 0.5412827486756044 0.5786849313147903 0.6122309893428274 0.8340607985035903 0.8876089695511836