2 0.14709967530865106 0.6592611007390166 0.11014932516561024 0.6388229387508244 0.049998480111359545 0.7475702315572144 0.08694883025440037 0.7680083935454065
2 0.3788030672176497 0.41744736844023406 0.35553753870747745 0.3755694207459775 0.2961871048434259 0.4085418868571704 0.3194526333535982 0.450419834551427
2 0.534570288161384 0.37355348512291686 0.4744510116197605 0.3674049203307638 0.46960469709853453 0.4147910881208644 0.529723973640158 0.4209396529130175
2 0.7145803746464008 0.45753312661334244 0.6468714223706763 0.41187498052694554 0.6171079902394753 0.4560127955385293 0.6848169425151998 0.5016709416249262
2 0.8166793597367307 0.46852604530433634 0.7648630521273163 0.43782007722557953 0.742392660114226 0.4757388538512845 0.7942089677236405 0.5064448219300413
2 0.9019868547962466 0.5373330614240617 0.8451530128884811 0.5002170859850756 0.8227210052476231 0.5345661004149961 0.8795548471553888 0.5716820758539821
2 0.855341284032908 0.4046374887097536 0.8066431208055468 0.3678433231855767 0.782983764418892 0.3991571791395746 0.8316819276462533 0.4359513446637514
3 0.7376344478498275 0.22727083317027036 0.7004945669124406 0.16400039465997812 0.6055216869872588 0.21974967561569977 0.6426615679246457 0.28302011412599204
2 0.5473958341346153 0.2759259254807693 0.5041666658653846 0.2759259254807693 0.5041666658653846 0.31481481490384616 0.5473958341346153 0.31481481490384616
2 0.7022785547101908 0.1472164600906017 0.6935302844393042 0.1144104437357947 0.6561102478219657 0.12438911930354564 0.6648585180928523 0.1571951356583526
2 0.6462683836732681 0.15082924678299456 0.6392340686404544 0.11917483598364303 0.594730391167113 0.12906454422842997 0.6017647061999267 0.1607189550277815
2 0.6212134756558102 0.6328599474983894 0.5559870949057243 0.6280283660620009 0.5515021037137843 0.6885757762625264 0.6167284844638702 0.693407357698915
3 0.49454261797247384 0.6575549742176621 0.4597541155431031 0.5988493989471662 0.3750015794535117 0.6490731433541116 0.40979008188288246 0.7077787186246074
2 0.22652750029645674 0.7485908666708594 0.184874713309001 0.7255390721785772 0.13040329142509854 0.8239646647455096 0.17205607841255427 0.8470164592377917
2 0.32335220478509474 0.798390791671922 0.28342970439613224 0.7843555267988377 0.24557031033083032 0.8920443868214527 0.28549281071979277 0.9060796516945369
2 0.13085567677718668 0.920225896204665 0.0886823509098241 0.8971567287389592 0.03555893671353612 0.9942729797444395 0.0777322625808987 1.0173421472101452
3 1 0.5925925937500002 0.9145833341346153 0.5925925937500002 0.9145833341346153 0.7589506177884615 1 0.7589506177884615