2 0.9210398843778412 0.6208072660878894 0.8516831962398019 0.5673769329064686 0.8203780301971104 0.6080134498258034 0.8897347183351497 0.6614437830072242
3 0.3302439121909675 0.15321741154618085 0.24259377438505667 0.08396298500438383 0.20005522603380538 0.1378008378497946 0.28770536383971623 0.2070552643915916
2 0.8198169665044942 0.5485505767639536 0.7528407674723484 0.49251820478732944 0.7244270607305172 0.5264814658603362 0.791403259762663 0.5825138378369604
2 0.20892641910733706 0.11439080113705771 0.18125300720099596 0.07977056811860098 0.1578038071096697 0.09851450241435024 0.18547721901601083 0.133134735432807
2 1.024715128818281 0.7129033684421434 0.9419848944905549 0.6418166509323433 0.9101832370436441 0.6788272017744229 0.9929134713713702 0.749913919284223
3 0.872743368254298 0.14597869257550775 0.8461747338596582 0.08785980483723314 0.7543273050173996 0.12984720087940843 0.7808959394120395 0.18796608861768302
2 0.308724187216437 0.8233501307943546 0.2708001468338392 0.8078357511124905 0.22705752289993766 0.9147621684444889 0.2649815632825355 0.930276548126353
2 0.21549698159012567 0.7593840717410458 0.1752099993084707 0.7384394183094327 0.12253246180776678 0.8397645143231416 0.16281944408942176 0.8607091677547548
2 0.646765550501964 0.1418363747965224 0.6438352926378036 0.10996980689384704 0.6003973744023838 0.11396409651740595 0.6033276322665441 0.14583066442008133
3 0.24635416586538475 0.9444444447115384 0.18030181730769243 0.9444444447115384 0.18030181730769243 1 0.24635416586538475 1
2 0.5595106405310236 0.5209092340793283 0.5006113857565133 0.4617254545749513 0.4719482761309104 0.49025076692583364 0.5308475309054207 0.5494345464302107
3 0.6251961560467992 0.18416348373779387 0.522906035738161 0.12301068993561035 0.481064940071076 0.19299818263260882 0.5833550603797141 0.25415097643479234
2 0.3047704127735568 0.08524188089380426 0.26909285344136885 0.06084696181770383 0.250342954200075 0.08826868191306471 0.28602051353226304 0.11266360098916513
2 0.7723958341346153 0.08981481490384625 0.7375 0.08981481490384625 0.7375 0.12407407451923087 0.7723958341346153 0.12407407451923087
2 0.5348512871250837 0.26093210833902974 0.4978959267685201 0.23060976642604641 0.47411072939920934 0.25959798054411565 0.511066089755773 0.28992032245709903
2 0.805296907431411 0.3625656098520021 0.7521068630567788 0.32316557546651786 0.7300002781371288 0.35300946396020316 0.7831903225117611 0.3924094983456874
2 0.7937601518961828 0.4069514609018129 0.7451603891809785 0.37335162864285043 0.7228545222942286 0.4056154753638056 0.771454285009433 0.439215307622768
2 0.9585274526975057 0.5703490822699858 0.8907367979977736 0.5207245332827175 0.8645173786949344 0.5565421202766522 0.9323080333946666 0.6061666692639206