3 0.9555996315323101 0.48580406803289694 0.890519645457598 0.331540396410218 0.802312391303794 0.36875283153272176 0.8673923773785059 0.5230165031554007
1 0.22340179448694483 0.16529251831039213 0.09707278660304729 0.06201624999232122 0.05905284229523948 0.10852278941737116 0.18538185017913703 0.21179905773544208
2 0.3001902278595802 0.012290089765755048 0.27074794336206803 -0.006403420811436795 0.25533524308977845 0.017871586518930675 0.28477752758729064 0.03656509709612252
1 0.24084447586804722 0.2466848742034212 0.1139990297246455 0.12110788192869498 0.06839832352817522 0.16716920110164668 0.19524376967157692 0.2927461933763729
2 1.0289840890349962 0.7222440260302304 0.9493451551711399 0.6548248219054329 0.9162515438267516 0.6939166498109264 0.9958904776906077 0.7613358539357239
2 0.5148758769459337 0.4862763366278208 0.5108226714859718 0.4070137747127132 0.4870212735490637 0.4082308935357955 0.4910744790090256 0.4874934554509031
2 0.8288671685896495 0.5510664952715613 0.7588108288421055 0.499426048943004 0.7312628660336326 0.5367981008726919 0.8013192057811764 0.5884385472012492
0 0.1812766852506529 0.31778234420499984 0.17636411566946475 0.28284853622622574 0.16346809687917857 0.2846620399148612 0.16838066646036673 0.31959584789363527
2 0.4536458341346154 0.21851851923076931 0.43281250000000004 0.21851851923076931 0.43281250000000004 0.27314814903846163 0.4536458341346154 0.27314814903846163
3 0.33249915279795644 0.1417400671228637 0.24921522826814418 0.07511291596739259 0.20689363428219287 0.12801489929371845 0.29017755881200513 0.19464205044918953
2 0.27297992392926385 0.24659568728136974 0.22923637202031186 0.21030474450047754 0.2056368634236481 0.23875058388130113 0.24938041533260005 0.27504152666219334
2 0.6054303359396971 0.6242106590401095 0.5450985101670041 0.6072423322257545 0.5297327479562306 0.6618761507929888 0.5900645737289236 0.6788444776073439
2 0.3010639034001292 0.22532746749978186 0.2589750124201136 0.18969665895051724 0.23779684005287904 0.2147133740971318 0.2798857310328946 0.2503441826463964
3 0.0993895278462972 0.16095175371775955 0.060932864100064196 0.09258435014213993 0.026115850299855834 0.11216892001514367 0.06457251404608884 0.18053632359076327
2 0.9309157041064603 0.6337967327456485 0.8619611043620665 0.5765899546807071 0.829352526168189 0.6158949379999925 0.8983071259125828 0.6731017160649339
2 0.09000818501282302 0.09651750243540717 0.06283508006595921 0.06340027527004473 0.042405518234127235 0.08016298988086919 0.06957862318099106 0.11328021704623163
3 1 0.45462962980769245 0.9635416658653846 0.45462962980769245 0.9635416658653846 0.5568082788461539 1 0.5568082788461539
2 0.12529406255797354 0.03532164344236212 0.10153200143648694 0.004342956621438969 0.08111236364469576 0.020005747110009468 0.10487442476618236 0.050984433930932625