2 0.8921448395718895 0.4441126336876653 0.8226112826569495 0.39848122473954045 0.7959158115062915 0.439160027025388 0.8654493684212314 0.4847914359735128
0 0.18964884456150494 0.3145361065276581 0.18285454087104863 0.27484875517208185 0.1719864687836678 0.27670932232431794 0.1787807724741241 0.31639667367989416
2 0.39791731393320645 0.7007788156335217 0.3588343919410919 0.6729322347851625 0.30218367877660934 0.7524420107056625 0.34126660076872384 0.7802885915540217
2 0.31157035943811034 0.5918282825574982 0.27145553303117353 0.5684122002692461 0.21294845655627037 0.6686425115346624 0.2530632829632072 0.6920585938229146
2 0.4470378890512594 0.19112684614425113 0.42824287574347975 0.14657570563065578 0.4029302670558132 0.157254462934167 0.42172528036359286 0.20180560344776236
2 0.2971379643573732 0.203177204981819 0.25620745017594576 0.16159697482540586 0.23207022408512756 0.18535704231647473 0.273000738266555 0.2269372724728879
2 0.2433270692461108 0.1609460160382835 0.20506683972595321 0.12207848328975214 0.18879901535162594 0.13809212373310892 0.22705924487178353 0.1769596564816403
3 0.2509816743023356 0.21736128370069885 0.20220444551937083 0.13684014182527038 0.17257306234522896 0.15478992150520643 0.22135029112819365 0.2353110633806349
3 0.2337928726570112 0.2633316085069373 0.18916256430605627 0.15143795363683854 0.13865608320716907 0.17158315157305665 0.18328639155812398 0.2834768064431554
3 0.17455320237157118 0.16759223997254338 0.0843245515778991 0.08121951324002546 0.04191486453563017 0.1255224892738383 0.13214351532930227 0.21189521600635622
2 0.81882403589069 0.5379626133843955 0.7597030734044444 0.4813681801320758 0.7287141122321018 0.5137405727097979 0.7878350747183472 0.5703350059621177
2 0.9115120992465768 0.6193242015670914 0.845649505450676 0.5470811717757909 0.8099483765157536 0.5796292108030664 0.8758109703116544 0.6518722405943669
2 0.8851911600028568 0.5048968968035653 0.8190188847735567 0.4490640368945718 0.7858890703716015 0.48832900022396564 0.8520613456009016 0.5441618601329591
2 1.0226575370465845 0.6909265976132615 0.9318467910466689 0.6435704756687394 0.9058758164893891 0.6933727710647672 0.9966865624893047 0.7407288930092896
3 0.07890725219601837 0.10634819032624236 0.031955402819515887 0.06012996145357555 0.007096378171988049 0.0853835726231665 0.05404822754849053 0.1316018014958333
1 0.14147988594691266 0.07807471267436175 0.02367815984964358 -0.026637930421927396 -0.020000001177310746 0.022500001823735013 0.09780172491995832 0.12721264492002418
3 0.34181882441209416 0.0735019623427751 0.3390025265117683 -0.0015993135549953613 0.27960688338692324 0.0006280231050196478 0.2824231812872491 0.07572929900279012
2 0.4310122458954835 0.416832315562747 0.3988007815180283 0.39664262913367465 0.3618243021093029 0.45563644032842276 0.3940357664867581 0.47582612675749514