2 0.921149674484666 0.6263206793079734 0.8517557396163588 0.5696932084461712 0.8208618030885686 0.6075520742335397 0.8902557379568758 0.664179545095342
3 0.3307647463255829 0.1550692625077193 0.24311460851967207 0.08581483596592232 0.20057605899909187 0.13965269029126504 0.2882261968050027 0.20890711683306204
2 0.8196336207472787 0.5521743329673348 0.7536817542409827 0.4935504459914938 0.7240265799234733 0.526912513890801 0.7899784464297693 0.5855364008666419
2 0.20892641774463483 0.11624265387838956 0.1812530081694919 0.08162241904583133 0.15780380730766122 0.10036635139631225 0.18547721688280414 0.1349865862288705
2 1.024715128818281 0.7156811472882971 0.9419848933023276 0.6445944287575018 0.9101832358554168 0.6816049795995813 0.9929134713713702 0.7526916981303766
3 0.8358655970993483 0.14294709661077418 0.8006473281042192 0.10023118857456023 0.7169135662157171 0.16926772053036623 0.752131835210846 0.21198362856658018
2 0.30924502217512984 0.8261279089657627 0.27132098165865326 0.8106135286188615 0.22757835547882269 0.917539947234887 0.26550239599529923 0.9330543275817882
2 0.2154969815901257 0.7621618505871997 0.17520999832465212 0.7412171966441126 0.12253246082394814 0.8425422926578215 0.16281944408942176 0.8634869466009086
2 0.027083334134615496 0.903703704326923 1.1078517805578453e-16 0.903703704326923 1.1583309827092123e-16 0.9861424975961538 0.0270833341346155 0.9861424975961538
2 0.646765550501964 0.1418363747965224 0.6439881376239937 0.11163199682961311 0.6005502193885739 0.11562628645317202 0.6033276322665441 0.14583066442008133
3 0.24635416586538475 0.9472222211538461 0.18197115384615398 0.9472222211538461 0.18197115384615398 1 0.24635416586538475 1
2 0.4647162359108074 0.4329885067571718 0.4093139366414099 0.38374201750301357 0.3831070399979583 0.4132247756194224 0.43850933926735575 0.46247126487358065
3 0.6901943378350092 0.22912319110623988 0.5829595235489926 0.16349313910370192 0.5390972702445643 0.23516092609684194 0.6463320845305809 0.30079097809937994
2 0.4278952786688589 0.16599344206407773 0.3876055935799293 0.13813884802650309 0.3677781562038138 0.1668178230970628 0.40806784129274337 0.19467241713463748
2 0.8102350504627996 0.10477892711546984 0.8042029446700231 0.0859628692023814 0.7691970743892897 0.0971851514613403 0.7752291801820663 0.11600120937442873
2 0.6669948359491686 0.35859852407089876 0.6258478154202878 0.3253484005425852 0.6018163749393459 0.35508730283465884 0.642963395468227 0.3883374263629724
2 0.8973833121506009 0.42894553234215377 0.8340036698180555 0.3863117774930392 0.8122617225820586 0.41863351045574515 0.875641364914604 0.4612672653048598
2 0.9624914640079519 0.5344282364487659 0.9020174645705356 0.49385867433974906 0.8786912325712094 0.5286293365671034 0.9391652320086258 0.5691988986761204