3 0.9591743480335897 0.47586759840834514 0.8926845481869328 0.3220403516017067 0.8046661836426792 0.36008512951243604 0.871155983489336 0.5139123763190745
1 0.1720641744846638 0.11092088548983202 0.04990124336943891 0.014208565390688394 0.011454998029869008 0.06277224389868134 0.1336179291450939 0.15948456399782496
2 0.46969146131348044 0.24975140499627696 0.4473251252522773 0.24835351000054987 0.4441566684769001 0.2990488549657287 0.4665230045381032 0.3004467499614558
1 0.24136530759881641 0.2374256145880366 0.11451986266941713 0.11184862351517275 0.06891915766279062 0.15790994148626206 0.19576460259218992 0.2834869325591259
2 1.0300005887888082 0.7058813055218726 0.9487754665920978 0.6473406770941896 0.91686833890692 0.6916118168954333 0.9980934611036305 0.7501524453231163
2 0.5666382435907494 0.24429967262820573 0.5417185654904972 0.22677803230359525 0.5079358843973776 0.2748245349487596 0.5328555624976297 0.29234617527337003
2 0.8304296685896495 0.5418072356561768 0.7603733288421056 0.4901667893276196 0.7328253660336326 0.5275388412573073 0.8028817057811766 0.5791792875858645
0 0.18023501582321375 0.30667123240469 0.1753224506567686 0.27173742357305264 0.16242643340844543 0.2735509253708473 0.1673389985748906 0.3084847342024846
2 0.3429695238634809 0.5486097366012064 0.30617427118315976 0.5279124068414963 0.25934408946652815 0.6111660627156514 0.2961393421468493 0.6318633924753615
2 0.8069563006012568 0.18416505443050862 0.7921088475001757 0.1549341297324223 0.7492672026102494 0.1766949641858733 0.7641146557113304 0.20592588888395963
3 0.15625 1.4861599226217152e-17 0.0859375 1.0556200322964737e-17 0.0859375 0.060185185096153865 0.15625 0.060185185096153865
2 0.2724590883355083 0.23641050932746646 0.22871554155464474 0.20011955734143505 0.2051160274831823 0.22856539277137944 0.24885957426404587 0.2648563447574108
2 0.2834027209822493 0.8863412158760652 0.24340857348182343 0.8699507572354584 0.19910227114105028 0.978061996211122 0.23909641864147613 0.9944524548517286
2 0.3005430692655138 0.21606820788439735 0.2584541808712371 0.18043740152411802 0.2372760095075489 0.2054541154852934 0.27936489790182556 0.24108492184557276
3 0.009895834134615391 0.04828703605769231 5.913456414836571e-18 0.04828703605769231 8.175800466778314e-18 0.08523391826923077 0.009895834134615393 0.08523391826923077
2 0.9329990368172366 0.6245374719490051 0.8640444384966818 0.5673306950653225 0.8314358603028045 0.6066356783846077 0.9003904586233593 0.6638424552682903