3 0.96627869353874 0.4835835082984533 0.8980254856862783 0.32900089500289365 0.8106844108169968 0.3675647956254853 0.8789376186694586 0.5221474089210449
1 0.10797537631087063 0.061756421151537275 0.013275484050994506 -0.016139347822008605 -0.02542546541812731 0.03091039304806875 0.06927442684174881 0.10880616202161462
2 0.3949304459687716 0.4693341463024335 0.3637780207494071 0.44852530073670266 0.32617986906039564 0.5048125947712729 0.3573322942797601 0.5256214403370038
1 0.24201768557429557 0.23981799289243616 0.11556152934717692 0.11462640088681571 0.06996082225522843 0.16068772216011362 0.19641697848234704 0.2858793141657341
2 1 0.7 0.9848958341346153 0.7 0.9848958341346153 0.7537037043269231 1 0.7537037043269231
2 0.6276521223950385 0.19219711972230066 0.6064864380841603 0.16640144072824073 0.5677805058292198 0.19816015284645871 0.5889461901400981 0.22395583184051865
2 0.8304296685896495 0.5455109399830999 0.7603733288421056 0.49387049365454266 0.7328253660336326 0.5312425455842303 0.8028817057811766 0.5828829919127876
0 0.18023501627751243 0.30944901109139705 0.17532245049024417 0.27451520237969357 0.16242643302508247 0.2763287044433876 0.16733899881235073 0.31126251315509107
2 0.23828941827059535 0.7333256061035665 0.19818511448446002 0.7111036314533533 0.14068099026369693 0.8148821166242478 0.18078529404983226 0.8371040912744611
2 0.6170079523673527 0.32711738550216374 0.5902416277564174 0.30061872608304363 0.546523351682061 0.3447786041481343 0.5732896762929963 0.3712772635672544
2 0.2735007556247314 0.24104014031641768 0.22975720742002934 0.20474918714912735 0.2061576943285746 0.2331950213978128 0.24990124253327664 0.26948597456510315
0 0.4442708341346154 5.3642081248281044e-17 0.4260416658653846 5.252586661967945e-17 0.4260416658653846 0.01666666586538467 0.4442708341346154 0.01666666586538467
2 0.30002223513089843 0.21792005884593582 0.2579333467366217 0.18228925248565642 0.23675517418749445 0.20730596784713165 0.27884406258177113 0.24293677420741105
0 0.7095453821451811 0.9369055419010004 0.691171429020047 0.8911748177034542 0.6711837843392734 0.8992055684271894 0.6895577374644073 0.9449362926247354
2 0.9376865379984954 0.6319448791790128 0.8680149017889458 0.5741432264272671 0.8354063235950685 0.6134482097465523 0.9050779598046181 0.671249862498298