2 0.9210398843778412 0.6208072660878894 0.8516831962398019 0.5673769329064686 0.8203780301971104 0.6080134498258034 0.8897347183351497 0.6614437830072242
3 0.3302439121909675 0.15321741154618085 0.24259377438505667 0.08396298500438383 0.20005522603380538 0.1378008378497946 0.28770536383971623 0.2070552643915916
2 0.8198169665044942 0.5485505767639536 0.7528407674723484 0.49251820478732944 0.7244270607305172 0.5264814658603362 0.791403259762663 0.5825138378369604
2 0.20892641910733706 0.11439080113705771 0.18125300720099596 0.07977056811860098 0.1578038071096697 0.09851450241435024 0.18547721901601083 0.133134735432807
2 1.024715128818281 0.7129033684421434 0.9419848944905549 0.6418166509323433 0.9101832370436441 0.6788272017744229 0.9929134713713702 0.749913919284223
3 0.8745313109428169 0.14433499273093028 0.8466420157393961 0.0868133017642054 0.7561694574543893 0.13067876961491362 0.78405875265781 0.1882004605816385
2 0.308724187216437 0.8233501307943546 0.2708001468338392 0.8078357511124905 0.22705752289993766 0.9147621684444889 0.2649815632825355 0.930276548126353
2 0.21549698159012567 0.7593840717410458 0.1752099993084707 0.7384394183094327 0.12253246180776678 0.8397645143231416 0.16281944408942176 0.8607091677547548
2 0.646765550501964 0.1418363747965224 0.6438352926378036 0.10996980689384704 0.6003973744023838 0.11396409651740595 0.6033276322665441 0.14583066442008133
3 0.24635416586538475 0.9444444447115384 0.18030181730769243 0.9444444447115384 0.18030181730769243 1 0.24635416586538475 1
2 0.5631564690803548 0.5246129495123922 0.5042572238127665 0.4654291558652721 0.4755941079564918 0.4939544629961063 0.5344933532240801 0.5531382566432265
3 0.6231192085502287 0.18365391385205793 0.5209873812258979 0.12205058789768741 0.4789981870324291 0.19166425021896524 0.5811300143567599 0.2532675761733358
2 0.30043781728390717 0.08178084375091466 0.264760253097471 0.057385930016587504 0.24617628644469425 0.08456498341738107 0.28185385063113044 0.10895989715170823
2 0.7721391715725127 0.12326829181247964 0.7711046170734872 0.09016260036712212 0.7363006417382442 0.09125022632190637 0.7373351962372697 0.12435591776726389
2 0.5306846226620086 0.25815433715456115 0.4934578995777823 0.22760932783719476 0.4696726964673736 0.25659753866055307 0.5068994195515999 0.2871425479779195
2 0.8016510748489691 0.3616396855209907 0.7484610277724049 0.3222396491340759 0.7263544428527552 0.3520835376277611 0.7795444899293194 0.39148357401467593
2 0.7875101518961828 0.40139590561335137 0.7397766360238689 0.3683949599947728 0.717470769137119 0.4006588067157277 0.765204285009433 0.4336597523343063
2 0.9526408900350318 0.5652229712739298 0.8855284638631584 0.5160949034750252 0.8591273263109073 0.5521607304902785 0.9262397524827807 0.6012887982891831