0 0.6411185016001871 0.08265027739813376 0.6229114349027829 0.0806019887759025 0.6194400801723821 0.11145857139847672 0.6376471468697863 0.11350686002070799
2 0.8885951112979112 0.45679686147623255 0.819061548398546 0.41116546834518136 0.7925460980982899 0.4515699707008905 0.8620796609976551 0.4972013638319417
2 0.0036458341346153915 0.05017361057692308 6.144495159469464e-18 0.05017361057692308 7.227775620761491e-18 0.06786492307692307 0.0036458341346153928 0.06786492307692307
0 0.19485717862767446 0.3284249955509245 0.18806287500566407 0.2887376445951588 0.17719480291828318 0.2905982117473949 0.18398910654029357 0.33028556270316056
3 1 0.4611111105769232 0.9375 0.4611111105769232 0.9375 0.552777778846154 1 0.552777778846154
2 0.9886805789801142 0.5441358254951365 0.9273373720717463 0.4945655484469006 0.8993967055452187 0.5291421171077265 0.9607399124535866 0.5787123941559624
2 0.30229571348562184 0.21746051436435693 0.26130916835100393 0.1746442133386511 0.23642875032199498 0.19846136596708333 0.2774152954566129 0.24127766699278919
2 0.2498060317579413 0.17066092737949173 0.21109555061499494 0.13625159757363134 0.19500359759051403 0.1543550377633108 0.23371407873346037 0.1887643675691712
3 0.256543179906745 0.23610612104964385 0.21486297879711602 0.15043014709243308 0.18155733033374732 0.16663289404612536 0.22323753144337638 0.25230886800333613
3 0.23986578966377442 0.2779252227394472 0.1943969911843326 0.16475844170851597 0.1440435026957941 0.18498975517316665 0.18951230117523596 0.2981565362040979
3 0.17979566048604198 0.18065539796195845 0.0876503161175075 0.09559815197341498 0.045894901459041945 0.14083318184345683 0.13804024582757643 0.2258904278320003
2 0.8229907026591613 0.553703349045138 0.7628112521649919 0.49609567240485614 0.7318222946811399 0.5284680668760016 0.7920017451753094 0.5860757435162832
2 0.9156787670009574 0.6369167949849458 0.8498161751352663 0.5646737626219932 0.8141150423353049 0.5972218030604581 0.8799776342009961 0.6694648354234106
2 0.8883892538483352 0.5229710594631855 0.8221710993230497 0.467208418259621 0.7906686101451288 0.5046176343815674 0.8568867646704145 0.5603802755851318
2 1.0225051777555105 0.703638614582779 0.9353927129842499 0.6607629532974524 0.9102826271270421 0.7117802765075308 0.9973950918983027 0.7546559377928573
3 0.08639013725315545 0.12069791499982077 0.04006160933879398 0.0736340158891887 0.015593743626468148 0.09771957235771887 0.06192227154082962 0.1447834714683509
1 0.19772628268080836 0.1305883250963073 0.06445298627164094 0.009490617335016561 0.025188872699129585 0.05270248272149929 0.158462169108297 0.17380019048279