3 0.9555996315323099 0.4867299935136663 0.8905196454575979 0.3324663218909873 0.802312391303794 0.36967875701349107 0.8673923773785059 0.52394242863617
1 0.22548512739916765 0.16807029544341717 0.09915611921817072 0.06479402765908449 0.06102688486779934 0.1114342525773783 0.18735589304879627 0.21471052036171095
2 0.2567708341346154 2.9729576772115485e-17 0.22874999999999998 2.80137955304957e-17 0.22874999999999998 0.010185185096153876 0.2567708341346154 0.010185185096153876
1 0.2413653075988164 0.24761079968419042 0.11451986266941715 0.12203380861132662 0.06891915766279062 0.16809512658241593 0.19576460259218986 0.29367211765527973
2 1.0289840890349962 0.7231699515109997 0.9493451551711399 0.6557507473862021 0.9162515438267514 0.6948425752916955 0.9958904776906077 0.7622617794164932
2 0.5262473183066091 0.5211470097355577 0.5136184158633583 0.44096346382986545 0.48794283073912964 0.4450073665538562 0.5005717331823805 0.5251909124595484
2 0.8288671685896496 0.5519924207523306 0.7588108288421054 0.5003519744237732 0.7312628660336323 0.5377240263534611 0.8013192057811765 0.5893644726820184
0 0.1812766853734661 0.3196341950537064 0.17636411517145437 0.2847003871948664 0.1634680961643295 0.28651389114940157 0.1683806663663413 0.32144769900824155
2 0.4516635269632672 0.236553131845697 0.44381451927445437 0.18422643203336647 0.4207908842575115 0.18767997848136583 0.4286398919463243 0.24000667829369637
3 0.33828097714180266 0.1504514363298829 0.25769502781192355 0.080566596912472 0.2127477507139965 0.1323964218777303 0.2933337000438756 0.20228126129514118
2 0.27297992392926385 0.24752161276213883 0.2292363732015707 0.211230670961254 0.20563686460490696 0.23967651034207768 0.2493804153326001 0.2759674521429625
2 0.6555381788713732 0.6780992709356047 0.5926548197165455 0.6315190031034427 0.5632039788706872 0.671277636716173 0.6260873380255148 0.7178579045483351
2 0.3005430692655138 0.22625339298055122 0.25845418087123717 0.19062258662027182 0.2372760095075489 0.21563930058144726 0.27936489790182556 0.2512701069417267
3 0.10222397377212698 0.16599076743379088 0.06301619587863498 0.09628805312448935 0.028199183128960827 0.11587262334289673 0.06740696102245283 0.18557533765219825
2 0.9303948699718447 0.6337967327456485 0.8614402716512899 0.5765899558619659 0.8288316944374198 0.6158949379999925 0.8977862927579745 0.673101714883675
2 0.095273144813601 0.1009585733141606 0.06794260177463422 0.06801551664175323 0.047590089211414895 0.08490056850842112 0.07492063225038167 0.11784362518082848
3 1 0.45370370432692325 0.9614583341346153 0.45370370432692325 0.9614583341346153 0.5578431370192309 1 0.5578431370192309
2 0.13875411734240414 0.04749690552217444 0.11396652700514122 0.015448305922557125 0.09347642578161318 0.031296119600628974 0.1182640161188761 0.06334471920024629
2 0.026562500000000003 1.6264840301175787e-18 0 0 1.3607186003001146e-18 0.02222222115384615 0.026562500000000003 0.02222222115384615