2 0.9258905598814227 0.6278106649745788 0.8568894065879203 0.5735146768671064 0.8259295178343357 0.612859536483758 0.894930671127838 0.6671555245912304
3 0.33601919812855646 0.15495642904410406 0.24718013000035216 0.08726951348568693 0.2057326548778793 0.14166931935318197 0.2945717230060836 0.2093562349115991
2 0.8252017193179655 0.5529695960770624 0.7570049710549871 0.4982166599691754 0.7293003178317974 0.5327238005150651 0.7974970660947758 0.5874767366229521
2 0.2146555860138656 0.11716857935915881 0.18698217761111838 0.08254834599330155 0.16353297411019108 0.10129228045332342 0.1912063825129383 0.13591251381918068
2 1.0261381484988106 0.7181301167362031 0.9479440265102704 0.650042723409067 0.915900699506257 0.6868424846898665 0.994094821494797 0.7549298780170025
3 0.7013091278937389 0.2298506741758975 0.6006936976051155 0.16193526134320785 0.5522736421382046 0.23366867960871987 0.6528890724268279 0.3015840924414095
3 0.9251181806356501 0.4148098741323114 0.811705356332654 0.31858080640086417 0.7837066002550621 0.3515793387423832 0.8971194245580582 0.4478084064738304
2 0.9329691287622369 0.8835729225997787 0.8564407067812547 0.8042101174538867 0.8180016253673806 0.8412763758553459 0.8945300473483629 0.9206391810012379
1 0.5989935262756839 0.6070992443991942 0.40885416586538464 0.4129629639423077 0.3505897469569578 0.4700278222977572 0.5407291073672571 0.6641641027546435
2 0.6277371753736336 0.506013035392082 0.5632368996974021 0.45159472243714904 0.5324135885430367 0.48812860154430376 0.5969138642192682 0.5425469144992366
3 0.25348036285913567 0.4419439909003513 0.24600825048824834 0.3290321166113776 0.21599264044623123 0.3310184445554227 0.22346475281711856 0.4439303188443964
2 0.2680494202970189 0.2618887142124835 0.23379880859830438 0.22685968190895964 0.20999182058936305 0.2501376273270571 0.24424243228807757 0.28516665963058097
1 0.4465318308319207 0.36738133318721344 0.2919351083050283 0.23593677453786416 0.2417714333672123 0.294936095734407 0.3963681558941047 0.42638065438375616
0 0.4495816337688605 0.632874982033428 0.4436348982909407 0.5842439266524331 0.42380014825572765 0.5866693729193502 0.4297468837336474 0.6353004283003449
2 0.31341168838513656 0.8252019826425836 0.27658278098935524 0.8101356113035195 0.23284015565193455 0.9170620278603211 0.2696690630477158 0.9321283991993852
2 0.46787191623680613 0.385555387608448 0.43184980408884116 0.32952099208839064 0.40494697562414816 0.3468156678863253 0.44096908777211313 0.40285006340638263
2 0.22018448140036184 0.7612359220526905 0.17989749878718314 0.7402912692725944 0.12734161399910657 0.841382370610382 0.16762859661228527 0.8623270233904781
2 0.1892613022501951 0.24510797384433297 0.15115588140642908 0.21405911268748531 0.1286359571987204 0.24169720172944675 0.16674137804248643 0.2727460628862944
3 0.9426628784194404 0.4409709074368725 0.7473667989296533 0.315981419736219 0.6930850493145209 0.4007966556628656 0.8883811288043079 0.5257861433635191
2 0.6778735641812551 0.36320240727013364 0.6240265615408644 0.3153384463438754 0.5927622111320153 0.3505108709914945 0.6466092137724059 0.3983748319177527
2 0.08084338178663407 0.1630260415370419 0.048738192915713435 0.11926785946759524 0.026156702048874506 0.13583580162104772 0.05826189091979513 0.17959398369049437
2 0.8963875774762552 0.10630328309027301 0.8499305547893484 0.09759259217404469 0.8440153299458699 0.12914046103937904 0.8904723526327767 0.13785115195560735
3 0.23958333413461552 0.972222221153846 0.18753720192307707 0.972222221153846 0.18753720192307707 1 0.23958333413461552 1