2 0.9214875281828129 0.6202261934753311 0.8518039879770016 0.5665440578056186 0.8210956785452649 0.6064058048885727 0.8907792187510762 0.6600879405582852
3 0.3302439129754299 0.15229149078675744 0.2425937824378306 0.08303705500489536 0.20005522567815348 0.13687490684460796 0.2877053562157527 0.20612934262647004
2 0.8198169665044942 0.5485505767639536 0.7520786854146437 0.4918806459835889 0.7236649786728125 0.5258439070565957 0.791403259762663 0.5825138378369604
2 0.20788475324195246 0.1143908011370577 0.18021134133561137 0.079770568118601 0.15676213977758435 0.09851450358674604 0.18443555168392545 0.13313473660520272
2 1.024715128818281 0.711977442961374 0.9419848944905549 0.640890725451574 0.9101832370436441 0.6779012762936537 0.9929134713713702 0.7489879938034536
3 0.9292872585797489 0.16258026802529785 0.923149952927729 0.09215468837704574 0.8263062734051179 0.10059422504348305 0.8324435790571378 0.17101980469173517
2 0.308724187216437 0.8233501307943546 0.2708001468338392 0.8078357511124905 0.22705752289993766 0.9147621684444889 0.2649815632825355 0.930276548126353
2 0.21653864796698413 0.7575322197956889 0.1762516665938829 0.7365875668364202 0.12357412858170505 0.8379126638339478 0.1638611099548063 0.8588573167932163
2 0.6457238859012959 0.13998452072059803 0.6428576753783463 0.10881449244520015 0.5994197566739656 0.11280878525063215 0.6022859671969154 0.14397881352603
3 0.24635416586538475 0.9444444447115384 0.18030181730769243 0.9444444447115384 0.18030181730769243 1 0.24635416586538475 1
2 0.7390678970681984 0.6833705585555377 0.6673514425647642 0.6130279783364332 0.6353172056745807 0.6456878819869838 0.7070336601780149 0.7160304622060883
3 0.52766509047617 0.11811961777824871 0.43077276023393374 0.06627647201149907 0.39369281453665567 0.1355770958592348 0.490585144778892 0.18742024162598445
2 0.7408884782340296 0.12598311794821312 0.7336090698607598 0.09322576325987326 0.6969301488940978 0.10137663035361509 0.7042095572673676 0.13413398504195498
2 0.3597272755977994 0.14370909019318862 0.33421437955494093 0.11649533990922435 0.3110219592067428 0.13823823837605256 0.33653485524960125 0.16545198866001684
2 0.6812578169471128 0.27226426291171 0.6333784603902561 0.24162147365460987 0.6139056385135896 0.2720477567836838 0.6617849950704463 0.302690546040784
2 0.5804042897654382 0.2589618872535828 0.5445544576589281 0.2296302033624156 0.5215217623853985 0.2577812724104869 0.5573715944919087 0.28711295630165407
2 0.732318376815923 0.3983974398149469 0.678432159890144 0.362473290016393 0.6566372873793339 0.39516559406737134 0.7105235043051129 0.43108974386592513