2 0.922268394582929 0.6273093044902314 0.8538128912028433 0.569554001689127 0.822014990077216 0.607243031482308 0.8904704934573017 0.6649983342834124
3 0.33180641219096757 0.1550692625077193 0.24415627438505666 0.08581483596592229 0.20161772486447646 0.13965269029126506 0.28926786267038734 0.20890711683306204
2 0.8216081591531298 0.5511885390632559 0.7534172541609969 0.49376463476265153 0.7249401565477029 0.5275811974198057 0.7931310615398357 0.5850051017204102
2 0.2099680860138656 0.1171685793591588 0.18229467761111845 0.08254834599330153 0.15884547411019106 0.1012922804533234 0.18651888251293824 0.13591251381918068
2 1.0247106856524166 0.7165780075267068 0.9430060515577214 0.6464560257738209 0.9112261549041768 0.6834852819747586 0.992930788998872 0.7536072637276446
3 0.7573835183680284 0.1475811916287542 0.7237637929701207 0.13943095260389582 0.69487296878791 0.2586055648530175 0.7284926941858179 0.26675580387787584
2 0.7749729299078225 0.7278066586533884 0.7158368734449735 0.6723665945248415 0.6846301844400104 0.7056537227420294 0.7437662409028595 0.7610937868705764
1 1.062659797337143 0.9317921988003461 0.8859375 0.7694444447115387 0.8124845649537054 0.8494010261893236 0.9892068622908483 1.011748780278131
2 0.3097658563097452 0.8261279089657627 0.27184181373404476 0.8106135277764518 0.22809918755421418 0.9175399463924774 0.26602323012991463 0.9330543275817882
2 0.21653864796698422 0.7621618496033811 0.17625166659388294 0.7412171966441126 0.12357412858170512 0.84254229364164 0.16386110995480638 0.8634869466009086
2 0.6879349725399323 0.7380462190161219 0.6279044707438127 0.6761397697208485 0.5938900868062396 0.7091234177785685 0.6539205886023592 0.7710298670738418
3 0.38564032742709214 0.06464255225492056 0.2621179793827398 0.0008412178620114119 0.2277343254482148 0.0674095695861563 0.3512566734925672 0.13121090397906546
2 0.19996442331844133 0.5666213015561058 0.16642110846735964 0.5523874620213489 0.12489458461260777 0.6502484264455688 0.15843789946368947 0.6644822659803256
2 0.6483280505019638 0.14183637479652245 0.6455506376239935 0.11163199682961314 0.6021127193885738 0.11562628645317205 0.6048901322665441 0.14583066442008133
3 0.24687500000000015 0.9481481490384615 0.18291933653846165 0.9481481490384615 0.18291933653846165 1 0.24687500000000015 1
2 0.31057226258261694 0.29601475766113383 0.26327165263958124 0.25541960693797716 0.23938150256178642 0.28325590388922267 0.2866821125048221 0.32385105461237934
3 0.8375326646365083 0.3294018864321454 0.7163837071832778 0.25508202389016194 0.6699516259510763 0.3307710529231102 0.7911005834043068 0.40509091546509374
2 0.2254027313868409 0.05335881319455571 0.19457676213933878 0.027784669070207303 0.17610362024185897 0.050051396795976845 0.20692958948936113 0.07562554092032525
2 0.7207792401000614 0.35379986634489263 0.6665754814506829 0.32331025503631056 0.6453356824107312 0.3610699014047371 0.6995394410601098 0.3915595127133192
2 0.9192708341346154 0.09907407451923088 0.8838541658653847 0.09907407451923088 0.8838541658653847 0.1342592596153847 0.9192708341346154 0.1342592596153847
2 1 0.5916666658653847 0.953125 0.5916666658653847 0.953125 0.6611111105769231 1 0.6611111105769231