3 1.054898317483208 0.4636998849416723 0.9154064611966606 0.3721583900906286 0.8574356469777524 0.46049490348268546 0.9969275032642998 0.5520363983337291
2 0.2500085449649299 0.7072064215734643 0.21124739228467673 0.6862418568536455 0.1663218198205129 0.7693042527012938 0.20508297250076607 0.7902688174211125
1 0.2417333283863168 0.24148110774266884 0.11704247521843966 0.11714448886625087 0.0713576207345495 0.16295949923024103 0.19604847390242666 0.287296118106659
2 0.6929637949115535 0.17678145154780328 0.69032816198234 0.13929677268735904 0.6491256123614974 0.14219381755607832 0.6517612452907108 0.17967849641652256
2 0.8316859423685224 0.5508588553014968 0.7637253324613777 0.49716157424049956 0.7353996599307144 0.5330112475047233 0.8033602698378591 0.5867085285657204
0 0.1574778697154057 0.29054401090639426 0.1538893299856108 0.2586459278220071 0.14082550187585421 0.2601156106888757 0.14441404160564913 0.29201369377326275
2 0.13156598719876017 0.9410018635320749 0.08800401873120062 0.9177688083212379 0.044520734807215204 0.9992999468638358 0.08808270327477476 1.022533002074673
2 0.3984197457361702 0.5772565510411061 0.3624628210633123 0.5540184325504127 0.30655697321433595 0.6405229557407467 0.3425138978871939 0.6637610742314398
2 0.2745424251105226 0.24474383489599233 0.23079887320157066 0.20845289211510012 0.20719936342364806 0.2368987329197626 0.25094291533260005 0.27318967570065483
0 0.5525976071073658 0.07302453618140113 0.5447618097431122 0.04825954683196923 0.5303515930027669 0.0528190294450684 0.5381873903670206 0.0775840187945003
2 0.29285596352806154 0.2193298655670843 0.25382678403436226 0.17968117719395785 0.23121054086464993 0.20194404263447352 0.2702397203583492 0.24159273100759998
0 0.5977487599527511 0.7826764408591913 0.5771876363639669 0.7400311442680322 0.5573256254809598 0.7496074702202815 0.5778867490697439 0.7922527668114406
2 1.0030499727219087 0.6912870970537193 0.9276134960060675 0.6292365292190785 0.8942552840095613 0.669790968451006 0.9696917607254025 0.7318415362856469