2 0.9260542379414716 0.642355363808343 0.8566265333974954 0.5888703163558368 0.8263509455001453 0.6281703576112718 0.8957786500441215 0.6816554050637781
3 0.33966503342198434 0.16514161502316277 0.2508259641349675 0.09745469858184082 0.20931472353244326 0.15193819663385594 0.2981537928194601 0.21962511307517787
2 0.825661058634066 0.5661391554861743 0.7573116986227225 0.5129785432393604 0.730809294486267 0.5470530635454597 0.7991586544976104 0.6002136757922736
2 0.21934308601386565 0.12550191349377415 0.1916696764387227 0.09088167866121596 0.16822047411019111 0.10962561218409264 0.19589388368533409 0.14424584701665083
2 1.0261381476971532 0.7320190079232302 0.947944029581158 0.663931610602883 0.9159006994278938 0.7007313715196569 0.9940948175438888 0.7688187688400041
3 0.9008403029005394 0.3649697092379918 0.7806441740863721 0.2938009491881185 0.7281428926065563 0.38246978067028287 0.8483390214207235 0.45363854072015614
3 1.017511362476162 0.47622270280871803 0.9494791658653848 0.44166666586538467 0.9110253304001954 0.5173726531895751 0.9790575270109727 0.5519286901329085
2 0.41681004616402717 0.34092088643771246 0.3699270591896319 0.2991657207751971 0.34553215579192914 0.3265564859677026 0.3924151427663244 0.36831165163021795
2 0.3880612596950957 0.3725494712249313 0.3442636131303256 0.3314891815185642 0.31931378531642773 0.35810233374567874 0.36311143188119777 0.3991626234520458
1 0.3223738922046747 0.3383125276917858 0.18283874229329153 0.20601254006231026 0.1364230712193091 0.25496657050171023 0.2759582211306923 0.38726655813118577
2 0.2973676136552105 0.25046609197556385 0.2631821159079155 0.19194276964700396 0.23635747431416626 0.20761197105745774 0.2705429720614613 0.26613529338601766
3 0.13807935820220985 0.2135195509757399 0.09488464439950245 0.1444080328146303 0.060469334036593034 0.1659176092370701 0.10366404783930044 0.2350291273981797
2 0.12647988581603087 0.14498084050855214 0.097974137837739 0.11291187711652793 0.077094108348997 0.13147190511336093 0.10559985632728885 0.16354086850538513
1 0.2717908986572516 0.22842496735411807 0.1420010625413435 0.12039180800790053 0.10092076432843318 0.169745221394241 0.2307106004443413 0.2777783807404586
0 0.26197916586538467 0.3870370360576923 0.24791666586538466 0.3870370360576923 0.24791666586538466 0.4203703701923077 0.26197916586538467 0.4203703701923077
2 0.3165973114246222 0.8367097983881843 0.2796933305861888 0.8212233056280798 0.2354836339015543 0.9265740667459051 0.2723876147399878 0.9420605595060096
2 0.5836599111910951 0.2913820466264856 0.535226928191237 0.25120061329399773 0.5115667519637135 0.27971957884505416 0.5599997349635715 0.319901012177542
2 0.21092313759042103 0.16711684682092243 0.1908405039153408 0.14926565293321517 0.1885416658653846 0.1518518509615385 0.20862429954046482 0.16970304484924578
2 0.22435114777722037 0.7714211061650259 0.18406416705641387 0.7504764543687483 0.1321445348158789 0.8503437256631577 0.17243151553668537 0.8712883774594353
2 0.060104168336016464 0.14101851366545098 0.030219104986525542 0.10739782986648475 0.008926005691240238 0.1263250362597755 0.03881106904073116 0.15994572005874177