2 0.9081752857995273 0.4975447089981646 0.8486889417629004 0.4446679434904641 0.8167349138254598 0.48061621455038306 0.8762212578620866 0.5334929800580835
2 0.27346765500793313 0.3141706521349904 0.23503008672136144 0.27689786304343145 0.21037846039230879 0.30231985569523967 0.24881602867888045 0.3395926447867987
3 0.4317222176358859 0.12182405284230954 0.3791666411538505 0.0824074159615525 0.3472430503859141 0.12497225276538848 0.3997986268679495 0.1643888896461455
2 0.3289671911897626 0.8330245886688876 0.29148997819761713 0.8157193456427195 0.24715503236690395 0.9117336116880085 0.2846322453590494 0.9290388547141765
2 0.2772895317797198 0.9414394799896717 0.22451260891214794 0.9205893476463424 0.19314051442307698 1.0000000000000002 0.24591743729064885 1.0208501323433294
0 0.6563914693386449 0.9014603743764217 0.6424586534803259 0.8488252833137007 0.6213002741663212 0.8544260298288194 0.6352330900246401 0.9070611208915405
2 0.08056275844285701 0.13716559536194803 0.052910031840433476 0.09934990388368721 0.029154444859530875 0.11672117825111823 0.05680717146195443 0.15453686972937908
2 0.4838523614011941 0.4222241504024969 0.43645111623787636 0.3777854753705743 0.4111150808099431 0.4048105751496126 0.45851632597326086 0.44924925018153516
2 0.7216382713985413 0.18572317131277247 0.7138071190973378 0.1519513276491721 0.6701612786351432 0.16207210243950046 0.6779924309363466 0.1958439461031008
3 0.7536580349136155 0.8018170444067884 0.606435571401835 0.6178994966385282 0.5399579093913924 0.6711135878899659 0.6871803729031729 0.8550311356582261
2 0.8250740358906901 0.5685181686728572 0.7648945899477828 0.5109104861631244 0.7339056287754401 0.5432828787408465 0.7940850747183474 0.6008905612505793
2 0.9182829316695389 0.6508056830952789 0.8524203410006508 0.5785626520450701 0.8167192082006894 0.6111106924835349 0.8825817988695774 0.6833537235337437
2 1.0268489812958475 0.7293788766446873 0.9450979848311678 0.6688225806380589 0.9149090261878654 0.7095776732390137 0.996660022652545 0.770133969245642
3 0.42641060661980884 0.454214906822191 0.36600948993027715 0.38135007680721983 0.3301509317406045 0.4110749379931687 0.3905520484301362 0.48393976800813987
1 1.0093641063742347 0.9199432493693066 0.7293764762092992 0.6161658077074714 0.6508217864145736 0.6885686211410345 0.9308094165795089 0.9923460628028695