2 0.12680894399276282 0.17547877117943678 0.10051614324481704 0.13263124440917748 0.07413402838325077 0.14882026957937833 0.10042682913119655 0.1916677963496376
3 0.7156624661072161 0.312698576310838 0.6422860409702532 0.2677168580217143 0.6093798616519313 0.32139506097018067 0.6827562867888942 0.3663767792593043
2 0.32892552681650256 0.8245556210938211 0.29124896512096676 0.8073185937496802 0.24648889588077544 0.9051548085769283 0.2841654575763112 0.9223918359210692
2 0.2759028335735573 0.9363649162518006 0.22190136705478083 0.915030986116655 0.1883333341346155 1 0.24233480065339202 1.0213339301351456
0 0.49379999538490627 0.663220976230899 0.4744791658653845 0.6231481490384615 0.45636791095888957 0.6318803621851055 0.4756887404784113 0.671953189377543
3 0.3877370675669984 0.04326627941650162 0.34909122868105563 0.008914432538188074 0.3171372128519167 0.04486271071566667 0.35578305173785957 0.07921455759398022
2 0.13050524986067186 0.11511560411841776 0.09988772608652557 0.08027966146076015 0.07715146473697858 0.10026270108296872 0.10776898851112483 0.13509864374062633
2 0.760104767286439 0.1693151208560142 0.7529287804989588 0.1346012848647287 0.7104809691338321 0.1433760262557426 0.7176569559213123 0.1780898622470281
2 0.43221578523109305 0.13457899873050716 0.4010903586449832 0.10295951922001746 0.3770192702874803 0.12665449792043112 0.40814469687359006 0.1582739774309208
2 0.9184876885155534 0.7875405483293338 0.8407998751385455 0.7126272914835644 0.8068926953990657 0.7477902888308106 0.8845805087760735 0.82270354567658
3 0.4644651346603453 0.4665329474932951 0.35896590853886345 0.3471802869680009 0.30662906945269897 0.39344231411455716 0.4121282955741808 0.5127949746398514
2 0.8271573688648439 0.5611107610625081 0.7669779226651497 0.5035030787634885 0.7359889616574714 0.5358754714257384 0.7961684078571655 0.5934831537247579
2 0.9203662664247048 0.6443242003702884 0.8545036737199067 0.5720811717757909 0.8188025434722407 0.6046292119998697 0.8846651361770388 0.6768722405943671
2 1.0270611899480977 0.7226687843982457 0.9456188189657839 0.6623410998688277 0.9154298614722395 0.7030961909176087 0.9968722324545533 0.7634238754470265
3 0.22946719277830907 0.25752447198206063 0.18446370271449597 0.20037719337400783 0.15585278211046885 0.22290829743498833 0.20085627217428195 0.2800555760430411
1 0.5641741702974452 0.4683406930617498 0.38028161509298425 0.28797098468434934 0.322102844649643 0.3472860595476642 0.5059953998541039 0.5276557679250647