3 0.6015625000000001 0.6231481490384615 0.5244791658653848 0.6231481490384615 0.5244791658653848 0.6944444447115384 0.6015625000000001 0.6944444447115384
2 0.8641522987723117 0.8260057484465034 0.7947952593665804 0.7643550442119699 0.7612320404473191 0.8021136639401523 0.8305890798530503 0.8637643681746858
2 0.2382595961483321 0.752321869925506 0.20113553656770267 0.7328797441207547 0.15523410517801872 0.8205269227708573 0.19235816475864814 0.8399690485756085
1 0.24996913118029654 0.25984095257447304 0.12428599327793369 0.13527999761574078 0.0794467862704308 0.1805231658270287 0.20512992417279363 0.3050841207857609
3 0.41183342930897465 0.4156998295814556 0.38815161271326193 0.36302124277312886 0.31469720152856817 0.3960428934896022 0.3383790181242809 0.44872148029792897
2 0.7158149510746608 0.18398556589366521 0.7081678925339369 0.14957380246040725 0.6666176477658372 0.15880719018665154 0.674264706306561 0.19321895361990948
2 0.9169855660851224 0.6408911115710525 0.8435432557155056 0.578447403333844 0.8135642513084309 0.6137067978892198 0.8870065616780477 0.6761505061264281
2 0.10218930162763619 0.7898743311416544 0.06288593420351336 0.7681346564975442 -0.004777333042560928 0.890463729826596 0.03452603438156189 0.9122034044707061
2 0.24586424459141945 0.5647598650727784 0.2157950062562501 0.5478459170968968 0.1656141793462741 0.6370562685987201 0.19568341768144346 0.6539702165746017
2 0.2810550008306156 0.7887554284841334 0.24342893622363573 0.7703119388422539 0.18457982713147436 0.8903684153420695 0.2222058917384542 0.9088119049839489
3 0.527468136475079 0.3565614762257108 0.46339671262043364 0.355101159574974 0.4621035642992529 0.41183806944414003 0.5261749881538983 0.41329838609487685
2 0.22121303738795073 0.21325726304197828 0.18337278489671893 0.1722444260682671 0.1713541658653846 0.18333333413461542 0.2091944183566164 0.2243461711083266
0 0.9271119276478561 0.13356638605157814 0.9152223109655626 0.10666462129876365 0.8948989648776541 0.11564681250097991 0.9067885815599477 0.14254857725379438
2 0.07614816131436511 0.04548687659291425 0.04532378997176771 0.011764491219938288 0.026028521272899095 0.02940157474623438 0.05685289261549649 0.06312396011921034
0 0.29359292694166356 0.9583054080636928 0.27422186581271457 0.9548616644590238 0.26643504708116905 0.9986625274048903 0.2858061082101181 1.0021062710095594