2 0.23305126201371673 0.7430626103101213 0.19551847070330786 0.7234064288821292 0.1496170393136239 0.8110536075322318 0.1871498306240328 0.830709788960224
1 0.24355846685772925 0.24781790986953833 0.11886761489519458 0.12348129219503858 0.07396178660335838 0.16851505692596325 0.19865263856589307 0.292851674600463
2 0.7152720152070037 0.1704645009847301 0.7060972806737159 0.13605924350752327 0.6643765849641101 0.1471847614006329 0.6735513194973978 0.1815900188778397
2 0.83272760854451 0.5554884853546042 0.7647669998066946 0.5017912052175206 0.7364413281999455 0.5376408773124148 0.804401936937761 0.5913381574494984
0 0.1043528697154057 0.2368403065794712 0.10076432998561083 0.20494222349508406 0.08770050160880102 0.20641190639199614 0.0912890413385959 0.23830998947638327
2 0.2793724501406265 0.7720604539807783 0.2417463874119394 0.7536169638641257 0.18197565988127676 0.8755535999988135 0.21960172260996386 0.8939970901154664
3 0.13409884159222954 0.7050463758076012 0.08345845299729773 0.6747351827949806 0.005400853638779068 0.805144670889265 0.056041242233710875 0.8354558639018855
2 0.2659982928564252 0.2561243849567935 0.23334257855830934 0.2063632917178016 0.20634219931668138 0.22408228889137022 0.23899791361479725 0.27384338213036213
0 0.6699893069787122 0.10836645933218966 0.668317742008206 0.08459302142831385 0.6497895499225904 0.08589578112938666 0.6514611148930965 0.10966921903326246
2 0.2514395743044299 0.18640122625912317 0.21354102411681522 0.14897055796751693 0.19137195250285327 0.17141674211333857 0.229270502690468 0.2088474104049448
0 0.47616054494850063 0.7066005801591059 0.4684682374996322 0.6806390412710239 0.43865463388773124 0.6894727011757809 0.44634694133659963 0.7154342400638628