0 0.5793070028188848 0.09779319516116415 0.5760732596178076 0.06329998907447563 0.55774476734768 0.06501828795094317 0.560978510548757 0.09951149403763168
2 0.8817767514687047 0.4603019495641495 0.8121210437600884 0.4149974286239162 0.7860683312434911 0.45505347800730406 0.8557240389521075 0.5003579989475373
2 0.005208334134615392 0.05567129567307692 6.8177674050419545e-18 0.05567129567307692 8.098026857831214e-18 0.07657951923076924 0.005208334134615393 0.07657951923076924
0 0.19641967862767448 0.3330546253586168 0.18962537500566407 0.29336727440285115 0.1787573029182832 0.2952278415550872 0.1855516065402936 0.33491519251085283
3 0.9843240745599561 0.4643859546548655 0.9030977789172379 0.41047576232431726 0.8660277542041036 0.4663290371256704 0.9472540498468217 0.5202392294562187
2 0.9871180778049732 0.5506173077186044 0.9257748720717469 0.5010470316199769 0.89783420672036 0.5356235988265658 0.9591774124535862 0.5851938749251934
2 0.30333737940461253 0.22394199508227255 0.2623508366202347 0.18112569651172805 0.2374704185376196 0.2049428491914755 0.2784569613219975 0.24775914776202004
2 0.25222072077445684 0.17568253287545962 0.2119327138977726 0.1426257004853997 0.1940850809134083 0.16437749908249757 0.23437308779009255 0.19743433147255754
3 0.2648646178666492 0.24587042183904428 0.2181194322567889 0.1627678876226478 0.18646760055086986 0.18057204680908717 0.23321278616073013 0.26367458102548363
3 0.24228259448293052 0.2857883967017198 0.198822530201413 0.1728665179920799 0.14758523404498025 0.19258613486362972 0.19104529832649778 0.3055080135732696
3 0.18135815928795893 0.1852850266637279 0.0892128161175075 0.1002277817811073 0.04745740145904195 0.14546281165114913 0.13960274462949335 0.23052005653376975
2 0.8219490365364011 0.5611107516147616 0.7617695824885663 0.5035030822554231 0.7307806288578705 0.5358754787045188 0.7909600829057053 0.5934831480638574
2 0.9141162664247049 0.6433982748895191 0.8482536737199068 0.5711552462950216 0.8125525434722409 0.6037032865191003 0.878415136177039 0.6759463151135978
2 0.8831809196452887 0.5276006954680313 0.816962770821405 0.4718380455200644 0.7854602794488122 0.5092472551609258 0.8516784282726958 0.5650099051088927
2 1.0225051777555103 0.7091941698712406 0.9353927129842501 0.6663185085859141 0.9102826261746217 0.717335833731069 0.9973950909458821 0.7602114950163956
3 0.08743180550331048 0.12625347271090612 0.041103275204178585 0.07918957117765026 0.01663540949185279 0.1032751276461804 0.0629639397909847 0.15033902917943626
1 0.20135868799010198 0.13716184941200035 0.06529847784149745 0.02365165937071271 0.027365126570237562 0.06912087886308725 0.1634253367188421 0.1826310689043749