2 0.5027845972549787 0.3392171209361037 0.4439874300884569 0.33225429533716294 0.43868172161005425 0.3770580354148891 0.49747888877657603 0.3840208610138298
2 0.7109553427941845 0.45430734651340665 0.6568767609513017 0.4106074837731162 0.6283600027724423 0.44589697312996307 0.6824385846153251 0.48959683587025354
2 0.8165027936530164 0.46248082821337866 0.7649729406488169 0.4244967668362264 0.7402725363174762 0.45800577451448066 0.7918023893216758 0.4959898358916329
2 0.8500133534941904 0.3908653843836529 0.8042868578530382 0.36038105542181104 0.7826522438469599 0.39283297799111716 0.8283787394881121 0.42331730695295905
2 0.8535915677585718 0.5671030946361666 0.7810186883448108 0.5095055734755545 0.7523241450341002 0.5456606994177664 0.8248970244478612 0.6032582205783785
2 0.6421500416665192 0.14605379936341553 0.6410744672165516 0.11156817698170453 0.5979161626913216 0.11291424431195154 0.5989917371412892 0.14739986669366256
2 0.6989956170691892 0.14117153942064392 0.6960004747431818 0.10656105502664723 0.6599324415821227 0.10968233155969874 0.6629275839081301 0.14429281595369542
3 0.48400314086699825 0.2530762028592593 0.38486129128255914 0.1913338415161051 0.3446752671438232 0.25586193331382745 0.44381711672826235 0.3176042946569817
2 0.30493534619626345 0.18679437931857673 0.272108474056667 0.15761494324396794 0.2532579013598916 0.17882184176294522 0.2860847734994881 0.208001277837554
2 0.22588971608182418 0.7321870441371625 0.1843299148398581 0.7117318217716024 0.13458585176790977 0.812799086516607 0.1761456530098758 0.833254308882167
2 0.331022503229912 0.7668381499730027 0.2945814125082242 0.7509344413835493 0.2512246131564172 0.8502803926561326 0.287665703878105 0.8661841012455862
3 0.26929910043495153 0.9236126198895713 0.21874899226614347 0.9014969594133988 0.17565393509615396 1.0000000000000002 0.22620404326496202 1.022115660476173
2 1 0.6740740745192307 0.9614583341346153 0.6740740745192307 0.9614583341346153 0.7500712259615384 1 0.7500712259615384