2 0.9932815090329594 0.5231895060022522 0.9188392409854088 0.4643709234877477 0.8857092174024014 0.5063011093330074 0.960151485449952 0.565119691847512
0 0.18912801008186045 0.31361018128972007 0.18233371083117086 0.2739228297005338 0.17146563549262586 0.27578339618260744 0.17825993474331542 0.3154707477717938
2 0.12020566361168 0.9478454432689939 0.07409188274809739 0.9171029197372602 0.01990231759465466 0.9983872596516216 0.06601609845823728 1.0291297831833552
2 0.4392503035444329 0.3739142556180069 0.4080153280248556 0.3569113459261165 0.37394865851751946 0.4194930808983778 0.40518363403709673 0.4364959905902682
2 0.2978771866286021 0.19960019146123925 0.2572402760342818 0.15823762399192834 0.23175237185212955 0.1832783733181204 0.27238928244644983 0.22464094078743133
2 0.24062499879807692 0.15833333293269233 0.20341435216346154 0.12112268629807697 0.18845486177884618 0.13608217668269235 0.22566550841346153 0.1732928233173077
3 0.2529462010497264 0.20584396432124372 0.19794957136824157 0.1335778583524962 0.16785875902470615 0.15647785055614633 0.22285538870619098 0.22874395652489385
3 0.2500826156996021 0.23927841531830238 0.17445043174734742 0.15419220837201594 0.133351293153183 0.1907247760112733 0.2089834771054377 0.27581098295755974
3 0.174032370640802 0.16666631449177416 0.08380371739196842 0.08029358540901625 0.04139402920023713 0.12459656264360675 0.1316226824490707 0.21096929172636464
2 0.8183615150032507 0.5347420705793787 0.7597030656154858 0.478590405348653 0.7287141131855677 0.5109628005433648 0.7873725625733325 0.5671144657740905
2 0.9116460841829672 0.6078684021714862 0.8411396311218184 0.5455457357084611 0.8109228612485209 0.5797303652765038 0.8814293143096695 0.6420530317395289
2 0.8925874774134137 0.5095092790000582 0.8263466794403905 0.44989257458204057 0.7917731360225754 0.48830763168907004 0.8580139339955983 0.5479243361070877
2 1.0244387645726027 0.694947897483422 0.9343436721358886 0.6377446557040757 0.9060022567750493 0.6823823782753176 0.9960973492117634 0.739585620054664
3 0.07217475510479689 0.11029442259075194 0.037595583756482295 0.05496774843344858 0.007424963618193614 0.07382438601987901 0.0420041349665082 0.12915106017718236
1 0.10582135426661393 0.0453914692084693 0.02311074960485868 -0.026564801763431272 -0.01769645381994419 0.020341304184426003 0.06501415084181107 0.09229757515632657
3 0.4781580210446595 0.21384533673409825 0.44864135143988904 0.12086782594647524 0.4085638872434671 0.13359083024355603 0.4380805568482375 0.22656834103117904
2 0.25403534802970956 0.6852944960822397 0.21459490084849253 0.6625066848858067 0.1638675514574926 0.7503040308903254 0.20330799863870963 0.7730918420867584