0 0.6187226810146077 0.08265028404643206 0.6005156130943695 0.08060198583296294 0.5970442428328934 0.11145856409455639 0.6152513107531316 0.11350686230802551
2 0.8880742770801007 0.45957463359526973 0.8185407110460372 0.4139432487493584 0.792025262461115 0.4543477576488444 0.8615588284951786 0.49997914249475567
2 0.003645834134615392 0.05387731490384616 6.598068124364918e-18 0.05387731490384616 7.681348585656946e-18 0.07156862740384616 0.003645834134615393 0.07156862740384616
0 0.19589884456150491 0.33027684691227355 0.18910454087104872 0.29058949555669733 0.1782364687836678 0.29245006270893337 0.18503077247412406 0.3321374140645096
3 1.025320759157011 0.4921381844077238 0.9392124560625468 0.43135585068637516 0.9001952622502684 0.486630206654433 0.9863035653447325 0.5474125403757817
2 0.9886805789801142 0.5478395298220595 0.9273373720717463 0.4982692527738236 0.8993967067203599 0.5328458199804126 0.9607399136287278 0.5824160970286485
2 0.3033373806053902 0.22116421749050252 0.2623508366202346 0.17834791766557417 0.23747041733684188 0.202165071494784 0.2784569613219975 0.2449813713197124
2 0.24980603387218364 0.17436462144079282 0.21109554550294984 0.13995530010021273 0.19500359170329132 0.15805874899518668 0.2337140800725251 0.1924680703357668
3 0.25706401446107674 0.23980982383619068 0.21584772823441026 0.15508746496928943 0.1818705084855006 0.17161692464306283 0.22308679471216702 0.2563392835099641
3 0.23967842861754593 0.28023284141325827 0.19621836433602843 0.1673109627036184 0.14498106817959563 0.1870305795751682 0.18844113246111313 0.29995245828480804
3 0.181358160486042 0.18250724892349696 0.0892128173155906 0.09745000404087635 0.047457402657125045 0.1426850339109182 0.13960274582757642 0.22774227879353878
2 0.8229907026591612 0.5583329788528301 0.7628112521649919 0.5007253022125483 0.7318222946811399 0.5330976966836937 0.7920017451753092 0.5907053733239754
2 0.9151579316695388 0.6406204979991253 0.8492953410006508 0.5683774669489163 0.8135942082006894 0.6009255073873813 0.8794567988695774 0.6731685384375902
2 0.8883892526639443 0.5266747627927268 0.8221710993230495 0.4709121225865441 0.7906686113295198 0.508321337302026 0.8568867646704146 0.5640839775082088
2 1.0226296741382035 0.7062213185604214 0.9359135461362095 0.6635407292561085 0.9108034593265807 0.7145580544012634 0.9975195873285748 0.7572386437055763
3 0.08639013845492949 0.12254976718220902 0.04006160933879398 0.07548586685072718 0.015593743626468166 0.09957142331925734 0.06192227274260368 0.14663532365073914
1 0.19857040210313576 0.1339144323227156 0.06567888148358181 0.01578863167314558 0.02682830498655447 0.05949552855126684 0.15971982560610842 0.1776213292008369