2 0.7656980221777907 0.8393861472098283 0.6923485784000606 0.7691712855871123 0.6570546070250037 0.8060408757171598 0.7304040508027339 0.8762557373398757
2 0.5544278202622093 0.6638615782054568 0.5483766891628105 0.605997644185896 0.4794488824908622 0.6132057817180758 0.485500013590261 0.6710697157376366
2 0.22361368564145673 0.7524645568623851 0.1832576032915987 0.7297642604314538 0.1282640947039949 0.8275304974504973 0.16862017705385293 0.8502307938814285
2 0.13495126739933355 0.8987976056713364 0.09239812574812192 0.8791033107810164 0.04223598628909587 0.9874878270998486 0.08478912794030749 1.0071821219901684
2 0.10234550725841687 0.7327264819243671 0.061974419354328174 0.7089855294550619 -0.011011408746917152 0.8330966949964462 0.029359679157171543 0.8568376474657515
2 0.2900505551615974 0.4720114659806495 0.25351434628980773 0.43812280783884316 0.1889828398300952 0.5076958369318632 0.22551904870188486 0.5415844950736696
3 1.0593233519546794 0.6592891833945254 0.7838221207960795 0.45454509587530134 0.7102323027598475 0.5535666877335553 0.9857335339184475 0.7583107752527793
2 0.804829141807897 0.4761545029695276 0.7952354531248045 0.4383793544025177 0.745740138538989 0.4509495932346883 0.7553338272220815 0.4887247418016983
2 0.8520490426160237 0.4043080292742394 0.8063048840545759 0.37214416623938185 0.7830005488405601 0.40528810806141186 0.828744707402008 0.43745197109626943
2 0.6437203550493732 0.15854495013252692 0.6374223743786399 0.1266614242132294 0.5932029598281403 0.1353961237196484 0.5995009404988735 0.16727964963894595
2 0.7002609865997986 0.1548646310262023 0.6948002443760319 0.12088672281748779 0.6584620400352185 0.1267267988327866 0.6639227822589852 0.1607047070415011
2 0.8018318383808499 0.19115079649106195 0.7881584466330345 0.16192392393749103 0.7532713370147095 0.17824538001822574 0.7669447287625251 0.20747225257179666
3 1.0025183388528862 0.12761476489115295 0.9036652811555489 0.11649379632793197 0.8950167638351528 0.19336950879932086 0.9938698215324901 0.20449047736254183
3 0.24684064733992417 0.9989568896830874 0.24592902648338627 0.9384480254506772 0.1766925450088467 0.9394911357675897 0.1776041658653846 1