3 0.4339325621888548 0.7037045020535608 0.38862595211069006 0.6743581760026996 0.3257236922066819 0.7714704399899204 0.3710303022848466 0.8008167660407816
2 0.5689711081504135 0.6831471167952569 0.5645615816033543 0.6285791995408225 0.5084476917769523 0.6331136531043433 0.5128572183240115 0.6876815703587777
2 0.23921734778891 0.7655136518351658 0.20209328919622807 0.7460715265478096 0.15679660616596625 0.8325639593459443 0.19392066475864816 0.8520060846333005
1 0.2527177032483108 0.2674877701511259 0.12709303167015557 0.14256413275279697 0.08206794000610454 0.18784189179720664 0.20769261158425972 0.31276552919553563
3 0.620958350918801 0.39494018204649073 0.5526911445329756 0.35759743480867273 0.5267816690873965 0.40496319224283794 0.5950488754732218 0.4423059394806559
2 0.7173774488950291 0.19046705065475264 0.7099264720942571 0.1569376376417771 0.6696691199515906 0.16588371125062404 0.6771200967523625 0.19941312426359958
2 0.0832669865224823 0.8414702133301282 0.04027190818886538 0.8194559072789726 -0.0250170086103829 0.9469685386368578 0.01797806972323402 0.9689828446880135
2 0.31151367835761057 0.46912365898950353 0.28360708012762037 0.4416531180542748 0.22551470744322102 0.5006676277631603 0.2534213056732112 0.5281381686983889
2 0.4492535744299531 0.40078153226246493 0.43832461181073357 0.36266677753966436 0.38116800544904395 0.37905576964813714 0.39209696806826355 0.4171705243709377
2 0.28286365274409997 0.7969279132836834 0.24300954804857205 0.778246301168762 0.18617102055055396 0.8995018230001119 0.22602512524608187 0.9181834351150333
3 0.7584677705794893 0.49450336184834154 0.6927979618868055 0.4402409875384898 0.658166865872687 0.4821524866018882 0.7238366745653708 0.53641486091174
2 0.1395969335271114 0.15050201622380668 0.1089158041125178 0.10781522051326488 0.08336907054144851 0.1261769322737134 0.11405019995604208 0.16886372798425522