2 0.9214875281828129 0.6202261934753311 0.8518039879770016 0.5665440578056186 0.8210956785452649 0.6064058048885727 0.8907792187510762 0.6600879405582852
3 0.3302439129754299 0.15229149078675744 0.2425937824378306 0.08303705500489536 0.20005522567815348 0.13687490684460796 0.2877053562157527 0.20612934262647004
2 0.8198169665044942 0.5485505767639536 0.7520786854146437 0.4918806459835889 0.7236649786728125 0.5258439070565957 0.791403259762663 0.5825138378369604
2 0.20788475324195246 0.1143908011370577 0.18021134133561137 0.079770568118601 0.15676213977758435 0.09851450358674604 0.18443555168392545 0.13313473660520272
2 1.024715128818281 0.711977442961374 0.9419848944905549 0.640890725451574 0.9101832370436441 0.6779012762936537 0.9929134713713702 0.7489879938034536
3 0.9194486778357651 0.16057051836500058 0.9117822657942134 0.09157280430441062 0.8144944117265283 0.1023825649765723 0.8221608237680799 0.17138027903716224
2 0.308724187216437 0.8233501307943546 0.2708001468338392 0.8078357511124905 0.22705752289993766 0.9147621684444889 0.2649815632825355 0.930276548126353
2 0.21601781346735857 0.7575322185456199 0.1757308314565724 0.7365875668395427 0.1230532967904762 0.8379126650673554 0.16334027880126237 0.8588573167734327
2 0.646244720035911 0.13998452072059803 0.643378509492806 0.10881449222601013 0.5999405907884255 0.11280878503144208 0.6028068013315308 0.14397881352602998
3 0.24635416586538475 0.9444444447115384 0.18030181730769243 0.9444444447115384 0.18030181730769243 1 0.24635416586538475 1
2 0.7093847246716743 0.6568833975322759 0.6392769648449932 0.5858992934379188 0.607004065158042 0.6177737634904782 0.6771118249847231 0.6887578675848351
3 0.542826404468078 0.12731955694341238 0.44390951548858726 0.07439315418625489 0.40656033308460215 0.14419697112580912 0.5054772220640928 0.1971233738829666
2 0.15364583413461538 1.67158821330955e-17 0.11934523798076922 1.4615576368662817e-17 0.11934523798076922 0.01666666586538463 0.15364583413461538 0.016666665865384633
2 0.7417006601683181 0.12862379820800834 0.7403169475507355 0.09418477899609876 0.7047345062094231 0.09561443274858836 0.7061182188270058 0.13005345196049797
2 0.38453369558514594 0.15605891065579292 0.3511759113223105 0.13134943988110603 0.33261228511069485 0.15641033430290657 0.36597006937353027 0.18111980507759343
2 0.6989337725411148 0.2899472581677148 0.6486086884269031 0.25531493810932215 0.6297638233499854 0.2826988794253483 0.6800889074641969 0.31733119948374094
2 0.6098618915190323 0.2755290296413697 0.5684667638854604 0.2502320002331047 0.5488588484824455 0.2823176711487139 0.5902539761160175 0.3076147005569789
2 0.7635519715532377 0.42605006279197016 0.7108520546979687 0.3831093901741433 0.6862539503326288 0.41329797306821925 0.738953867187898 0.456238645686046