3 0.9616436331104503 0.9492803356908899 0.8559218124871316 0.8413831666215301 0.8087693851725036 0.8875849391565132 0.9144912057958223 0.9954821082258729
2 0.23461376230302797 0.7458403898261756 0.19708097192022273 0.7261842080041401 0.1511795399970828 0.8138313837496588 0.18871233037988805 0.8334875655716942
1 0.24460013512696002 0.24966976083107678 0.11990928195908292 0.12533314195465883 0.075003452468743 0.1703669078875017 0.1996943056366201 0.2947035267639197
3 0.1451236076674419 0.6880489162089434 0.09721740758463077 0.6570282591025941 0.015043546623369153 0.7839319997709876 0.06294974670618028 0.8149526568773369
2 0.7157928476081453 0.17324227693862013 0.7066181127871846 0.13883702235247683 0.6648974192428655 0.14996254095189038 0.6740721540638261 0.18436779553803367
2 0.8340755021634725 0.5584739066443589 0.7637864633867205 0.5066619235770855 0.7362384987734463 0.5440339722479283 0.8065275375501982 0.5958459553152017
0 0.06526642959923194 0.19986349320413416 0.054034138176364696 0.16658263420908817 0.04066152766480535 0.17109589086429322 0.051893819087672606 0.20437674985933924
2 0.2778099501406266 0.7785419371538551 0.2401838874119394 0.7600984470372025 0.1804131608313192 0.882035081233735 0.21803922356000635 0.9004785713503876
3 0.30610368406014477 0.47968135620841007 0.26640814098471666 0.4435300593649173 0.19487927560763757 0.5220715614583182 0.23457481868306565 0.558222858301811
2 0.25744382150509093 0.25107677701618336 0.2259012101342702 0.20060861629262153 0.20143179851423465 0.21590200384900785 0.23297440988505538 0.26637016457256973
0 0.7533226416891744 0.10188497469157211 0.7516510696599024 0.07811153840499101 0.7331228790806571 0.07941430359013045 0.7347944511099291 0.10318773987671157
2 0.19993468023179714 0.14593147245923274 0.1657792250738489 0.11025122528565648 0.1441888554321189 0.13091893250624306 0.17834431059006717 0.16659917967981933
0 0.39460739601595096 0.7404721286154979 0.3816821352558485 0.7355482232039473 0.3669626728771972 0.7741868390161623 0.37988793363729967 0.7791107444277128