2 0.9296782122010774 0.6326359336257446 0.8594932818721592 0.5842164842544064 0.8298628805550605 0.6271663252596092 0.9000478108839788 0.6755857746309476
3 0.3417483665076094 0.15773420378684047 0.25290929263660505 0.09004729361549199 0.2113980544877331 0.1445307963052857 0.30023712835873745 0.21221770647663415
2 0.8302966426694455 0.5557789788131061 0.758334578935599 0.5068635952786924 0.7322269594802486 0.5452719249172234 0.8041890232140951 0.5941873084516373
2 0.22142641910733707 0.11994635642551922 0.19375300720099597 0.08532612340706251 0.17030380710966975 0.1040700577028118 0.19797721901601084 0.1386902907212685
2 1.0290801253099084 0.7268143732907375 0.954422616849141 0.6589774179053796 0.9216205891838302 0.6950774705100672 0.9962780976445976 0.7629144258954252
3 0.9830973280827363 0.42189636797793145 0.855241465773196 0.34240702689707203 0.8008936037314991 0.42982368769128626 0.9287494660410395 0.5093130287721457
3 1 0.4629629639423078 0.9651041658653846 0.4629629639423078 0.9651041658653846 0.5592592596153847 1 0.5592592596153847
2 0.2981732635619085 0.2375457898896346 0.2593027774861622 0.19746060480316904 0.23519219632500477 0.22084056443866432 0.27406268240075105 0.26092574952512987
2 0.2711944447397436 0.26969444435728024 0.23748611037930403 0.22475000039546697 0.2100416668895604 0.24533333386098893 0.24375000125 0.2902777778228022
1 0.23957920953568276 0.256177061517222 0.11213063204413279 0.13166314639607563 0.06739821442081784 0.17744986018065573 0.1948467919123678 0.30196377530180213
2 0.23255467003505345 0.18585816461206822 0.2005191135787764 0.1331247417945464 0.18554529409796522 0.1422213377239166 0.21758085055424223 0.19495476054143845
3 0.10329041216352787 0.17042044384127905 0.05914296329398628 0.10763295149591326 0.025945771703299474 0.13097472329818197 0.07009322057284106 0.19376221564354779
2 0.09392117518659623 0.14442402039483404 0.08893894917749434 0.10266823100350358 0.07378225704579847 0.10447670036430948 0.07876448305490036 0.14623248975563993
1 0.23634977365262005 0.18707088971406496 0.1099793939443209 0.08318258905780546 0.07862776427321941 0.12131890778651454 0.2049981439815186 0.22520720844277406
0 0.188469060421919 0.306329997651856 0.17513142660634978 0.30507959565389914 0.17212878053707367 0.33710785041932784 0.18546641435264288 0.33835825241728473
2 0.3166458345844362 0.828444445550345 0.279063795923452 0.812589522442371 0.2346619161836327 0.917838418929481 0.2722439548446169 0.933693342037455
2 0.8594102024468915 0.5022256729933693 0.7900023265890012 0.44978416394212695 0.7640160015904444 0.48417782751386373 0.8334238774483347 0.5366193365651061
2 0.14985309880740155 0.10742521285891733 0.1262286317816594 0.09167557120386703 0.12377136710887325 0.09536146892187278 0.14739583413461538 0.11111111057692308
2 0.2247723268187175 0.7633410521874965 0.18409609973556723 0.742143054689387 0.1320873116056056 0.8419412208360924 0.17276353868875588 0.8631392183342019
2 0.016145834134615396 0.07648148076923077 9.366280061808832e-18 0.07648148076923077 1.1770216393052617e-17 0.11574074038461538 0.016145834134615396 0.11574074038461538