2 0.7852218837052347 0.4011743466289738 0.7274639356111232 0.3571682867068707 0.7010650815179693 0.3918167793725494 0.7588230296120808 0.4358228392946525
2 0.31601782286089897 0.36005679045847433 0.27588530834291974 0.3186701386604089 0.24952698474456625 0.3442297275259658 0.2896594992625455 0.38561637932403126
3 0.36922222533076327 0.07830557089711888 0.3203333484846206 0.04163888153173553 0.28986111232693296 0.08226849458172715 0.3387499891730756 0.1189351839471105
2 0.33000885814302927 0.8348764406230925 0.292531647055514 0.8175711978058413 0.24819669990854715 0.9135854629812686 0.28567391099606243 0.9308907057985197
2 0.2778103655898083 0.9414394808111309 0.22503344272223644 0.9205893484678016 0.19366134855769238 1.0000000000000002 0.24643827142526425 1.0208501323433294
0 0.6954539693386449 0.960719633991806 0.6820133553133754 0.9099439723916751 0.6601105658209915 0.9157417686264584 0.673551179846261 0.9665174302265893
2 0.1158485477530751 0.16510843109443812 0.08292927504748297 0.1317776687619785 0.06094493414541159 0.15349059888308758 0.09386420685100373 0.1868213612155472
2 0.6086925289703955 0.5267081757554535 0.5560668113771763 0.4799297556191119 0.5296300268837466 0.5096711353144723 0.5822557444769658 0.5564495554508139
2 0.7216382713985413 0.18572317131277247 0.7138071190973378 0.1519513276491721 0.6701612786351432 0.16207210243950046 0.6779924309363466 0.1958439461031008
3 0.8555363382227896 0.9093351557344195 0.6827443625045265 0.7153230933085692 0.6150702071712527 0.7755953818399598 0.7878621828895158 0.96960744426581
2 0.8250740365364009 0.5703700112301463 0.7648945824885666 0.5127623418708073 0.7339056300586482 0.545134737065519 0.7940850841064825 0.602742406424858
2 0.9182829322900894 0.653583459985673 0.8524203395852913 0.5813404313911755 0.8167192093376254 0.6138884716152542 0.8825818020424235 0.6861315002097517
2 1.0268489812958477 0.7330825809716104 0.945097984831168 0.6725262849649819 0.9149090273376236 0.7132813760137634 0.9966600238023033 0.7738376720203919
3 0.4853556071825335 0.5130172309583388 0.42029812436385494 0.4398275909371858 0.38388649264486197 0.4721934982469334 0.4489439754635406 0.5453831382680865
1 1.047861273925877 0.9512750332290535 0.8531470829357042 0.7600123223472673 0.7745496229738162 0.8400281328510748 0.9692638139639892 1.031290843732861