0 0.4772236686842693 0.04408949083424109 0.4739899255041357 0.009596284970950041 0.45566143323400815 0.011314583847417578 0.45889517641414174 0.04580778971070863
2 0.8002143509079184 0.39816193952767287 0.7375112833954743 0.3578528197149774 0.7123213752204153 0.3970371164764149 0.7750244427328593 0.43734623628911035
2 0.008854165865384624 0.05462962980769231 6.6902001282595226e-18 0.05462962980769231 8.334401794821015e-18 0.08148148076923077 0.008854165865384626 0.08148148076923077
3 0.9994791658653847 0.5907407403846154 0.9927083341346153 0.5907407403846154 0.9927083341346153 0.6314814807692308 0.9994791658653847 0.6314814807692308
0 0.23447408526232086 0.36330962144363765 0.22777269726787136 0.3320364710258961 0.21314193909198215 0.3351716328461768 0.21984332708643167 0.3664447832639184
3 0.8848796173767707 0.3949162588136651 0.812414562366434 0.3445057775438968 0.7761795976997447 0.3965935307596938 0.8486446527100815 0.4470040120294621
2 0.9735764131147296 0.5441358254951367 0.9122332047521252 0.4945655472717589 0.8842925382255971 0.5291421159325848 0.9456357465882015 0.5787123941559625
2 0.33476797433805167 0.23966648697599519 0.28738530449604005 0.20920619545472213 0.26902451868868293 0.23776741429080295 0.31640718853069455 0.268227705812076
2 0.26194377187168577 0.19299651933215126 0.2252057339551722 0.15424937648703022 0.2020269290955133 0.17622632108904596 0.23876496701202685 0.214973463934167
3 0.3580637533039542 0.30471781692477085 0.28823219344088663 0.2383146770890271 0.2522958262488738 0.276106452945376 0.32212738611194136 0.3425095927811197
3 0.3096427162335092 0.31707243516814526 0.2337239320056771 0.2209876776852002 0.18823885838967025 0.25692648400475215 0.2641576426175023 0.3530112414876972
3 0.1927905041446175 0.2005885530547934 0.1024896270469389 0.11245175077780446 0.06038146544657424 0.15559381887251303 0.1506823425442529 0.24373062114950197
2 0.8214282024017857 0.5648144559416846 0.7612487471531734 0.5072067854328839 0.7302597947232552 0.5395791806275958 0.7904392499718675 0.5971868511363965
2 0.9141162670009574 0.6471019800810995 0.8482536751352664 0.574858947718147 0.8125525423353049 0.6074069881566119 0.8784151342009958 0.6796500205195642
2 0.8051000951699847 0.46521100295682566 0.7404002775105595 0.41072693191828474 0.7093539890124981 0.44759438999434475 0.7740538066719235 0.5020784610328857
2 1.0249391059806146 0.7286585976441621 0.9404104859809259 0.6660448026435778 0.9102215273376236 0.7067998952445328 0.9947501473373122 0.769413690245117
3 0.09003597016692103 0.1299571758169794 0.04370744106956318 0.08289327550457333 0.019239576565370002 0.10697883078384787 0.06556810566272785 0.15404273109625394
1 0.2185961647953674 0.15706827450282893 0.08616472507643397 0.03704326373642433 0.044355533370253636 0.0831740777707617 0.17678697308918706 0.2031990885371663