3 0.5738918716602697 0.6874903580266937 0.564003272141798 0.6171714162850497 0.4856056992281842 0.6281960731209162 0.49549429874665596 0.6985150148625602
2 0.8103376403133834 0.777707550063258 0.7453160956221662 0.7199106000131654 0.7117528717679125 0.7576692128453175 0.7767744164591298 0.8154661628954101
2 0.23930126201371665 0.7578774252139675 0.2021772024330872 0.7384352994092163 0.1562757710434033 0.8260824780593187 0.1933998306240327 0.8455246038640699
1 0.25057047887456163 0.2608648003542846 0.12287773520167028 0.1383518262967713 0.07983704178150958 0.18321225250619477 0.20752978545440096 0.3057252265637081
3 0.43994918401361294 0.4086581183034744 0.4239636100124097 0.3534222459139888 0.35279209476402856 0.3740196851244778 0.3687776687652317 0.42925555751396344
2 0.7163357847002263 0.18491149148755653 0.7086887260463801 0.15049972754524885 0.6671384794966063 0.15973311566742082 0.6747855381504526 0.19414487960972854
2 0.9445797963653219 0.6683741368042502 0.8702901140004667 0.5987275776685211 0.8377786430952756 0.6334064889705704 0.9120683254601307 0.7030530481062994
2 0.14505389030702626 0.710945701167896 0.10674313256083405 0.690422080382886 0.046185717595019056 0.8034625852135656 0.08449647534121127 0.8239862059985759
2 0.28028050885911854 0.5141437795754106 0.25010988893690594 0.49528714212402775 0.19886210047536748 0.5772836036624893 0.22903272039758008 0.5961402411138722
2 0.28157583416661436 0.789681358056247 0.24394977238796967 0.7712378684052847 0.18510066083131915 0.8912943408491196 0.22272672260996382 0.9097378305000816
3 0.565357041901708 0.36709064191063917 0.5016385186986247 0.35484444167565626 0.4904416978609859 0.41310291162177076 0.5541602210640691 0.4253491118567538
2 0.21124012851070764 0.2054553227412912 0.17155969580937686 0.162372060734816 0.15885416586538462 0.17407407451923082 0.1985345985667154 0.21715733652570599
0 0.9531535983600723 0.1418997175668714 0.94126397606292 0.11499795638583453 0.9209406288153984 0.12398015353496514 0.9328302511125508 0.15088191471600199
2 0.05625716949635551 0.030166011999506172 0.02344466828027467 -0.003167320938029585 0.005192963050347243 0.014799202276879893 0.038005464266428084 0.04813253521441564