2 0.9293478740548177 0.6329271287118478 0.8593342339519665 0.583894011013037 0.8292352786916842 0.6268718496650615 0.8992489187945354 0.6759049673638724
3 0.3417483665076094 0.15773420378684047 0.25290929263660505 0.09004729361549199 0.2113980544877331 0.1445307963052857 0.30023712835873745 0.21221770647663415
2 0.829866158357871 0.556412287543971 0.7579040946240245 0.5074969040095572 0.7322269594802486 0.5452719249172234 0.8041890232140951 0.5941873084516373
2 0.22142641910733707 0.11994635642551922 0.19375300720099597 0.08532612340706251 0.17030380710966975 0.1040700577028118 0.19797721901601084 0.1386902907212685
2 1.0290801253099084 0.7268143732907375 0.954422616849141 0.6589774179053796 0.9216205891838302 0.6950774705100672 0.9962780976445976 0.7629144258954252
3 0.9830973280827363 0.42189636797793145 0.855241465773196 0.34240702689707203 0.8008936037314991 0.42982368769128626 0.9287494660410395 0.5093130287721457
3 1 0.4629629639423078 0.9651041658653846 0.4629629639423078 0.9651041658653846 0.5592592596153847 1 0.5592592596153847
2 0.2981732623605542 0.23847171653535348 0.259302776284808 0.19838653144888793 0.2351921963250048 0.22176648991943346 0.27406268240075093 0.261851675005899
2 0.2711944447397436 0.26969444435728024 0.23748611037930403 0.22475000039546697 0.2100416668895604 0.24533333386098893 0.24375000125 0.2902777778228022
1 0.2401000424963694 0.256177062718819 0.11265146500481943 0.13166314759767261 0.06791904738150446 0.17744986138225277 0.19536762487305442 0.3019637765033992
2 0.23255466873568942 0.18678409129308401 0.20051911598734978 0.13405066910299945 0.18554529746020287 0.14314726350837217 0.21758085020854256 0.1958806856984567
3 0.10329041216352787 0.17042044384127905 0.05914296329398628 0.10763295149591326 0.025945771703299474 0.13097472329818197 0.07009322057284106 0.19376221564354779
2 0.09531249999999998 0.14629629567307695 0.08890753766439856 0.10264766473743234 0.07321287220128186 0.104950686367351 0.07961783453688329 0.1485993173029956
1 0.23634977365262005 0.18707088971406496 0.1099793939443209 0.08318258905780546 0.07862776427321941 0.12131890778651454 0.2049981439815186 0.22520720844277406
0 0.19003156094926996 0.30818184883038124 0.17669392686750227 0.3069314465369486 0.17369128016189805 0.3389597011606932 0.18702891424366574 0.3402101034541258
2 0.3166458345844362 0.828444445550345 0.279063795923452 0.812589522442371 0.2346619161836327 0.917838418929481 0.2722439548446169 0.933693342037455
2 0.8568060352098611 0.5012997439758472 0.7873981566514345 0.4488582389351432 0.7614118320788911 0.483251905911539 0.8308197106373176 0.535693410952243
2 0.15374948940820873 0.10791818879672142 0.1298738535956012 0.09263778575552485 0.12664519832200785 0.09768256090111113 0.1505208341346154 0.1129629639423077
2 0.2247723268187175 0.7633410521874965 0.18409609973556723 0.742143054689387 0.1320873116056056 0.8419412208360924 0.17276353868875588 0.8631392183342019
2 0.019270834134615396 0.07611111057692307 9.320922794757911e-18 0.07611111057692307 1.1860931074347583e-17 0.11759259375 0.019270834134615403 0.11759259375