0 0.8131028870720312 0.06964103321014137 0.7948958212585425 0.06759273523368138 0.791835911102124 0.09479189582532525 0.8100429769156126 0.09684019380178524
2 0.8901576146644478 0.4493894631809596 0.819835282283814 0.40324042019482115 0.7931829513096745 0.4438534850864388 0.8635052836903084 0.49000252807257727
0 0.1917321786276745 0.3173138849740015 0.1849378750056641 0.2776265340182358 0.1740698029182832 0.2794871011704719 0.18086410654029358 0.3191744521262376
2 0.37263043951105806 0.058583594946586035 0.33930506114282244 0.023036500077617202 0.3167594300361932 0.04417301460710616 0.3500848084044289 0.07972010947607498
2 0.9870853022783563 0.5333308371256164 0.9246556267115538 0.4841674587025228 0.8971053053142773 0.5191519874668276 0.9595349808810799 0.5683153658899212
2 0.3010856721309712 0.20714221536130747 0.2590851417129176 0.16566022995341548 0.234910058891435 0.19013751307809132 0.2769105893094886 0.23161949848598334
2 0.24876436604317073 0.1632535182515808 0.2080926774970276 0.12710089317476447 0.19269037424311766 0.14442847808748463 0.2333620627892608 0.18058110316430095
3 0.2549806799067451 0.22777278691502836 0.21330047974275182 0.14209681490162474 0.1790956013916472 0.158737025018366 0.2207758015556405 0.24441299703176964
3 0.23789848489003593 0.26900144389702674 0.193131636110395 0.1553078602413677 0.14235774075747476 0.17530008163269648 0.18712458953711572 0.2889936652883555
3 0.1789629013214456 0.16834081261796716 0.08481683369681156 0.0862343849598822 0.043303545752496224 0.13383495565334563 0.13744961337713027 0.2159413833114306
2 0.8214282024017857 0.544444085749377 0.7612487471531734 0.4868364152405763 0.7302597947232551 0.5192088104352881 0.7904392499718674 0.5768164809440888
2 0.9141162670009574 0.626731609888792 0.8482536751352664 0.5544885775258395 0.8125525423353047 0.5870366179643043 0.8784151342009958 0.6592796503272568
2 0.8861346592626977 0.5173384795898351 0.8226021910722282 0.457892883404865 0.7888075199124007 0.4940109309686973 0.8523399881028701 0.5534565271536674
2 1.0230627806864427 0.6986564415881655 0.9334092910466691 0.6519038073995085 0.9074383155038409 0.701706104685437 0.9970918051436146 0.7484587388740942
3 0.08307391568271465 0.10820004954792198 0.03612207268994147 0.061981811722460645 0.01126304683364457 0.08723541579464252 0.05821488982641775 0.13345365362010383
1 0.18817449596292313 0.10993248145674715 0.0504207039211287 -0.001517024606240335 0.011044106730675693 0.04715322771072868 0.14879789877247013 0.15860273377371617