2 0.9277062914137513 0.6332788675194515 0.8587144317507727 0.5807136411095629 0.8290635474664773 0.6196304267327007 0.898055407129456 0.6721956531425892
3 0.34222307884081454 0.15692112059444976 0.25457294830321536 0.0876666848125876 0.2120343924674525 0.1415045354829712 0.2996845230050517 0.2107589712648334
2 0.8278379918878682 0.558673491880788 0.7612093563494654 0.502455577942477 0.7329765050075111 0.5359167334797879 0.7996051405459139 0.5921346474180988
2 0.21725975324195249 0.1143908011370577 0.1895863413356114 0.07977056811860096 0.16613713977758435 0.09851450358674602 0.19381055168392544 0.13313473660520275
2 1.0264759594763526 0.7240365891869167 0.951818445940108 0.6561996442745068 0.9190164244500405 0.6922996981105533 0.9936739379862851 0.7601366430229631
3 0.9825764939481209 0.4200445146125468 0.8547206327164534 0.34055517420181236 0.8003727695968836 0.42797183672974776 0.9282286308285511 0.5074611771404822
3 1 0.4611111105769232 0.965625 0.4611111105769232 0.965625 0.5569444447115386 1 0.5569444447115386
2 0.298694095842418 0.2347680168867678 0.25982361409484833 0.19468282785425411 0.23571303055518317 0.2180627848912944 0.2745835123027528 0.25814797392380806
2 0.2692569438545788 0.2636388879092033 0.23592361037930407 0.2191944451070054 0.20847916688956036 0.2397777785725274 0.24181250036483512 0.2842222213747253
1 0.23957920981030767 0.2524733537046498 0.11312642710509516 0.12893232083416473 0.06900262968917664 0.1740960760426333 0.19545541239438918 0.2976371089131184
2 0.16573076077399934 0.11047450954951768 0.13233809637476057 0.08409018196439895 0.1259823356007612 0.0921341916456505 0.159375 0.11851851923076924
3 0.10418357236767553 0.1700270478059515 0.06309235742874765 0.1042811076967014 0.02892673251574452 0.1256346244992618 0.07001794745467241 0.19138056460851188
2 0.09317883020637481 0.13592666542955684 0.0893656703540368 0.09389715632352348 0.07160194009508801 0.09550878454597782 0.07541509994742603 0.1375382936520112
1 0.2358289409636508 0.1852190406582541 0.10931513220963537 0.08121282510372038 0.07660084419859735 0.12100668891162074 0.2031146529526128 0.22501290446615446
2 0.8788098686144861 0.9375951914955267 0.7971289272554463 0.8548932415503437 0.7578629315669526 0.8936744733515533 0.8395438729259924 0.9763764232967362
2 0.2697556230041869 0.03798218680216766 0.2523007970050293 0.0052543889978182885 0.22348375598379372 0.020623477985816336 0.24093858198295132 0.05335127579016571
2 0.2845633331773278 0.8922735760910184 0.24586079694852614 0.876027174365587 0.19874356487923972 0.9882708829714075 0.23744610110804137 1.0045172846968389