2 0.9235066274289296 0.6149280713506924 0.8558173844744091 0.5625234948597341 0.8248768792547393 0.6024883131101249 0.8925661222092598 0.654892889601083
3 0.33076474632558284 0.1485877817384885 0.24311460851967187 0.07933335519669156 0.20057606016842072 0.1331712080421023 0.28822619797433163 0.20242563458389923
2 0.8240702094317083 0.5425988217433754 0.7558350950859167 0.48745933713850104 0.7277709845682665 0.5221886749969749 0.796006098914058 0.5773281596018491
2 0.20788475187925018 0.11068709858992803 0.1802113423041073 0.0760668637573698 0.15676213997557567 0.09481079728024647 0.18443554955071856 0.12943103211280468
2 1.0257906945938493 0.7042442276993304 0.9466723953986219 0.6362610952130558 0.9148707369890109 0.6732716452265317 0.9939890361842382 0.7412547777128062
2 0.3113283563097451 0.8196464281965318 0.27340431373404467 0.804132047007221 0.22966168839662396 0.9110584635640223 0.2675857309723244 0.9265728447533331
2 0.2201844815901257 0.7501248121256612 0.17989749930847074 0.7291801586940481 0.12721996180776676 0.8305052547077569 0.1675069440894217 0.8514499081393704
2 0.6457238844863104 0.13720674506282446 0.6428576761791711 0.1060367139103018 0.5994197580134375 0.11003100320960482 0.6022859663205767 0.1412010343621275
3 0.24843750000000012 0.9416666658653846 0.1811431634615386 0.9416666658653846 0.1811431634615386 1 0.24843750000000012 1
3 0.3116034831730769 3.3495323729453e-17 0.23541666586538462 2.883022663179852e-17 0.23541666586538462 0.048148149038461575 0.3116034831730769 0.048148149038461575
2 0.7130392170699361 0.1285838770155043 0.7060294122931194 0.09703975915953547 0.6687499986595022 0.10532407425622176 0.6757598034363189 0.13686819211219062
2 0.47155135658407754 0.12509438431651493 0.42844700750791537 0.10446323627307258 0.4147729077723646 0.13303232835957826 0.45787725684852687 0.1536634764030206
2 0.2602297013667625 0.04375890506111569 0.24190705433071613 0.016274929221666196 0.2157585468805316 0.03370726416941648 0.23408119391657792 0.06119124000886597
2 0.3901502112711721 0.15616314072155998 0.3545197593017757 0.1269278902954727 0.33415738857740884 0.1517445230078164 0.36978784054680525 0.1809797734339037
2 0.8426526758320201 0.37218148151015 0.7853142329270363 0.33020823890185547 0.7623138342958846 0.3616284238042139 0.8196522772008682 0.40360166641250844
2 0.7276186785429508 0.3394426577863637 0.6737601053242364 0.3056490417842058 0.6504896067865054 0.3427363972554387 0.7043481800052198 0.37653001325759655
2 0.9314152518173018 0.4937236279212762 0.871876355743839 0.44598874096300567 0.8448074984605688 0.47975125687772685 0.9043463945340314 0.5274861438359975