2 0.8912939671746182 0.44752560518867157 0.8209716336913325 0.40137656147891787 0.7936838749567218 0.4429578969842766 0.8640062084400074 0.4891069406940303
0 0.18912801008186042 0.31546203225125863 0.18233371083117084 0.2757746806620723 0.17146563549262586 0.27763524714414595 0.17825993474331542 0.31732259873333224
2 0.5293879129439609 0.6928970002366305 0.5238514101785593 0.6306113558044198 0.4577060878124242 0.6364909411171649 0.46324259057782585 0.6987765855493755
2 0.4088592175900598 0.44167791231700904 0.3740579335257506 0.419825943302237 0.3256301302230185 0.4969517042901629 0.3604314142873278 0.5188036733049349
2 0.3745197072861963 0.09352213403160789 0.34463688808739035 0.06118516565487156 0.3210991277221848 0.08293657503696673 0.3509819469209907 0.11527354341370305
2 0.29648706825333726 0.2077522394445731 0.25763649788290177 0.16404533517006986 0.23222341886524822 0.18663473222514207 0.2710739892356837 0.2303416364996453
2 0.243847898911375 0.16372380610831108 0.2055876788956605 0.12485625738813658 0.1893198567831259 0.14086988504660042 0.22758007679884046 0.17973743376677492
3 0.2509816743023356 0.2201390601430066 0.20220444551937092 0.1396179182675781 0.1725730612799601 0.1575676985928212 0.2213502900629248 0.23808884046824969
3 0.23327203874493302 0.26518345904746454 0.1890318430633951 0.15426786970431858 0.13852536419653805 0.17441306770117068 0.182765559878076 0.28532865704431665
3 0.17455320206610175 0.16944408996490312 0.08432454896233708 0.0830713662459074 0.04191486308663862 0.12737434374106377 0.1321435161904033 0.21374706746005948
2 0.8188240377371786 0.5416663080526851 0.7597030656154862 0.4850718861178836 0.7287141119847901 0.5174442825669794 0.7878350841064825 0.574038704501781
2 0.9104704334868926 0.6230279036061087 0.8446078407820946 0.5507848750116113 0.8089067093376255 0.5833329163267927 0.8747693020424234 0.6555759449212901
2 0.8836286600028568 0.5086006011304883 0.8174563847735568 0.45276774122149493 0.7843265703716015 0.49203270455088866 0.8504988456009015 0.547865564459882
2 1.0225224559904995 0.6957573905060735 0.9313259569120536 0.6482001054764317 0.9053549828687188 0.6980023998869113 0.9965514819471648 0.7455596849165531
3 0.07890725099424434 0.1082000425086306 0.031955401617741845 0.06198181363596377 0.007096378171988058 0.08723542358470496 0.05404822754849055 0.13345365245737179
1 0.15539468945648016 0.08990745559263129 0.02732888387411004 -0.02178095600943566 -0.016157516529527714 0.028082058601350594 0.11190828905284239 0.13977047020341754
3 0.246875 2.8128606167915774e-17 0.21250000000000002 2.602374448188126e-17 0.21250000000000002 0.01388888942307695 0.246875 0.013888889423076952
2 0.4746387746664797 0.290229998777794 0.4474870668005957 0.28174508896829886 0.42914771766079396 0.3404309985977818 0.45629942552667796 0.348915908407277