2 0.9239548319510088 0.614349140524039 0.8561430340401331 0.5618496827741934 0.8252025288204633 0.6018145010245841 0.893014326731339 0.6543139587744297
3 0.3302439121909674 0.14951370721925772 0.2425937743850565 0.08025928067746078 0.20005522486447638 0.13409713500280354 0.28770536267038727 0.20335156154460046
2 0.8240854909316224 0.5432536483623998 0.7567579406901905 0.4873967032136856 0.7283657218391629 0.5216194580755721 0.7956932720805947 0.5774764032242863
2 0.20840558601386555 0.11161302407069724 0.18073217643872266 0.07699278923813904 0.15728297411019107 0.09573672276101573 0.18495638368533396 0.13035695759357388
2 1.0257906945938493 0.7042442276993304 0.9466723953986219 0.6362610952130558 0.9148707369890109 0.6732716452265317 0.9939890361842382 0.7412547777128062
2 0.31132835630974515 0.8205723536773011 0.27340431373404467 0.8050579724879902 0.22966168839662385 0.9119843890447916 0.2675857309723243 0.9274987702341027
2 0.22174698159012568 0.7482729611641228 0.18145999930847065 0.7273283077325094 0.1287824618077667 0.8286534037462184 0.16906944408942173 0.8495980571778318
2 0.6457238859012961 0.136280816393675 0.6428576753783464 0.1051107881182771 0.5994197566739656 0.10910508092370902 0.6022859671969154 0.14027510919910693
3 0.24843750000000012 0.9416666658653846 0.1811431634615386 0.9416666658653846 0.1811431634615386 1 0.24843750000000012 1
2 0.7078308820701357 0.12950980345022628 0.7008210781108596 0.09796568563348416 0.6635416672794119 0.10624999915158373 0.670551471238688 0.13779411696832583
2 0.37618739158876363 0.06713751472878862 0.3359225854322938 0.04668554400802517 0.32257055694223 0.07297234278591881 0.3628353630986999 0.09342431350668226
2 0.2582291671087533 0.06657407402188333 0.22791666742374003 0.03962962985742705 0.20814655177387267 0.06187100996352785 0.23845905145888593 0.08881545412798411
2 0.7723333336774723 0.3070925953909343 0.7346458363857142 0.2568425927896981 0.7105347254483517 0.2749259237571432 0.7482222227401097 0.32517592635837933
2 0.5437485175289722 0.24127022087171615 0.5316617408386459 0.19367850431321296 0.48937956410390515 0.20441682738978234 0.5014663407942316 0.25200854394828553
2 0.6904892206214727 0.3140522192231182 0.6413678746185455 0.2800917799146615 0.6184845080566157 0.31319093261968745 0.6676058540595429 0.34715137192814416