2 0.8912939660719663 0.44567375350351807 0.8209716336913325 0.39952471051737926 0.7939717256727165 0.44066741647775953 0.8642940580533502 0.4868164594638983
0 0.18964884456150494 0.3145361065276581 0.18285454087104863 0.27484875517208185 0.1719864687836678 0.27670932232431794 0.1787807724741241 0.31639667367989416
2 0.4711004282468518 0.6785256419912097 0.43995726618945336 0.6318108975575716 0.372182158970566 0.6769943010667958 0.4033253210279643 0.7237090455004339
2 0.3618646189167489 0.5154054390945394 0.3270877535885238 0.4927135335604973 0.272639894469331 0.5761585250424907 0.30741675979755617 0.5988504305765328
2 0.416752877827714 0.13094188385301406 0.3866379287685985 0.09706257919201061 0.36301724328702895 0.11805875213996468 0.3931321923461443 0.1519380568009681
2 0.2971379643573732 0.2041031304625884 0.2562074501759459 0.16252290030617503 0.23207022408512756 0.1862829677972439 0.27300073826655485 0.22786319795365728
2 0.243847898911375 0.16279788062754183 0.20558767889566051 0.12393033190736737 0.18931985678312596 0.13994395956583122 0.22758007679884046 0.17881150828600567
3 0.2509816743023356 0.21828720918146816 0.2022044455193709 0.13776606730603963 0.17257306234522896 0.15571584698597565 0.22135029112819368 0.23623698886140418
3 0.23327203874493302 0.26425753356669535 0.18864172857878522 0.15236387942737897 0.13813524971192817 0.1725090774242311 0.182765559878076 0.28440273156354745
3 0.17455320237157118 0.16759223997254338 0.0843245515778991 0.08121951324002546 0.04191486453563017 0.1255224892738383 0.13214351532930227 0.21189521600635622
2 0.818824036536401 0.5407403814224538 0.7597030656154858 0.4841459606371145 0.7287141131855677 0.5165183558318263 0.7878350841064827 0.5731127766171656
2 0.9109912658041542 0.6202501278068173 0.8451286751352665 0.5480070967566084 0.8094275423353048 0.5805551371950733 0.8752901330041924 0.6527981682452823
2 0.8841494931378121 0.5058228234691176 0.8179772190932949 0.4499899645597831 0.7848474046913392 0.4892549278891764 0.8510196787358564 0.5450877867985109
2 1.0226575370465842 0.6918525230940307 0.9318467910466689 0.6444964011495085 0.9058758155038407 0.6942986984354372 0.9966865615037561 0.7416548203799594
3 0.07942808392678759 0.10727411580701157 0.0324762357711349 0.0610558881361188 0.007617212306603436 0.08630949810393569 0.05456906046225612 0.13252772577482846
1 0.14530756393796732 0.08006208078931108 0.023471593700224943 -0.026193184648104224 -0.020014806988664067 0.023669829653042887 0.10182116324907832 0.1299250950904582
3 0.2932291658653846 3.239679788744284e-17 0.23541666586538462 2.885680323365752e-17 0.23541666586538462 0.04259259375000003 0.2932291658653846 0.04259259375000003
2 0.4624963877071364 0.3504151057181489 0.43163631175139144 0.33355227942327786 0.39945469746290113 0.3924467401711401 0.43031477341864605 0.40930956646601113