2 0.11338751761750811 0.16282195556483095 0.08755301091624898 0.12056818367185748 0.06164155741626514 0.13641078396752515 0.08747606411752427 0.17866455586049865
3 0.7588878167863476 0.34520371724943644 0.6841829880403137 0.2952219900011616 0.649428096000154 0.34716813914182876 0.7241329247461878 0.39714986639010363
2 0.32892552681650256 0.8245556210938211 0.29124896512096676 0.8073185937496802 0.24648889588077544 0.9051548085769283 0.2841654575763112 0.9223918359210692
2 0.2740871898662863 0.9472794766965732 0.22256655538677658 0.9243814367435229 0.18895833413461544 1 0.24047896861412513 1.0228980399530505
0 0.4715086126299157 0.6365628813483956 0.45105638279367144 0.5971734048685422 0.43319542560873914 0.6064473641614105 0.4536476554449834 0.6458368406412638
3 0.42263076320475046 0.06336956960788605 0.3776707822731702 0.031757098061693585 0.34951251871257544 0.07180442529774554 0.3944724996441557 0.10341689684393801
2 0.09751277295975593 0.08364326941650962 0.06509515150892813 0.049064449263119446 0.04319632363587379 0.06959458618093184 0.07561394508670158 0.10417340633432204
2 0.779638807281047 0.1649594578394041 0.7710234225820892 0.1310363789563407 0.7299096409072645 0.14147797380032817 0.7385250256062222 0.1754010526833916
2 0.46972540988354344 0.1582828473332187 0.43444747997794136 0.13140443174757402 0.4138512762023574 0.15843695644388117 0.44912920610795937 0.18531537202952586
2 0.816354989398103 0.6898216966086831 0.7487224776189658 0.6230139732820235 0.716471700908034 0.6556629085723841 0.7841042126871712 0.7224706318990436
3 0.9735755593750255 0.99056514499589 0.8718750000000003 0.8824074062500001 0.8080383309242313 0.9424329303495486 0.9097388902992566 1.0505906690954385
3 0.4364280455028738 0.43145071806795887 0.32915691975564987 0.32247686340899345 0.27929537704877966 0.37155931382242574 0.3865665027960036 0.4805331684813912
2 0.8271573688648439 0.5611107610625081 0.7669779226651497 0.5035030787634885 0.7359889616574714 0.5358754714257384 0.7961684078571655 0.5934831537247579
2 0.9203662664247048 0.6443242003702884 0.8545036737199067 0.5720811717757909 0.8188025434722407 0.6046292119998697 0.8846651361770388 0.6768722405943671
2 0.1895833341346154 2.0729698521195928e-17 0.1489583341346154 1.8242134710427866e-17 0.1489583341346154 0.023148149038461557 0.1895833341346154 0.02314814903846156
2 1.0270611899480977 0.7226687843982457 0.9456188189657839 0.6623410998688277 0.9154298614722395 0.7030961909176087 0.9968722324545533 0.7634238754470265
3 0.21123802177471612 0.24085781924333433 0.16623454813185098 0.18371052380774852 0.13762361605362772 0.20624162204898464 0.18262708969649286 0.26338891748457044
1 0.5261212013674061 0.4290877548718619 0.34621564095382307 0.25851062989906565 0.28935181851951053 0.31848419226233676 0.4692573789330936 0.489061317235133