2 0.9777574210008401 0.5385363277219135 0.9045433828442863 0.4974337151136968 0.8780202545725853 0.5446780434444778 0.9512342927291392 0.5857806560526945
2 0.2502131789943605 0.30445231165424524 0.22046589648877296 0.25616686369414693 0.1922762261985368 0.27353371274059235 0.22202350870412435 0.32181916070069067
3 0.4636121177476651 0.1410109027774225 0.4091547759587861 0.10272060255683232 0.3782298277920005 0.14670277199452214 0.43268716958087955 0.18499307221511233
2 0.32892552590708896 0.8310371038508412 0.29124896512096676 0.8138000769227569 0.2464888958807754 0.9116362917500054 0.2841654566668975 0.9288733186780895
2 0.27728954841045 0.9405135764091731 0.22445522771696524 0.9196407412979126 0.1927083341346155 1 0.24554265482810028 1.0208728351112606
0 0.6371206418568717 0.8736825931113038 0.6231878184818368 0.8210475040184979 0.6020294377932244 0.8266482541286838 0.6159622611682593 0.8792833432214897
2 0.06576909585446288 0.11838066145869425 0.03677772831173795 0.08402051636704372 0.013199100905924875 0.10391497989307238 0.04219046844864981 0.1382751249847229
2 0.4298739280637748 0.37930535948254585 0.38441115410990545 0.3352202412991866 0.35933884821999384 0.3610760543750281 0.4048016221738631 0.40516117255838735
2 0.7230309383197481 0.18227292593022731 0.7136853956078435 0.14847877223157202 0.6704836685711888 0.16042591518562574 0.6798292112830934 0.19422006888428103
3 0.7107282919110879 0.7498136819075947 0.5732164760750212 0.5720206300032493 0.5030287092873524 0.6263064817678244 0.6405405251234192 0.8040995336721697
2 0.8250740358906901 0.5675922431920879 0.7648945899477826 0.509984560682355 0.73390562877544 0.5423569532600772 0.7940850747183473 0.59996463576981
2 0.9182829316695389 0.6508056830952789 0.8524203410006508 0.5785626520450701 0.8167192082006894 0.6111106924835349 0.8825817988695774 0.6833537235337437
2 1.0270611899480977 0.7282243396867071 0.9456188189657839 0.6678966551572892 0.9154298614722395 0.7086517462060701 0.9968722324545533 0.7689794307354879
3 0.3983921163019405 0.4210084281747495 0.33823631262085097 0.3576344123932422 0.3051879242484282 0.38900456210510537 0.3653437279295177 0.4523785778866127
1 0.9334826715643396 0.8407348065328204 0.6745744950142579 0.5615478410614865 0.5989774492620268 0.631653883566873 0.8578856258121086 0.9108408490382071