0 0.5188903314535479 0.06631171391659246 0.5156566031686716 0.03181850773662552 0.49732810845645875 0.033536798911439875 0.500561836741335 0.06803000509140683
2 0.8456442527465986 0.43690775258529413 0.778611688532384 0.3910735188810962 0.7528928040060936 0.4286873860541093 0.8199253682203081 0.47452161975830714
2 0.007812500000000007 0.056045752403846155 6.8636251287175275e-18 0.056045752403846155 8.392766076739756e-18 0.08101851923076923 0.00781250000000001 0.08101851923076923
3 0.9994791658653847 0.5907407403846154 0.9927083341346153 0.5907407403846154 0.9927083341346153 0.6314814807692308 0.9994791658653847 0.6314814807692308
0 0.21884908476982573 0.3512725830876339 0.21181402548720432 0.3184422996709191 0.197183267311315 0.32157746149119976 0.20421832659393638 0.35440774490791455
3 0.923881540760918 0.42410480729690403 0.8467446552157806 0.3722992873024929 0.8101365134249741 0.42680772662792094 0.8872733989701115 0.478613246622332
2 0.9860764131147298 0.5524691596297522 0.9247332047521254 0.5028988814063743 0.8967925394007383 0.5374754486129631 0.9581357477633428 0.587045726836341
2 0.3087499998846154 0.23689815020673066 0.27305555654273495 0.1893055545080129 0.252055556242735 0.20505555321858995 0.2877499995846154 0.2526481489173077
2 0.2536815132377726 0.18678558917825028 0.2173376439325043 0.1481702352490205 0.1944666382339399 0.16969589168899632 0.2308105075392082 0.2083112456182261
3 0.29796322772401623 0.28112198797668175 0.2595991432331789 0.19586846504150493 0.22035797844620855 0.21352698881360627 0.25872206293704586 0.29878051174878306
3 0.2783414560545338 0.28991444276303 0.2070517953212705 0.1963467784738615 0.16044406483483692 0.2318574361264525 0.2317337255681002 0.325425100415621
3 0.18448316048604196 0.19176650853888152 0.09233781731559053 0.10670926365626104 0.050582402657124985 0.15194429352630295 0.14272774582757644 0.23700153840892343
2 0.8209073700253053 0.5638885388651647 0.7607279228280144 0.5062808551546543 0.7297389616556718 0.5386532477323764 0.7899184088529627 0.5962609314428868
2 0.9141162670009575 0.6461760546003303 0.8482536751352664 0.5739330222373777 0.8125525423353047 0.6064810626758426 0.8784151342009958 0.6787240950387953
2 0.8545350867172975 0.5053784744787696 0.7883169389624272 0.4496158228912272 0.7568144473653425 0.4870250310948117 0.8230325951202129 0.5427876826823541
2 1.0247268961786065 0.7261094318273938 0.9398896522487266 0.6632670264993552 0.9097006956068548 0.704022116398378 0.9945379395367347 0.7668645217264166
3 0.08951513725315544 0.12995717461520534 0.04318660933879395 0.08289327550457333 0.018718744828242206 0.1069788307901071 0.06504727274260368 0.1540427299007391
1 0.20817949784590695 0.14873494156434527 0.07574805800333492 0.028709930685884788 0.03393886738123045 0.07484074352409043 0.1663703072238025 0.19486575440255088