2 0.9224167013047135 0.6178148427679283 0.8545172265627202 0.5641658759917215 0.8229886543766983 0.6040692258498094 0.8908881291186916 0.6577181926260162
3 0.33024391219096744 0.15043963270002697 0.24259377438505653 0.08118520615823004 0.2000552248644764 0.13502306048357277 0.2877053626703873 0.2042774870253697
2 0.8205722246013967 0.5503533858679025 0.7560008963048548 0.4895803596571886 0.7256373177309633 0.521841655870326 0.7902086460275051 0.5826146820810398
2 0.20840558718626134 0.11253895101816738 0.18073217761111846 0.0779187161856092 0.1572829741101911 0.09666265064563108 0.184956383685334 0.13128288547818928
2 1.0251931576583388 0.7096721468646747 0.9440682270791508 0.6399647972752505 0.9122665685455094 0.6769753471819724 0.9933914991246974 0.7466826967713966
3 0.9733816993526452 0.0957736067637401 0.875352243385694 0.09043867311696138 0.8712519057212587 0.1657824162894928 0.9692813616882099 0.17111734993627156
2 0.3097658559834553 0.8224242040967712 0.27184181269922364 0.8069098232278752 0.22809918792291248 0.9138362426190973 0.26602323120714416 0.9293506234879932
2 0.21862198159012555 0.7538285164525843 0.17833499930847052 0.7328838630209712 0.12565746180776674 0.8342089590346801 0.16594444408942177 0.8551536124662934
2 0.6457238859012959 0.13905859523982878 0.6428576753783463 0.10788856696443094 0.5994197566739656 0.11188285976986292 0.6022859671969154 0.14305288804526078
3 0.24739583413461552 0.9435185192307693 0.18092948798076935 0.9435185192307693 0.18092948798076935 1 0.24739583413461552 1
2 0.8827665631826542 0.8167339469372122 0.79872555170004 0.7328001302928949 0.7630774328987886 0.7684937765642801 0.8471184443814028 0.8524275932085974
3 0.4667795117983512 0.07735612555081474 0.3731725777318901 0.027085736700431334 0.33760924129693015 0.09330712398188812 0.4312161753633913 0.14357751283227152
2 0.7232127919153014 0.13262421270407262 0.7221300830099044 0.0979774177944403 0.687846433158284 0.09904877845278337 0.6889291420636809 0.1336955733624157
2 0.26611093551992054 0.0824280877108477 0.24946119068759576 0.054331641955508984 0.22373149386391336 0.06957886896983653 0.24038123869623812 0.09767531472517524
2 0.6113820700335126 0.22424748915437412 0.5657196561135603 0.19502354323400664 0.5469867353180832 0.2242937309637412 0.5926491492380355 0.25351767688410864
2 0.4662014229891191 0.1759945882666725 0.4299067429840257 0.1553469458822589 0.41397256373886937 0.1833562423471819 0.4502672437439627 0.20400388473159553
2 0.609923935076822 0.31154483578768216 0.5649653651116273 0.2760220206248828 0.5413439612788739 0.3059178645219371 0.5863025312440685 0.34144067968473646
2 1.0056752544678103 0.5021449843483319 0.9385629152334818 0.4479127960905976 0.9141199824961392 0.47816092817692285 0.9812323217304678 0.5323931164346571
2 1 0.5370370360576925 0.9604166658653847 0.5370370360576925 0.9604166658653847 0.5983024687500001 1 0.5983024687500001