2 0.33343390898994485 0.4091698524980576 0.30561781074182914 0.37787675400473475 0.24649784672398725 0.4304278533436593 0.27431394497210293 0.46172095183698214
2 0.5696365240069418 0.37207887159001446 0.5176802350848926 0.35046111927830054 0.5001700884586519 0.3925451539208588 0.552126377380701 0.4141629062325727
2 0.7127788661841845 0.45887722898563066 0.645846501606528 0.4172304102865741 0.6222556589454042 0.4551442517518342 0.6891880235230607 0.49679107045089077
2 0.8157730531461898 0.46459390726142585 0.7621943736810256 0.43284358021593444 0.7391825300433484 0.47167606822146096 0.7927612095085125 0.5034263952669524
2 0.8509611427252349 0.3967081338101484 0.8040281579905871 0.3669094121976008 0.7827795794732599 0.40037592207521794 0.8297125642079077 0.4301746436877655
2 0.8998588041180778 0.6052425783829702 0.820870355508259 0.5436868933312822 0.7857182759211567 0.5887941523872503 0.8647067245309756 0.6503498374389385
2 0.645737491777479 0.15108803707431118 0.6394143233112506 0.12026258840745983 0.5945559508144254 0.12946430512807566 0.6008791192806537 0.16028975379492702
2 0.7021659809249202 0.14357269490425162 0.6925755123638229 0.11210396980847241 0.6565539088999225 0.12308198224746968 0.6661443774610197 0.15455070734324888
3 0.5848958341346153 0.23611111057692316 0.4828125 0.23611111057692316 0.4828125 0.32407407451923087 0.5848958341346153 0.3240740745192309
2 0.3996384182520939 0.2556754538109631 0.3641944153211095 0.22576958137018333 0.34289165088838514 0.25101730642775283 0.3783356538193695 0.2809231788685326
2 0.44555480621988125 0.6622782819953312 0.41246095777766123 0.6261114328672007 0.3543123723016267 0.6793192881618606 0.3874062207438467 0.7154861372899911
2 0.2268343051631993 0.7407942857265492 0.18433322609610173 0.7203026917816607 0.13599112953634124 0.8205677699245034 0.1784922086034388 0.8410593638693918
3 0.3331441102966511 0.7755580734686371 0.2824055755409924 0.7551257230013548 0.2262320359238745 0.8946183915896003 0.27697057067953323 0.9150507420568826
2 0.9500652160611978 0.5729167632531748 0.8913953056186561 0.5247773386078612 0.8647111733026905 0.5572986174712771 0.9233810837452322 0.6054380421165906