2 0.9247852858477231 0.6261500509580897 0.8550632069704692 0.5715278646294663 0.8236739048958885 0.6115945031557791 0.8933959837731424 0.6662166894844026
3 0.3339358663977872 0.15495642904410392 0.2450967982695829 0.08726951348568689 0.20364932314711004 0.14166931935318197 0.29248839127531434 0.209356234911599
2 0.8229908319550099 0.5534480641923429 0.7559636536467764 0.4959228354638438 0.7267715974950596 0.5299368010944701 0.793798775803293 0.5874620298229692
2 0.21257225324195247 0.11531672661782694 0.18489884133561135 0.08069649359937016 0.1614496397775843 0.09944042906751524 0.18912305168392546 0.13406066208597198
2 1.0258808115490952 0.7147540575599821 0.9453677558524466 0.648692061126644 0.9136541562575312 0.687343009453693 0.9941672119541797 0.753405005887031
3 0.5345012524788213 0.18526475250913899 0.4918649701369299 0.07543524013432029 0.4249279084160023 0.10142049128366819 0.4675641907578936 0.2112500036584869
3 0.843528099807765 0.35698248728785964 0.7344002370850529 0.2492018779842176 0.6846098383997972 0.2996146547140861 0.7937377011225094 0.40739526401772813
1 0.829625483221817 0.8676171789541732 0.590625 0.6037037043269231 0.5206015282636873 0.6671170772344083 0.7596020114855044 0.9310305518616584
3 0.12971033344614263 0.7298174946756948 0.07585647979654062 0.7035883680177712 -0.0010929860193051866 0.8615816296504355 0.052760867630296845 0.8878107563083592
2 0.40065702781262946 0.3779659861051246 0.35982501667210587 0.34159998032396255 0.3356712812292574 0.368719967067146 0.37650329236978103 0.40508597284830816
1 0.6437931253209734 0.5495698898120541 0.4625 0.38240740624999986 0.40622291766332747 0.44344172401887694 0.5875160429843008 0.6106042075809313
0 0.6062766817798608 0.8168564202077389 0.6001442697774082 0.7732481232722743 0.5846945856215178 0.7754207334224 0.5908269976239704 0.8190290303578645
2 0.31184918838513653 0.8242760571618144 0.27502028098935527 0.8092096858227502 0.23127765565193448 0.9161361023795516 0.26810656304771574 0.9312024737186158
2 0.8028619881275095 0.6684339591592917 0.7356268243222954 0.6099974716221116 0.7049414816280095 0.6453030508829591 0.7721766454332237 0.7037395384201393
2 0.21862198140036188 0.7612359220526905 0.17833499878718317 0.7402912692725945 0.12577911399910655 0.8413823706103821 0.16606609661228525 0.8623270233904782
2 0.3331519010144102 0.3842518438892331 0.2939217493378502 0.3421240151578734 0.26592869095544025 0.36819162792841403 0.30515884263200027 0.41031945665977376
3 0.7175482027831812 0.2814166126776115 0.5550019250017728 0.1879259439212172 0.510358820075906 0.26554407020944304 0.6729050978573144 0.3590347389658373
2 0.3398659370413272 0.12477194724200441 0.30503432782552053 0.09142887594456559 0.28151688012123804 0.11599621531415931 0.3163484893370447 0.14933928661159815
2 0.20204530489959222 0.2732968213108418 0.16417649295257167 0.2272341757386835 0.13809461405715 0.2486764909780122 0.17596342600417053 0.29473913655017053
2 0.7346747048558112 0.12795504003086944 0.73198830915793 0.09697752590902324 0.6884054796619267 0.1007570650030588 0.6910918753598079 0.131734579124905
3 0.24947916586538474 0.9462962956730769 0.18533653846153858 0.9462962956730769 0.18533653846153858 1 0.24947916586538474 1
2 0.09912936601922932 0.12495721805155134 0.06388723102765413 0.08453613177421504 0.041339642590101915 0.10419481066271966 0.07658177758167711 0.14461589694005597
3 1 0.41666666586538476 0.9057291658653847 0.41666666586538476 0.9057291658653847 0.5611111105769232 1 0.5611111105769232
2 0.7697554344271182 0.4295311509030541 0.7136822680498465 0.38735646702177606 0.6863614718118409 0.42368071209082536 0.7424346381891127 0.4658553959721034