2 0.9296782122010774 0.6326359336257446 0.8594932818721592 0.5842164842544064 0.8298628805550605 0.6271663252596092 0.9000478108839788 0.6755857746309476
3 0.3417483665076094 0.15773420378684047 0.25290929263660505 0.09004729361549199 0.2113980544877331 0.1445307963052857 0.30023712835873745 0.21221770647663415
2 0.8302966426694455 0.5557789788131061 0.758334578935599 0.5068635952786924 0.7322269594802486 0.5452719249172234 0.8041890232140951 0.5941873084516373
2 0.22142641910733707 0.11994635642551922 0.19375300720099597 0.08532612340706251 0.17030380710966975 0.1040700577028118 0.19797721901601084 0.1386902907212685
2 1.0290801253099084 0.7268143732907375 0.954422616849141 0.6589774179053796 0.9216205891838302 0.6950774705100672 0.9962780976445976 0.7629144258954252
3 0.9836181622173517 0.42097044009331613 0.8557622992519629 0.3414810986047087 0.8014144361323934 0.4288977611326441 0.929270299097782 0.5083871026212515
3 1 0.4629629639423078 0.9651041658653846 0.4629629639423078 0.9651041658653846 0.5592592596153847 1 0.5592592596153847
2 0.2981732635619085 0.2375457898896346 0.2593027774861622 0.19746060480316904 0.23519219632500477 0.22084056443866432 0.27406268240075105 0.26092574952512987
2 0.2711944447397436 0.26969444435728024 0.23748611037930403 0.22475000039546697 0.2100416668895604 0.24533333386098893 0.24375000125 0.2902777778228022
1 0.23932485791486002 0.255511482458176 0.11187628042330998 0.13099756733702958 0.06739821442081781 0.1765239346998865 0.19484679191236787 0.301037849821033
2 0.23203383654844248 0.1858581656787422 0.199998279444161 0.13312474179454642 0.1850244599633498 0.14222133772391665 0.2170600170676313 0.1949547616081124
3 0.10329041216352787 0.17042044384127905 0.05914296329398628 0.10763295149591326 0.025945771703299474 0.13097472329818197 0.07009322057284106 0.19376221564354779
2 0.09392117518659623 0.1434980949140648 0.08893894889469783 0.10174230315263098 0.07378225704579847 0.1035507724796941 0.07876448333769684 0.14530656424112792
1 0.23634977365262005 0.18707088971406496 0.1099793939443209 0.08318258905780546 0.07862776427321941 0.12131890778651454 0.2049981439815186 0.22520720844277406
0 0.18690656072587286 0.30355222140559157 0.17356892664410523 0.30230181911215903 0.1705662801618981 0.3343300713530009 0.18390391424366573 0.33558047364643345
2 0.3166458345844362 0.828444445550345 0.279063795923452 0.812589522442371 0.2346619161836327 0.917838418929481 0.2722439548446169 0.933693342037455
2 0.863975229074944 0.5060914720175744 0.7931273265890008 0.45256194278828094 0.7671410015904441 0.48695560636001783 0.8379889040763875 0.5404851355893113
2 0.1477697650378673 0.10557336241299686 0.1241452987541408 0.08982371670945698 0.1216880337162735 0.09350961391184474 0.14531249999999998 0.10925925961538462
2 0.2247723268187175 0.7633410521874965 0.18409609973556723 0.742143054689387 0.1320873116056056 0.8419412208360924 0.17276353868875588 0.8631392183342019
2 0.014583334134615395 0.07574074038461538 9.27556552770699e-18 0.07574074038461538 1.1611465958374395e-17 0.11388888942307693 0.014583334134615397 0.11388888942307693