2 0.9750809219291263 0.5045588947430292 0.8964319573977034 0.45592571994191755 0.8672230146114794 0.5031620583999523 0.9458719791429023 0.551795233201064
0 0.18912801008186045 0.31361018128972007 0.18233371083117086 0.2739228297005338 0.17146563549262586 0.27578339618260744 0.17825993474331542 0.3154707477717938
2 0.13218740375389812 0.9139362674605349 0.08822280198812243 0.8868222496501628 0.021333106472236015 0.9952819713393984 0.06529770823801172 1.0223959891497705
2 0.44671862994490596 0.35169283642466387 0.41696844072310235 0.3372665606207908 0.3877873828776131 0.39744439198892717 0.41753757209941667 0.4118706677928002
2 0.2966171374074965 0.2013253305099181 0.25568659908460895 0.15974513023154066 0.23154939014703702 0.18350521192457148 0.2724799284699246 0.22508541220294892
2 0.24226713148651885 0.16151411504382415 0.20690987774248687 0.11960924186414774 0.18911182202195836 0.13462635859811148 0.22446907576599034 0.17653123177778784
3 0.2509816720488516 0.21550943655429064 0.2022044487500276 0.13498828765164214 0.17178171811853865 0.15341743757803245 0.22055894141736265 0.23393858648068094
3 0.23373181984411662 0.26251996280513157 0.1892806168042362 0.14962801911961343 0.13819107363037372 0.16974452684103575 0.18264227667025418 0.2826364705265539
3 0.174032370640802 0.16666631449177416 0.08380371739196842 0.08029358540901625 0.04139402920023713 0.12459656264360675 0.1316226824490707 0.21096929172636464
2 0.8183615150032507 0.5347420705793787 0.7597030656154858 0.478590405348653 0.7287141131855677 0.5109628005433648 0.7873725625733325 0.5671144657740905
2 0.911512098626026 0.6156204991959284 0.8456495068660355 0.5433774669489163 0.8099483753788176 0.575925506190578 0.8758109671388081 0.6481685384375901
2 0.8893578272724276 0.5048968979883474 0.8231855520431275 0.4490640380793539 0.7900557376411723 0.4883290014087477 0.8562280128704725 0.5441618613177411
2 1.0244387645726027 0.6958738229641904 0.9343436721358884 0.6386705811848455 0.906002255687297 0.683308305469298 0.9960973481240114 0.7405115472486427
3 0.07838641804301377 0.10542226495546175 0.031434568766256735 0.0592040359429079 0.0065755452455763955 0.08445764583768149 0.05352739452233343 0.13067587485023535
1 0.11060552946164307 0.045924199369838166 0.020014993734139175 -0.025415860450854137 -0.018518186745403578 0.023515153508204507 0.07207234898210033 0.09485521332889682
3 0.47038833478132136 0.19986313273890094 0.4495983888106655 0.1092319139525468 0.40545090053353616 0.11935893098169299 0.42624084650419203 0.20999014976804714
2 0.27059378461540673 0.65875921176103 0.231820295212266 0.6369491134861389 0.18367796886620888 0.7225354302873961 0.2224514582693496 0.7443455285622872