2 0.9235066274289296 0.6149280713506924 0.8558173844744091 0.5625234948597341 0.8248768792547393 0.6024883131101249 0.8925661222092598 0.654892889601083
3 0.33076474632558284 0.1485877817384885 0.24311460851967187 0.07933335519669156 0.20057606016842072 0.1331712080421023 0.28822619797433163 0.20242563458389923
2 0.8240702094317083 0.5425988217433754 0.7558350950859167 0.48745933713850104 0.7277709845682665 0.5221886749969749 0.796006098914058 0.5773281596018491
2 0.20788475187925018 0.11068709858992803 0.1802113423041073 0.0760668637573698 0.15676213997557567 0.09481079728024647 0.18443554955071856 0.12943103211280468
2 1.0257906945938493 0.7042442276993304 0.9466723953986219 0.6362610952130558 0.9148707369890109 0.6732716452265317 0.9939890361842382 0.7412547777128062
2 0.31080752217512975 0.8196464281965318 0.2728834816586532 0.8041320478496308 0.22914085632123254 0.9110584644064321 0.267064896837709 0.9265728447533333
2 0.2201844815901257 0.7501248121256612 0.17989749930847074 0.7291801586940481 0.12721996180776676 0.8305052547077569 0.1675069440894217 0.8514499081393704
2 0.6457238844863104 0.13720674506282446 0.6428576761791711 0.1060367139103018 0.5994197580134375 0.11003100320960482 0.6022859663205767 0.1412010343621275
3 0.24843750000000012 0.9416666658653846 0.1811431634615386 0.9416666658653846 0.1811431634615386 1 0.24843750000000012 1
3 0.3147626370192308 3.38801171741051e-17 0.2385416658653846 2.921292875653207e-17 0.2385416658653846 0.05000000000000004 0.3147626370192308 0.05000000000000004
2 0.7135600484445702 0.1285838778563348 0.7065502444852941 0.09703976003959272 0.6692708331447963 0.10532407367081453 0.6762806371040724 0.1368681914875566
2 0.47406261772614794 0.12904564525334664 0.43221288656548035 0.10615349090448226 0.4170990292747695 0.13378351885107978 0.4589487604354371 0.15667567319994416
2 0.2633146378544921 0.04598468495450707 0.24525908038818714 0.018901351359216258 0.21931089635487788 0.036200142378100875 0.2373664538211829 0.06328347597339169
2 0.3934445853979828 0.16067629430194835 0.3606824503633904 0.1293142576660125 0.3376986808364728 0.15332409381236822 0.37046081587106516 0.18468613044830404
2 0.8456204933868214 0.37627216383677253 0.788645621304431 0.3312549733818523 0.7649741682546178 0.36121415110681443 0.821949040337008 0.4062313415617347
2 0.7333478439101502 0.3422204310757038 0.6794892712848232 0.3084268200332358 0.655728352228295 0.3462957883137288 0.7095869248536218 0.3800893993561969
2 0.9384332895514712 0.49852905025061556 0.87758711365221 0.4524562218491377 0.8519806693258863 0.4862734253873549 0.9128268452251476 0.5323462537888327