3 0.3630615239206545 0.7980105988219466 0.31603744390939137 0.7751965726410858 0.25626558989166565 0.8983978183777566 0.3032896699029287 0.9212118445586175
2 0.48037504620210325 0.6850291069537175 0.4496480773004689 0.6486732730921484 0.39414594710008044 0.6955821745668179 0.4248729160017148 0.731938008428387
2 0.23957103591952744 0.7697602408908485 0.20206020891023357 0.7500439965277039 0.1558262457506006 0.8380056875116579 0.1933370727598945 0.8577219318748026
1 0.25375936911369534 0.27119147447804903 0.12813469753554016 0.14626783707972008 0.08310960706668634 0.19154559492222548 0.2087342786448415 0.3164692323205544
3 0.7380595383346721 0.4806057262768549 0.6682510952520112 0.4235179327366717 0.6336934233795393 0.46577595534321503 0.7035018664622001 0.5228637488833981
2 0.7179492047319916 0.1963948287468402 0.7116772608919207 0.16199712021159163 0.6702630401980255 0.16954842747690663 0.6765349840380964 0.20394613601215517
2 0.23071217080436834 0.5950869070061302 0.1957186113859879 0.57146625530721 0.1397832594819953 0.6543334465003247 0.17477681890037575 0.6779540981992448
2 0.4147015679741792 0.4149621706771258 0.39927493355078375 0.3728144029045937 0.3365202561250509 0.39578343586096765 0.35194689054844636 0.4379312036334998
2 0.5602996103087107 0.380791459072611 0.503345791285385 0.3616358231434501 0.4908240199091539 0.3988657383209289 0.5477778389324796 0.4180213742500899
2 0.2746092832467888 0.8159398618341438 0.23637571867344148 0.79806443035244 0.17868137448284235 0.9214662311081855 0.21691493905618964 0.9393416625898894
3 0.8821515666617153 0.6042905665042949 0.8063278507778233 0.5401011790935537 0.7688855390951839 0.5843299109381813 0.844709254979076 0.6485192983489225
2 0.08518706358489138 0.09241118197576957 0.047099423396693124 0.06231723898540811 0.027531689915777778 0.08708264750493534 0.06561933010397601 0.1171765904952968