2 0.8902522977062025 0.443821882132081 0.8199299578536069 0.39767286467040336 0.7928188988492638 0.4389849707547931 0.8631412387018594 0.48513398821647075
0 0.18912801008186042 0.31546203225125863 0.18233371083117084 0.2757746806620723 0.17146563549262586 0.27763524714414595 0.17825993474331542 0.31732259873333224
2 0.7443370108080104 0.7877622776049555 0.6721816950019623 0.7181266727802751 0.6322069505306208 0.7595478727376483 0.704362266336669 0.8291834775623289
2 0.47468563520827173 0.27647768832373704 0.4457278485662777 0.26660571627796453 0.42286075150920716 0.3336825388854581 0.4518185381512012 0.3435545109312307
2 0.2479166658653846 2.847941639985714e-17 0.21718749999999998 2.6597797668981576e-17 0.21718749999999998 0.015740740384615412 0.2479166658653846 0.015740740384615415
2 1.0245974741791701 0.5563952226000106 0.9686159668651635 0.5202051612991228 0.9440184926859934 0.5582543834106508 1 0.5944444447115387
2 0.29838012065724706 0.20258040405193586 0.25533282023608567 0.1613727266289202 0.23156631617910392 0.1862002321832667 0.2746136166002653 0.22740790960628238
2 0.24436873513057117 0.1618719415002752 0.2061085056104137 0.12300440875174365 0.1898406824378605 0.13901804801210385 0.22810091195801793 0.1778855807606354
3 0.250636746984043 0.2196505095856563 0.20409248184566173 0.13690515331778774 0.17362759508112624 0.15404165294670916 0.2201718602195075 0.23678700921457768
3 0.23425265054996539 0.26344588898908017 0.18987135990989207 0.150731495726741 0.13909746448618096 0.17072371628089567 0.18347875512625428 0.28343810954323484
3 0.17455320300050628 0.1685181621634722 0.08432454748577167 0.08214544158959401 0.04191486282758577 0.12644842060990816 0.13214351834232035 0.21282114118378637
2 0.818824036536401 0.5407403814224538 0.7586445824885664 0.48313271206311537 0.7276556300586481 0.5155051072578272 0.7878350841064827 0.5731127766171656
2 0.9104704328663421 0.6221019800810995 0.844607841000651 0.5498589477181471 0.8089067082006896 0.5824069881566121 0.8747693000663808 0.6546500205195643
2 0.8846703272724277 0.5058228234691167 0.8184980532279097 0.4499899645597832 0.7853682388259545 0.4892549278891769 0.8515405128704725 0.5450877867985104
2 1.0223873754483594 0.6959585526056448 0.9308051251812842 0.6482001054764317 0.9048341506240044 0.6980024008724596 0.9964164008910795 0.7457608480016726
3 0.07942808508531038 0.1054222579161696 0.032476230645677145 0.05920403905818632 0.007617210718537783 0.08445765362774436 0.05456906515817101 0.13067587248572765
1 0.16603466116641805 0.09210358661066845 0.028736704139417084 -0.020053407865016637 -0.012351260256414228 0.030244779923608467 0.12494669677058676 0.14240177439929355
2 0.4708333341346154 0.163888889423077 0.44999999999999996 0.163888889423077 0.44999999999999996 0.21759259375000006 0.4708333341346154 0.21759259375000006