3 0.28491234954366046 0.9555164062083931 0.2409192564791572 0.936956820785636 0.21436226230422625 0.9999067353251415 0.2583553553687295 1.0184663207478986
2 0.38003612022383826 0.7798763365277407 0.3444805657593171 0.7606170772896579 0.2991235558399711 0.8443530931248998 0.33467911030449227 0.8636123523629826
2 0.23948905721207422 0.7862787113997329 0.20031991663123022 0.7642460708630104 0.153659742730659 0.8471974950462319 0.19282888331150302 0.8692301355829545
1 0.257653047721959 0.2779194179903219 0.1317805344616098 0.15274931615922266 0.08675544232967548 0.19802707357506943 0.21262795559002468 0.3231971754061687
3 0.9163146546877573 0.6422796910231067 0.8328053148924892 0.5680491703294213 0.7937248548784643 0.6120146899589259 0.8772341946737325 0.6862452106526113
2 0.7214307360191531 0.20360174212182372 0.714237673220778 0.1688053046629152 0.6719734236101397 0.177542101409264 0.6791664864085148 0.2123385388681725
2 0.39639333753192746 0.43864439169207253 0.37149622400183274 0.3992980589767739 0.31236302392485865 0.4367156756671799 0.33726013745495326 0.47606200838247853
2 0.5652386164610873 0.38272726517239164 0.5077766886892068 0.36144506888277866 0.49222079722217094 0.4034459742283557 0.5496827249940515 0.4247281705179687
2 0.7155887082576642 0.48485025709101354 0.6571347883520691 0.44251326197391216 0.633902723104193 0.47458935234085353 0.692356643009788 0.516926347457955
2 0.2239854828867201 0.9344209587352353 0.18683628852158143 0.9150171376337963 0.14344188728386328 0.9980970133712221 0.18059108164900195 1.0175008344726613
3 1 0.7157407403846154 0.9635416658653846 0.7157407403846154 0.9635416658653846 0.7916666658653846 1 0.7916666658653846