2 0.9291024575324062 0.6364515344342352 0.8591258918140835 0.5842826229657004 0.8289405147804516 0.6247716605987799 0.8989170804987742 0.6769405720673145
3 0.341227532372994 0.1586601292676097 0.2523884585019897 0.0909732190962612 0.21087722035311776 0.14545672178605493 0.2997162942241221 0.2131436319574034
2 0.8290794371658616 0.5568034483606233 0.75747361031245 0.508130212740422 0.7316318779144935 0.5461473815623007 0.8032377047679051 0.594820617182502
2 0.2209055860138656 0.12087228368608184 0.1932321764387227 0.08625204885352365 0.16978297411019108 0.10499598237640033 0.19745638368533397 0.13961621720895853
2 1.028038459326392 0.728666220181737 0.9533809464703551 0.6608292738657583 0.9205789244587291 0.6969293271999712 0.9952364373147661 0.76476627351595
3 0.9799723280827364 0.4209704400933162 0.8521164668510688 0.3414810996825816 0.7977686037314993 0.428897762210517 0.9256244649631669 0.5083871026212516
3 1 0.46388888942307704 0.9640625 0.46388888942307704 0.9640625 0.5611111105769232 1 0.5611111105769232
2 0.298694095842418 0.24032357217522937 0.2598236140948484 0.20023838314271566 0.2357130305551832 0.223618340179756 0.27458351230275285 0.2637035292122697
2 0.27484027772051284 0.274324072626511 0.24113194451391953 0.22937963020315932 0.21368749948571436 0.24996296482252747 0.24739583269230772 0.29490740724587916
1 0.24401235822504885 0.2629188852216983 0.11656377327410815 0.13840497982646383 0.07208571519816902 0.1839313452966546 0.19953430014910972 0.30844525069188905
2 0.23522688546156656 0.1905998101509196 0.203123279444161 0.13775437160223872 0.18612555984797904 0.14808048693208833 0.2182291658653846 0.2009259254807692
3 0.10329040804822703 0.1722723024878287 0.05914296732511838 0.10948480135275453 0.025945773837369016 0.13282656691404218 0.07009321456047767 0.19561406804911635
2 0.09531249999999998 0.14722222115384614 0.08890753766439856 0.10357359021820156 0.07321287220128186 0.10587661184812024 0.0796178345368833 0.14952524278376483
1 0.2363497736389576 0.18892273979187882 0.10997939367419618 0.08503444229615842 0.07544823126644228 0.1270383659264644 0.2018186112312037 0.2309266634221848
0 0.19955273497172404 0.31521759451753595 0.1856352487328422 0.3132604479210996 0.1811865315375186 0.3448957686780272 0.1951040177764004 0.34685291527446355
2 0.31612500007909533 0.8312222214711689 0.27854296154930924 0.8153672990616975 0.2341410836434456 0.9206161954710647 0.2717231221732317 0.9364711178805363
2 0.832361994938801 0.48275283267204244 0.7656108258184571 0.4335487236547476 0.7396915813600409 0.46871123151983546 0.8064427504803848 0.5179153405371303
2 0.16294540426929652 0.12122924135295601 0.14198993547573951 0.1026021741004905 0.1385416658653846 0.10648148076923078 0.15949713465894164 0.1251085480216963
2 0.2242514925075912 0.765192902512353 0.1835752650942949 0.743994905651504 0.1315664788912486 0.8437930719108743 0.17224270630454488 0.8649910687717234
2 0.03323215700153051 0.11409271531461644 0.005766747423558794 0.07893699490842067 -0.014810012288128043 0.09501259019530847 0.01265539728984367 0.13016831060150424