2 0.9267504760711538 0.6301987072330993 0.8591898926360529 0.5759565220052549 0.8276065868523026 0.615294659961836 0.8951671702874034 0.6695368451896804
3 0.3381025334219844 0.15588235540777798 0.2492634641349675 0.08819543896645611 0.20775222353244324 0.1426789370184713 0.2965912928194601 0.21036585345979322
2 0.8259566198727162 0.5570056950511151 0.758873465445666 0.49929975640338775 0.7302853719780943 0.532533415430535 0.7973685264051444 0.5902393540782623
2 0.21569725324195246 0.11902043094475004 0.18802384133561137 0.0844001979262933 0.16457463977758435 0.10314413339443834 0.19224805168392545 0.13776436641289508
2 1.0263253172830409 0.7183119923615587 0.9489856961976704 0.6509686480048035 0.9169423664956791 0.6877684090077184 0.9942819875810496 0.7551117533644737
3 0.7898149654284887 0.27707544500369025 0.67982813273231 0.22448799740246964 0.637363268751131 0.3133034106467418 0.7473501014473096 0.3658908582479624
3 0.9941200962472474 0.42663335558940996 0.8576295873931662 0.3640140521061364 0.8297247491638641 0.4248378773092645 0.9662152580179454 0.487457180792538
2 0.7104354063611014 0.5926959830928343 0.6487541241637534 0.5261958523223796 0.6176297503717344 0.5550648374031459 0.6793110325690823 0.6215649681736006
2 0.638827171969456 0.6009004394848747 0.583543023043611 0.5464801025827517 0.5530527345962748 0.577454362267071 0.6083368835221199 0.6318746991691941
1 0.4693515918282476 0.46617196242244646 0.3026041658653846 0.3111111105769231 0.2501074860956613 0.3675643424469425 0.4168549120585243 0.5226251942924659
2 0.4495871559719818 0.3544929874650098 0.3926748576083274 0.3070015441541916 0.3652156406503962 0.33990783293792537 0.42212793901405055 0.38739927624874354
3 0.23186559099674942 0.3036349517112059 0.190226649490368 0.22288063896974153 0.15312818095234113 0.24200953634983233 0.19476712245872255 0.3227638490912967
2 0.2012494186116051 0.20616033325100608 0.170923468336729 0.17014826784633266 0.14915548626818198 0.18847920039288646 0.1794814365430581 0.2244912657975599
1 0.36901435290635143 0.29896465453722443 0.22476159084691721 0.17955966147649394 0.17890502963257474 0.23495881560024154 0.3231577916920089 0.35436380866097206
0 0.3599992117237988 0.5227689015175878 0.3569598810059173 0.48854829141486733 0.34246348731780246 0.4898358001560188 0.34550281803568395 0.5240564102587393
2 0.3149741883851365 0.8252019826425834 0.2781452809893553 0.8101356113035193 0.23440265565193455 0.917062027860321 0.27123156304771573 0.9321283991993852
2 0.30939909125600934 0.07027907262575571 0.27228685097742394 0.04311194301401855 0.25476397364038783 0.0670494455547104 0.2918762139189732 0.09421657516644757
2 0.3360313883687422 0.25711048074777576 0.29923075386017595 0.22832420335199913 0.2939285313568184 0.2351026120273002 0.33072916586538464 0.26388888942307687
2 0.22174698159012565 0.7621618505871998 0.18145999832465212 0.7412171966441126 0.12890411297972254 0.8423082950765195 0.16919109624519607 0.8632529490196066
2 0.12383385690035896 0.1964328226977048 0.09579080541152853 0.15765724479780147 0.06911715989786085 0.1769480060203817 0.0971602113866913 0.215723583920285
3 1.052138796801378 0.5331110460878247 0.8658357297973432 0.3911658360941676 0.8069165500232452 0.46849725078415294 0.99321961702728 0.6104424607778101
2 0.9840241822657148 0.5959666822335189 0.9129547960530253 0.5402259799764627 0.8814146854326368 0.5804396158315366 0.9524840716453262 0.6361803180885928