2 0.33030890827101966 0.4110217210029287 0.30249282219522805 0.3797286091228981 0.24339079958783305 0.4322637150721972 0.2712068856636246 0.46355682695222783
2 0.5671479268721448 0.37120102798244115 0.5148083061040125 0.3494237857219215 0.4973750223161803 0.3913230974567487 0.5497146430843125 0.41310033971726834
2 0.7112163662111113 0.457025367880339 0.6442839968648874 0.4153785616601044 0.6199040280268574 0.4545606557272268 0.6868363973730813 0.4962074619474614
2 0.8157730531461898 0.46459390726142585 0.7621943736810256 0.43284358021593444 0.7391825300433484 0.47167606822146096 0.7927612095085125 0.5034263952669524
2 0.8509611427252349 0.3976340592909177 0.8040281579905871 0.3678353376783701 0.7827795783855076 0.40130184926919693 0.8297125631201555 0.43110057088174447
2 0.8973870368799174 0.6046226788903584 0.8190208518308928 0.5427037174918593 0.7840391500621983 0.5869774335267952 0.8624053351112229 0.6488963949252944
2 0.645737491777479 0.15108803707431118 0.6394143233112506 0.12026258840745983 0.5945559508144254 0.12946430512807566 0.6008791192806537 0.16028975379492702
2 0.7021659809249202 0.14357269490425162 0.6925755123638229 0.11210396980847241 0.6565539088999225 0.12308198224746968 0.6661443774610197 0.15455070734324888
3 0.5869791658653847 0.23703703605769236 0.4848958341346154 0.23703703605769236 0.4848958341346154 0.32407407451923087 0.5869791658653847 0.3240740745192309
2 0.40120091821373893 0.25752731048818406 0.3657569184811763 0.22762143104104088 0.3444541492300788 0.252869153615903 0.3798981489626414 0.2827750330630462
2 0.4481130709110929 0.6616318010092253 0.4152440976185924 0.6251824561098864 0.3569836877696565 0.6777200218912003 0.38985266106215705 0.7141693667905392
2 0.2268343051631993 0.7407942857265492 0.18433322609610173 0.7203026917816607 0.13616900740665241 0.8201988380858813 0.17867008647375 0.84069043203077
3 0.3343857703049086 0.7735770178615897 0.2836472347244984 0.753144667664971 0.22779453534058 0.8918406153989646 0.2785330709209903 0.9122729655955835
2 0.9479818814795368 0.5710649018047561 0.8897660134189417 0.5232980436531215 0.862942179341093 0.555989596876031 0.921158047401688 0.6037564550276655