2 0.6624301481718287 0.40718814116877017 0.6000684086270291 0.37142513148671735 0.5782975425353982 0.40938807400585103 0.6406592820801978 0.4451510836879038
2 0.8344802834873517 0.539873244026401 0.7742553906645456 0.4881859826259432 0.7430908939950641 0.5244981883985552 0.8033157868178702 0.5761854497990131
2 0.8316226282146615 0.46330735967333614 0.7806543566358167 0.4225327459388325 0.7544800124625339 0.4552506789867954 0.8054482840413788 0.496025292721299
2 0.8529113582597083 0.38040693292146177 0.8065749589364432 0.3481729186287025 0.7842866832427917 0.3802123175502341 0.8306230825660569 0.4124463318429934
2 0.9942085990245487 0.6727171155406992 0.9112766104604023 0.6002492447100312 0.8793172826790461 0.6368233923384943 0.9622492712431925 0.7092912631691622
2 0.8885992086801983 0.1454396919902527 0.8851233324388197 0.11350509331043854 0.8370537471701816 0.11873715935402382 0.8405296234115601 0.15067175803383798
2 0.646946857919365 0.12833576180948703 0.6396051464726166 0.09364617655781567 0.5945964288140086 0.10317183145510934 0.6019381402607571 0.1378614167067807
2 0.7037779279847344 0.12264711265809226 0.696584865501064 0.08785067298670796 0.6580006004471419 0.09582674847145373 0.6651936629308123 0.13062318814283802
3 0.39912547823532035 0.2001320628657179 0.3107728957106331 0.13032261830120062 0.26873480000441574 0.18352708573728893 0.35708738252910294 0.25333653030180625
2 0.22534948848564512 0.11808867312973834 0.19584712800836768 0.08871743928965133 0.17581029194154718 0.10884372896770526 0.20531265241882463 0.13821496280779227
2 0.2222438802238046 0.7294092603075529 0.18026481209982742 0.708747686650985 0.12972488632630608 0.8114319749967074 0.17170395445028325 0.8320935486532753
2 0.3055433299026345 0.8118407512174053 0.26708053903076795 0.7957687988639506 0.2229870756138762 0.9012916143205096 0.26144986648574275 0.9173635666739643
3 0.24280679712129916 0.9378140383772929 0.1767185129913975 0.9339683841296017 0.17287615625000013 1 0.2389644403799018 1.0038456542476912