3 0.5166737198553568 0.6784083168054656 0.4847619884743884 0.6233193141291207 0.40737346509607175 0.6681486203434274 0.4392851964770402 0.7232376230197723
2 0.6982695488456971 0.6774550433829644 0.6346550231826732 0.6518956408062061 0.6149204509778173 0.7010128080093304 0.6785349766408414 0.7265722105860887
2 0.23982209516038447 0.759729278061957 0.2026980365677026 0.7402871527746009 0.1567966061659663 0.827934329538252 0.19392066475864816 0.8473764548256082
1 0.252132979032372 0.2636425748457682 0.12444023191122085 0.1411296068346516 0.08139953816959243 0.1859900368045628 0.20909228529074356 0.3085030048156794
3 0.5057291658653846 0.3481481490384616 0.4395833341346154 0.3481481490384616 0.4395833341346154 0.40740740625 0.5057291658653846 0.40740740625
2 0.7168566174244079 0.18676334438692768 0.7092095574848283 0.15235157862940846 0.6689522055068539 0.16129765787897596 0.6765992654464335 0.19570942363649518
2 1.0242873704718387 0.7427803403942149 0.942754961336811 0.6718490786462279 0.9123178436501995 0.7068352253883055 0.9938502527852271 0.7777664871362925
2 0.2216125635329915 0.5769711136220208 0.18776933151348732 0.557561024644323 0.13633560509154355 0.6472403423911702 0.17017883711104773 0.6666504313688681
2 0.3546533310607916 0.44224345349492966 0.33013286549141996 0.41318216416181563 0.2733920430161736 0.46105723838630197 0.29791250858554524 0.49011852771941594
2 0.2820966692512722 0.7924591349642451 0.2444706065225851 0.7740156448475926 0.1856214949659346 0.8940721172914272 0.22324755769462173 0.9125156074080798
3 0.6523152161721678 0.40947552131873405 0.5875444549312749 0.37493111560829784 0.5604779417831811 0.42568082817924063 0.6252487030240741 0.46022523388967684
2 0.18359779354549963 0.1814612761073779 0.14780273675756617 0.14461958353725382 0.13749999999999998 0.1546296298076923 0.17329505678793344 0.19147132237781636