2 0.9178282982687759 0.47150975915686527 0.8529438093756814 0.4116985496305421 0.8193446661100585 0.4481476242321242 0.884229155003153 0.5079588337584474
0 0.18964884456150494 0.3145361065276581 0.18285454087104863 0.27484875517208185 0.1719864687836678 0.27670932232431794 0.1787807724741241 0.31639667367989416
2 0.27466529348386537 0.8784592241721144 0.2329155820372239 0.8614984031912608 0.18443068808666233 0.980845829488728 0.2261803995333038 0.9978066504695816
2 0.20894567673086895 0.7641322897906928 0.16330976220264287 0.7406012710792514 0.09736633528340952 0.8684915520521369 0.1430022498116356 0.8920225707635783
2 0.45587673428081615 0.25564155562456536 0.4336707802354838 0.2529919809568536 0.4268002062584849 0.3105739211291812 0.44900616030381724 0.313223495796893
2 0.29713796792146013 0.20225126783843 0.2562074411775017 0.1606710519072451 0.23207022359577195 0.1844311264433847 0.27300075033973037 0.2260113423745696
2 0.24480882527171294 0.1585221481248778 0.20648873823903222 0.11972305861860681 0.18887001597669784 0.13712426516981105 0.22719010300937856 0.17592335467608206
3 0.2509816720488516 0.2164353620350599 0.2022044487500276 0.13591421313241134 0.1725730610877016 0.15386399194650566 0.22135028438652557 0.23438514084915418
3 0.2337928726570112 0.2633316085069373 0.18891542407887368 0.1508183427870225 0.13840894297998646 0.17096354072324058 0.18328639155812398 0.2834768064431554
3 0.174032370640802 0.16666631449177416 0.08380371739196842 0.08029358540901625 0.04139402920023713 0.12459656264360675 0.1316226824490707 0.21096929172636464
2 0.818824036536401 0.5361107516147616 0.7597030656154858 0.47951633082942224 0.7287141119847901 0.5118887272785181 0.7878350829057053 0.5684831480638575
2 0.9115120998228293 0.6165464259894409 0.8456495068660355 0.5443033924296855 0.8099483753788176 0.5768514316713472 0.8758109683356115 0.6490944652311026
2 0.885191161894022 0.5030450324983406 0.8190188764758033 0.44721218815088937 0.7858890715150445 0.48647715728036073 0.8520613569332631 0.5423100016278121
2 1.023917932151197 0.6967997495327135 0.9338228380012737 0.6395965066656141 0.9059901916576414 0.6834329181536299 0.9960852858075646 0.7406361610207294
3 0.07890725219601837 0.10634819032624236 0.031955402819515887 0.06012996145357555 0.007096378171988049 0.0853835726231665 0.05404822754849053 0.1316018014958333
1 0.12738183993328447 0.058973978736214044 0.01977853287350593 -0.0252644315082012 -0.020150519493150262 0.025739594683047227 0.08745278756662828 0.10997800492746247
3 0.44788104522281336 0.11682609875091192 0.3976339746945231 0.05087677248177626 0.3511761842233515 0.08627315947240391 0.4014232547516418 0.15222248574153957
2 0.3415264498073818 0.5539114294244042 0.305316346894373 0.5294696108981932 0.2589626280972151 0.5981417895352202 0.29517273101022384 0.6225836080614312