3 0.41583107602419606 0.723774062649688 0.3716233668589961 0.6967448928697877 0.308736638109317 0.7995996323070299 0.35294434727451696 0.8266288020869302
2 0.5467115994019497 0.6792075187103863 0.5337894886669882 0.6275190645879428 0.4775803390462804 0.6415713489529616 0.49050244978124186 0.6932598030754051
2 0.23990926603408758 0.7663389677217947 0.20158225883549694 0.746193727003743 0.15572962546165828 0.833429925071046 0.1940566326602489 0.8535751657890975
1 0.25219687057801 0.2684136984138793 0.1265722015288987 0.1434900577390352 0.08154711059216162 0.18876781395297768 0.20717177964127292 0.3136914546278218
3 0.6481884526948462 0.4100376019830075 0.5793702420211806 0.3692564385338107 0.5508084808793202 0.4174544086069321 0.6196266915529857 0.4582355720561289
2 0.717428375067469 0.19269112246688438 0.7111564270596867 0.15829341339977887 0.6697422041783082 0.16584472596504257 0.6760141521860905 0.20024243503214803
2 0.1224812159625584 0.7711814292181742 0.08252835931289217 0.7493593538088196 0.02103184418382302 0.8619499945850172 0.06098470083348925 0.8837720699943716
2 0.33478972432901355 0.4494697093973654 0.3088603231278809 0.41975893635666356 0.249877179029517 0.4712351334026147 0.2758065802306497 0.5009459064433165
2 0.4715342963661595 0.40103155669639956 0.4666325219693826 0.3610514421724386 0.40978126627904293 0.3680217080880231 0.41468304067581985 0.40800182261198403
2 0.2823428192831541 0.7987797641180462 0.24248871269262795 0.7800981518195502 0.1856501859609054 0.901353676590124 0.22550429255143156 0.9200352888886201
3 0.78615916591027 0.5171480261300156 0.7185160625452964 0.46189600530725416 0.683426028064235 0.5048554988088043 0.7510691314292086 0.5601075196315658
2 0.12634171178083928 0.14199608158507465 0.09829740166824688 0.09789221080303238 0.07154590266881057 0.11490267543151043 0.09959021278140298 0.1590065462135527