2 0.23357209614833205 0.7439885357908907 0.19603930483792323 0.7243323543628986 0.15013787344823934 0.8119795330130007 0.18767066475864816 0.831635714440993
1 0.24407930099234468 0.24781790986953833 0.11938844782446749 0.12348129099312034 0.07448261953263127 0.16851505572404502 0.19917347270050845 0.292851674600463
2 0.7152720152070037 0.1704645009847301 0.7060972806737159 0.13605924350752327 0.6643765849641101 0.1471847614006329 0.6735513194973978 0.1815900188778397
2 0.83272760854451 0.5554884853546042 0.7647669998066946 0.5017912052175206 0.7364413281999455 0.5376408773124148 0.804401936937761 0.5913381574494984
0 0.10018620035806941 0.2331366054521551 0.09659766771374977 0.20123852002003864 0.08353384040992771 0.20270819978622046 0.08712237305424736 0.23460628521833687
2 0.27780995014062654 0.7757641583077015 0.2401838874119394 0.7573206681910489 0.1804131608313192 0.8792573023875812 0.2180392235600063 0.8977007925042337
3 0.1498219991510631 0.6768766049170677 0.1005411290610611 0.6475011610716538 0.024309517015317497 0.7753889366486765 0.07359038710531948 0.8047643804940905
2 0.2659982928564252 0.2561243849567935 0.23334257855830934 0.2063632917178016 0.20634219931668138 0.22408228889137022 0.23899791361479725 0.27384338213036213
0 0.6751976417327259 0.10836645516800855 0.6735260691704912 0.08459301901646431 0.6549978785242642 0.08589578462908584 0.6566694510864989 0.10966922078063009
2 0.247793742588498 0.18362344980179274 0.20989519118403008 0.14619278030835606 0.18772611836823783 0.1686389656710308 0.22562466977270576 0.2060696351644675
0 0.46886887908311603 0.7112302099667982 0.46117657163424763 0.6852686710787164 0.43136296802234664 0.6941023309834733 0.439055275471215 0.7200638698715551