3 0.5209867165954838 0.680619473546434 0.49072983346930754 0.6223469626371281 0.413258719167943 0.6625723521817666 0.44351560229411924 0.7208448630910725
2 0.7062153781731365 0.6826633988729275 0.6426093715748039 0.6550835565178339 0.6218791987455459 0.7028925139725468 0.6854852053438785 0.7304723563276405
2 0.23982209614833203 0.7588033506947368 0.20269803656770266 0.7393612248899856 0.15679660517801877 0.8270084035400879 0.19392066475864814 0.8464505293448391
1 0.252132979032372 0.2636425748457682 0.12444023191122085 0.1411296068346516 0.08139953816959243 0.1859900368045628 0.20909228529074356 0.3085030048156794
3 0.50047247335789 0.3482637820258608 0.4338597470771025 0.3461226602516705 0.4320348574407349 0.4028970461391671 0.4986475837215224 0.40503816791335734
2 0.7168566174244079 0.18676334438692768 0.7092095574848283 0.15235157862940846 0.6689522055068539 0.16129765787897596 0.6765992654464335 0.19570942363649518
2 1.021819231627817 0.7400618061869874 0.9370257970836025 0.6662935224505385 0.9065886766698037 0.7012796688917715 0.9913821112140181 0.7750479526282203
2 0.21789426283828098 0.5836501748354219 0.18405102900992654 0.5642400848202952 0.13060643741730865 0.6574255264498953 0.16444967124566306 0.6768356164650219
2 0.348924166380189 0.4487249356683465 0.32440369962603527 0.41966364493104635 0.267662877150789 0.46753871915553263 0.29218334390494277 0.49660000989283276
2 0.2820966692512722 0.7915332094834758 0.2444706065225851 0.7730897193668232 0.18562149496593455 0.893146191810658 0.22324755769462165 0.9115896819273106
3 0.6462696737661113 0.4052480901446256 0.5813149884099456 0.3722552313715087 0.5556790976392784 0.4227258871665904 0.620633782995444 0.4557187459397073
2 0.18672279474692377 0.184239053786239 0.15092773675756618 0.14739735997956155 0.14062499999999997 0.15740740625000005 0.17642005798935756 0.19424910005667748
0 1 0.13703703605769244 0.9872611235860161 0.13669581563347988 0.986711024605816 0.15723281291434096 0.9994499010197999 0.15757403333855355