2 0.9266566751537499 0.6427445788386843 0.8565006212271414 0.5889851499007418 0.8260563351513753 0.6287149427553881 0.8962123890779838 0.6824743716933306
3 0.34018586755659974 0.16514161502316282 0.25134679826958284 0.09745469858184082 0.20983555766705864 0.15193819663385594 0.2986746269540755 0.21962511307517796
2 0.8261097763647783 0.565562232677657 0.7577604163534348 0.5124016204308431 0.730809294486267 0.5470530635454597 0.7991586544976104 0.6002136757922736
2 0.21986391774463482 0.12550191349377415 0.1921905081694919 0.09088167866121596 0.16874130730766124 0.10962561101169686 0.19641471688280415 0.1442458458442551
2 1.0261381484988106 0.7329449316400493 0.9479440265102703 0.6648575383129132 0.9159006995062569 0.7016572995937126 0.994094821494797 0.7697446929208488
3 0.9182786360200326 0.3817987304633576 0.7958398929342269 0.30567728006602773 0.7421976012527041 0.3919590670714709 0.8646363443385096 0.46808051746880075
3 1.0274362171458713 0.4815299798220113 0.9642579677371474 0.45449037652995156 0.9290092505912761 0.5368492861310172 0.9921875 0.5638888894230771
2 0.37691638394143107 0.30873752568944846 0.33267507408321595 0.2685374860571838 0.30800424984066377 0.2956884438611234 0.3522455596988789 0.33588848349338807
2 0.3595922840265384 0.34375476653011544 0.31383622650203863 0.3054751852990179 0.2898454063386267 0.3341517097581004 0.3356014638631265 0.3724312909891979
1 0.3013341416855264 0.3195356848282453 0.16516994809666635 0.19072125657031103 0.1199536275084049 0.23851748493711877 0.25611782109726494 0.36733191319505304
2 0.2782292830597988 0.2340262634489777 0.24351952793853873 0.17460544699859784 0.21820339918374834 0.18939347385835748 0.2529131543050084 0.24881429030873736
3 0.12577337412060324 0.19906289123863496 0.08058230894328872 0.13479112350668093 0.04729798464881529 0.1581941528872872 0.0924890498261298 0.22246592061924125
2 0.12227409242540058 0.13652348651678076 0.09037068983731784 0.10878927332289716 0.07114566175793385 0.13090433410706417 0.10304906434601659 0.15863854730094779
1 0.25904878597817754 0.21760472825710706 0.13002189667595887 0.11020662291174668 0.0884863205470485 0.16010700212286205 0.21751320984926714 0.2675051074682224
0 0.24817567524538786 0.4034559291942027 0.2453610585781338 0.37093151611666614 0.23199958170878449 0.37208779941087794 0.23481419837603854 0.4046122124884146
2 0.3160764763911122 0.8367097971338483 0.27917249378612746 0.8212233051531915 0.23496280101581168 0.926574067288689 0.27186678362079647 0.9420605592693457
2 0.6339467515491626 0.3346580072358447 0.5838355268858026 0.29165066712812454 0.5595351058127117 0.3199649933979631 0.6096463304760718 0.3629723335056833
2 0.19686063759042108 0.15600573624399933 0.1767780039153408 0.13815454235629204 0.17447916586538456 0.1407407403846154 0.19456179954046485 0.1585919342723227
2 0.224871981400362 0.7714211071488444 0.18458499878718315 0.7504764543687481 0.13266536705812193 0.8503437246793393 0.17295234967130077 0.8712883774594354
2 0.05385416652851459 0.1363888901690982 0.023969108570954918 0.10276819996684351 0.0026760058852785327 0.1216954023541114 0.032561063842838196 0.15531609255636608