2 0.9238442870559918 0.6241109001383885 0.8536583549677222 0.5681772842109049 0.82199041686987 0.607914456854865 0.8921763489581396 0.6638480727823487
3 0.33185253237299395 0.15310457397914823 0.2430134585019898 0.08541766380779964 0.20156598579394042 0.1398174743524899 0.29040505966494456 0.2075043845238385
2 0.8226364949058582 0.5520657765328822 0.7553520141995562 0.492257342337419 0.7254669537422255 0.5258780314726058 0.7927514344485274 0.585686465668069
2 0.21048891910733702 0.11439080113705766 0.1828155072009959 0.07977056811860102 0.15936630710966973 0.09851450241435031 0.18703971901601082 0.13313473543280696
2 1.0247058824567472 0.7146949904897526 0.9440257347207436 0.6455405762447598 0.9122691984144782 0.6825898675842317 0.9929493461504819 0.7517442818292245
3 0.37507630556802635 0.07587834555821342 0.33877845227085773 -0.014162837260983715 0.27945995480659697 0.009749932999816883 0.31575780810376564 0.09979111581901402
3 0.7574101620157981 0.3100044114759736 0.7203235877993558 0.17141331788043812 0.6775812917819451 0.18285103218303966 0.7146678659983875 0.3214421257785751
1 0.9258035721153844 1.0000000000000002 0.7968749999999996 0.8416666658653846 0.7240448013773625 0.9009712561881853 0.8529733734927473 1.0593045903228009
2 0.6141015270243257 0.5802204063322199 0.5649168296782338 0.5308161351162484 0.5369029393432698 0.5587055196512108 0.5860876366893617 0.6081097908671824
1 0.9272429070814987 0.806340561655163 0.6869791658653847 0.5833333341346154 0.619133885997146 0.6564285469949045 0.85939762721326 0.879435774515452
2 0.30924502217512967 0.8242760580042243 0.2713209816586533 0.8087616776573233 0.22757835632123255 0.9156880942141246 0.265502396837709 0.9312024745610257
2 0.2160178134673586 0.7603099949879275 0.17573083244039095 0.7393653437933243 0.12317494907512004 0.8404564460666223 0.1634619301020877 0.8614010972612256
2 0.5341788049199768 0.5880997826207441 0.4855336924256196 0.5345644143866464 0.454656942119391 0.5626206889888636 0.5033020546137483 0.6161560572229614
3 0.49886221622523713 0.13886778960930493 0.3633148280227993 0.06408301924122971 0.32474499008481206 0.13399084633161376 0.46029237828724984 0.20877561669968897
2 0.23353752488426507 0.39757928896781447 0.20857942663742127 0.39573811819488386 0.20223034270483412 0.4818034972986088 0.22718844095167792 0.4836446680715394
2 0.656661385901296 0.13905859523982878 0.653719480452123 0.10706538493652576 0.6102815617477423 0.11105967774195775 0.6132234671969153 0.14305288804526078
3 0.24635416586538475 0.9462962956730769 0.1816907043269232 0.9462962956730769 0.1816907043269232 1 0.24635416586538475 1
2 0.22765445371013596 0.2245817357610274 0.18347341917592766 0.18530970695203172 0.1607148000181789 0.21091315473543398 0.20489583455238722 0.2501851835444297
3 0.9343205981176966 0.38955276040359654 0.8019422169906528 0.30820088595089756 0.7513839251971282 0.39047096104384404 0.883762306324172 0.47182283549654297
2 0.3854270323355709 0.15921828674370284 0.3485089050610407 0.1315836627456543 0.3280289034909759 0.15894366245470135 0.3649470307655061 0.1865782864527499
2 0.9613491280922754 0.5306187450855724 0.8963731000828373 0.4778257059277016 0.8682294391662858 0.5124640470645623 0.9332054671757238 0.5652570862224331
2 1 0.12268518509615398 0.9869791658653846 0.12268518509615398 0.9869791658653846 0.15038986298076937 1 0.15038986298076937