2 0.7999511955024643 0.41765874763255856 0.7432758225786004 0.37159876579067 0.7178717535306979 0.4028576814371386 0.7745471264545618 0.4489176632790271
2 0.3093791903407431 0.3530262376163378 0.27067697544720065 0.3131145821705931 0.2450579587897652 0.3379572672700663 0.28376017368330764 0.377868922715811
3 0.37777777666830975 0.08229166292221393 0.3273504231496228 0.04867343370813472 0.2986111104947405 0.09178241098064631 0.34903846401342736 0.12540064019472552
2 0.33000885814302927 0.8348764406230925 0.292531647055514 0.8175711978058413 0.24819669990854715 0.9135854629812686 0.28567391099606243 0.9308907057985197
2 0.2778103655898083 0.9414394808111309 0.22503344272223644 0.9205893484678016 0.19366134855769238 1.0000000000000002 0.24643827142526425 1.0208501323433294
0 0.690245641856872 0.9523862974382271 0.6768050213333888 0.9016106405829384 0.6549022334958704 0.9074084397245519 0.6683428540193537 0.9581840965798405
2 0.11134078756549687 0.1592575642644446 0.07618406079532289 0.12616887406940147 0.05457345724667085 0.14913013605408795 0.08973018401684482 0.18221882624913108
2 0.5896486613809186 0.5112266153103209 0.5409538182156312 0.46557519062478947 0.5138365535480427 0.4945002670962434 0.5625313967133303 0.5401516917817748
2 0.7216382713985413 0.18572317131277247 0.7138071190973378 0.1519513276491721 0.6701612786351432 0.16207210243950046 0.6779924309363466 0.1958439461031008
3 0.8408390070388515 0.8984736570141355 0.6773066663157887 0.6969049115258561 0.6071064942425356 0.7538581779188763 0.7706388349655983 0.9554269234071557
2 0.8250740365364009 0.5703700112301463 0.7648945824885666 0.5127623418708073 0.7339056300586482 0.545134737065519 0.7940850841064825 0.602742406424858
2 0.9182829328663421 0.6526575353695606 0.852420342197454 0.580414504319352 0.8167192093974927 0.612962544757817 0.8825818000663807 0.6852055758080257
2 1.0268489824456057 0.7321566539386677 0.945097985980926 0.6716003579320393 0.9149090273376236 0.7123554505329943 0.9966600238023033 0.7729117465396226
3 0.47754309997408007 0.5046839216137522 0.41248564146163386 0.4314942455999048 0.3760739950568271 0.46386013795475545 0.4411314535692733 0.5370498139686027
1 1.0479318591017353 0.9514730104723547 0.8317708341346155 0.7379629639423076 0.7550809955149304 0.8156049971393791 0.9712420204820501 1.029115043669426