3 1.0120672700712132 0.4229915688419339 0.8783383005393125 0.34776898008262064 0.8242643493894332 0.4439003933330907 0.9579933189213339 0.5191229820924039
1 0.0421875 2.5832393419514482e-18 0 0 4.025459364279818e-18 0.06574074038461539 0.0421875 0.06574074038461539
2 0.3094654251001193 0.604214164284097 0.2753819543237359 0.5837918679411622 0.2325685706130361 0.6552445923575599 0.2666520413894195 0.6756668887004947
1 0.24253851746134567 0.24166984715781373 0.11608236266941711 0.11647825332286504 0.0704816576627906 0.16253957129395438 0.19693781245471917 0.287731165128903
2 0.6632570872460817 0.18045055324723974 0.6488240973197575 0.14797632676460742 0.6061694583152559 0.1669339445970818 0.62060244824158 0.19940817107971412
2 0.8306442740752064 0.5490069875375391 0.76268365189417 0.4953097316302516 0.7343579871383177 0.5311594183223033 0.802318609319354 0.5848566742295908
0 0.17711001615469926 0.30852308572345954 0.17219745098825412 0.2735892768918221 0.1593014334084454 0.27540277873623187 0.16421399857489055 0.3103365875678693
2 0.1926770042346188 0.8168948473687938 0.14851554822170726 0.7947037168267668 0.08923901668988475 0.9126669695273397 0.1334004727027963 0.9348581000693668
2 0.5093560048162333 0.4389841386031797 0.47879381557345546 0.4148234906798661 0.4303863448259492 0.4760568767399293 0.46094853406872704 0.5002175246632429
2 0.2740215897946484 0.24289198295444664 0.23027803906695526 0.20660104115356165 0.20667853047029153 0.23504688053438524 0.25042208119798465 0.27133782233527026
0 0.4989517731915062 0.03691342629585433 0.49111597560849685 0.012148436255046068 0.47670576105324197 0.016707918176768935 0.48454155863625126 0.0414729082175772
2 0.297022626614092 0.2221076467733118 0.2579934535752881 0.1824589563796987 0.23537720901379044 0.2047218183737682 0.2744063820525944 0.24437050876738134
0 0.6496495465678682 0.8591277670972417 0.6316901118070182 0.8144287206286672 0.6111259004115813 0.822691125358583 0.6290853351724314 0.8673901718271575
2 0.9605574079822605 0.6527454666474861 0.8890523296377089 0.5932860471580989 0.8557422881895214 0.6333442438890313 0.927247366534073 0.6928036633784185