2 0.3630998756420741 0.08057249651018054 0.3257311459339106 0.05067750756951773 0.3030798333824304 0.07899164335834431 0.34044856309059374 0.10888663229900712
2 0.07541219731782325 0.12751802888526986 0.05049717522578341 0.08725132778143024 0.024697528761836007 0.10321485953334657 0.04961255085387585 0.1434815606371862
3 0.9135569307523398 0.4668176473613184 0.8268972759236151 0.40612671154404667 0.7888879511061326 0.46039964249494036 0.8755476059348575 0.5210905783122122
2 0.3216338577104287 0.8356667316447932 0.28395729637979866 0.8184297057717853 0.2391972301064692 0.9162659215165774 0.2768737914370992 0.9335029473895852
0 0.3918259356721644 0.5475869974064245 0.3794155587313409 0.50713836180472 0.3653945507223986 0.5114402620268859 0.37780492766322205 0.5518888976285903
3 0.5485833404698496 0.15090368183133324 0.49804692798809685 0.11537028371763736 0.4668488413113249 0.15974091699886933 0.5173852537930776 0.1952743151125652
2 0.8477669926501881 0.13268037185273934 0.8298287571171177 0.10817546155453996 0.7950531336255827 0.13363212788832252 0.8129913691586531 0.1581370381865219
2 0.6011808242556567 0.2553850910218473 0.5589771860850414 0.224490925116979 0.5369632611773677 0.25456351954724826 0.5791668993479828 0.2854576854521166
2 0.7774476760107396 0.6507083841096184 0.709428607471878 0.5844520079918314 0.6787630736099641 0.6159333713224519 0.7467821421488258 0.6821897474402389
2 0.5530280180349612 0.43972859794289304 0.5011530136549898 0.39361749813993724 0.4751760028363688 0.4228416449452179 0.5270510072163401 0.4689527447481737
3 1.029148153527691 0.9724784152654073 0.9258555625422018 0.8630810702595549 0.868847524419273 0.9169078607031605 0.9721401154047622 1.026305205709013
3 0.7022903468719075 0.705294193043186 0.58125 0.575 0.5215793479412729 0.6304326808783206 0.6426196948131804 0.7607268739215065
3 0.34193936724873386 0.33225096983726343 0.24712748754195973 0.2403121764299381 0.20177858935120088 0.28707822719860526 0.29659046905797504 0.37901702060593057
2 0.8255948697679307 0.5601848308578654 0.7654154190169735 0.5025771544282974 0.7344264628985642 0.5349495477295867 0.7946059136495214 0.5925572241591547
2 0.918803766424705 0.6433982748895193 0.8529411737199066 0.5711552462950217 0.8172400434722409 0.6037032865191003 0.8831026361770391 0.6759463151135978
2 0.35017115893644124 0.11817151443216896 0.312468247736268 0.08662921003866786 0.28987130875787676 0.11363961400501711 0.32757421995805 0.1451819183985182
2 1.0266367726435977 0.7231260073526685 0.9445771522487267 0.6623411010185859 0.9143881956068548 0.7030961909176088 0.9964478160017258 0.7638810972516914
3 0.15605387486963848 0.1853753670316035 0.1091064075515918 0.13696078903224393 0.08402424425939976 0.16128288560079548 0.13097171157744644 0.20969746360015507
1 0.3993154271917424 0.3117179900489205 0.2438805536956186 0.1642238146898505 0.19171333944515434 0.21919957443036878 0.3471482129412781 0.36669374978943875