2 0.8933432853079524 0.44479963604952155 0.8230209454553565 0.3986506185878438 0.7952056060869089 0.4410359142186243 0.8655279459395047 0.4871849316803021
0 0.18964884456150494 0.3145361065276581 0.18285454087104863 0.27484875517208185 0.1719864687836678 0.27670932232431794 0.1787807724741241 0.31639667367989416
2 0.38378167182460854 0.7152882968131989 0.3442238686293422 0.6874742078164867 0.2880081494630736 0.767425428060388 0.32756595265834 0.7952395170571003
2 0.30113135381411865 0.6084460877378088 0.2609717057616703 0.5850636610937432 0.20078977106571205 0.6884269840411718 0.2409494191181604 0.7118094106852374
2 0.4476480022617086 0.2027484487036526 0.4346012446084239 0.15635997927774464 0.4109511689426554 0.16301156337852976 0.4239979265959401 0.20940003280443772
2 0.2971379643573732 0.203177204981819 0.25620745017594576 0.16159697482540586 0.23207022408512756 0.18535704231647473 0.273000738266555 0.2269372724728879
2 0.2433270692461108 0.1609460160382835 0.20506683972595321 0.12207848328975214 0.18879901535162594 0.13809212373310892 0.22705924487178353 0.1769596564816403
3 0.2509816743023356 0.21736128370069885 0.20220444551937083 0.13684014182527038 0.17257306234522896 0.15478992150520643 0.22135029112819365 0.2353110633806349
3 0.2337928726570112 0.2633316085069373 0.18955267877393223 0.15241601843722233 0.139046197675045 0.17256121637344043 0.18328639155812398 0.2834768064431554
3 0.17455320237157118 0.16759223997254338 0.0843245515778991 0.08121951324002546 0.04191486453563017 0.1255224892738383 0.13214351532930227 0.21189521600635622
2 0.81882403589069 0.5379626133843955 0.7597030734044444 0.4813681801320758 0.7287141122321018 0.5137405727097979 0.7878350747183472 0.5703350059621177
2 0.9115120992465768 0.6193242015670914 0.845649505450676 0.5470811717757909 0.8099483765157536 0.5796292108030664 0.8758109703116544 0.6518722405943669
2 0.8857119931378121 0.5048968979883474 0.8195397179085121 0.449064038079354 0.7864099035065569 0.48832900140874774 0.852582178735857 0.5441618613177411
2 1.0226575370465845 0.6909265976132615 0.9318467910466689 0.6435704756687394 0.9058758164893891 0.6933727710647672 0.9966865624893047 0.7407288930092896
3 0.07890725219601837 0.10634819032624236 0.031955402819515887 0.06012996145357555 0.007096378171988049 0.0853835726231665 0.05404822754849053 0.1316018014958333
1 0.13991738495337847 0.07529693796731979 0.024367819524059278 -0.027413794835536645 -0.019310344401494324 0.021724135764525507 0.09623922102782488 0.12443486856738195
3 0.3712521157999887 0.033581499791680486 0.30911061915723537 -0.003243091317264848 0.2768940358280144 0.051122392304016925 0.3390355324707677 0.08794698341296225
2 0.4233153970486226 0.4331256928055232 0.39110337880969487 0.411668674022996 0.35266139755803605 0.469379104990569 0.38487341579696377 0.49083612377309616