2 0.9214875281828129 0.6202261934753311 0.8518039879770016 0.5665440578056186 0.8210956785452649 0.6064058048885727 0.8907792187510762 0.6600879405582852
3 0.3302439129754299 0.15229149078675744 0.2425937824378306 0.08303705500489536 0.20005522567815348 0.13687490684460796 0.2877053562157527 0.20612934262647004
2 0.8198169665044942 0.5485505767639536 0.7520786854146437 0.4918806459835889 0.7236649786728125 0.5258439070565957 0.791403259762663 0.5825138378369604
2 0.20840558737656784 0.11439080113705771 0.18073217547022674 0.07977056811860096 0.15728297391219973 0.09851450358674602 0.18495638581854082 0.13313473660520275
2 1.024715128818281 0.711977442961374 0.9419848944905549 0.640890725451574 0.9101832370436441 0.6779012762936537 0.9929134713713702 0.7489879938034536
3 0.9012666893134872 0.15565178127214882 0.8868264181116265 0.08892999928597282 0.7895752521102197 0.1099775967864179 0.8040155233120803 0.1766993787725939
2 0.308724187216437 0.8233501307943546 0.2708001468338392 0.8078357511124905 0.22705752289993766 0.9147621684444889 0.2649815632825355 0.930276548126353
2 0.21601781346735846 0.758458144026389 0.1757308324403908 0.7375134928317858 0.1230532977742947 0.8388385910595986 0.16334027880126237 0.8597832422542019
2 0.646244720035911 0.13998452072059803 0.643378509492806 0.10881449222601013 0.5999405907884255 0.11280878503144208 0.6028068013315308 0.14397881352602998
3 0.24635416586538475 0.9444444447115384 0.18030181730769243 0.9444444447115384 0.18030181730769243 1 0.24635416586538475 1
2 0.6473575327265608 0.5992919362579656 0.5822093799825722 0.5353918286431772 0.5515158867285084 0.5666848023391957 0.616664039472497 0.6305849099539842
3 0.5751953652005086 0.152043342681534 0.47406164764684394 0.09323245501526037 0.4345538106079024 0.1611718211905457 0.5356875281615671 0.21998270885681934
2 0.21397401382444825 0.02938152073117978 0.1804657600707233 0.005553430318556707 0.16271130535520406 0.030520633462601896 0.19621955910892902 0.05434872387522497
2 0.7527920554641755 0.12355797930493281 0.7488384472435988 0.09019939390603578 0.7125862656023677 0.09449594670156734 0.7165398738229444 0.12785453210046438
2 0.4375695818014243 0.19131402217661078 0.4028238559567698 0.1692532405897912 0.3848673094680098 0.1975347971139721 0.4196130353126643 0.2195955787007917
2 0.7383477214373995 0.3171099146594514 0.6892982637128197 0.2791000793339731 0.6669172517279708 0.30798145942372873 0.7159667094525505 0.345991294749207
2 0.6759118639398155 0.32192970065252724 0.6310495797730352 0.29612655470846483 0.6122060222951751 0.328888646281231 0.6570683064619554 0.35469179222529335
2 0.8351652303827861 0.48079501860865637 0.7789260048361613 0.430804598303931 0.7511099132710222 0.4620977028191886 0.807349138817647 0.5120881231239139