2 0.9224765355369164 0.6143472033577974 0.8552282594084537 0.5631104215456353 0.8245571298421807 0.6033662791013688 0.8918054059706434 0.6546030609135307
3 0.3302439121909674 0.14951370721925772 0.2425937743850565 0.08025928067746078 0.20005522486447638 0.13409713500280354 0.28770536267038727 0.20335156154460046
2 0.823415949662417 0.5462771375122334 0.7571910912291498 0.48741060131377156 0.727306035138748 0.521031292060458 0.7935308935720152 0.5798978282589198
2 0.20788475187925018 0.11068709858992803 0.1802113423041073 0.0760668637573698 0.15676213997557567 0.09481079728024647 0.18443554955071856 0.12943103211280468
2 1.0256711869883646 0.7045890659532125 0.9461515592520306 0.6362610961676237 0.9143499039964401 0.6732716468287842 0.993869531732774 0.7415996166143729
3 1.005984116505042 0.10465022956367835 0.9253036290946637 0.09813059712386601 0.9192891020742388 0.17256040218274454 0.9999695894846171 0.1790800346225569
2 0.3102866883851366 0.8205723528348913 0.27236264786866016 0.8050579724879903 0.2286200225312393 0.9119843890447918 0.2665440630477158 0.9274987693916928
2 0.21966364777722028 0.7510507359727181 0.17937666705641384 0.7301060841764406 0.1266991295340914 0.831431184217423 0.16698611025489785 0.8523758360137005
2 0.6457238844863104 0.1381326705435937 0.6428576761791711 0.10696263939107105 0.5994197580134375 0.11095692869037406 0.6022859663205767 0.14212695984289672
3 0.24791666586538474 0.9425925937499999 0.1810363245192309 0.9425925937499999 0.1810363245192309 1 0.24791666586538474 1
2 1.03641942900741 0.9583411963615903 0.9541801837154753 0.8817586192945076 0.9170610729034652 0.9216194829007746 0.9993003181953999 0.9982020599678573
3 0.40209399243080834 0.031965157659135664 0.312095155339473 -0.011180348691372632 0.2799230829186858 0.055928589170355716 0.3699219200100211 0.09907409552086402
2 0.7192892170699362 0.12765795153473514 0.7122794122931194 0.09611383367876629 0.6749999986595024 0.10439814877545253 0.6820098034363191 0.13594226663142137
2 0.18173510046050015 0.024689113184496823 0.16741489382364655 -0.007133575574430822 0.1405611145495485 0.0049506223102516135 0.15488132118640213 0.036773311069179256
2 0.5437815441903898 0.1753755383059999 0.5006186945355603 0.14881378054654218 0.48300622978978613 0.17743403131297175 0.5261690794446156 0.20399578907242943
2 0.36316722755122244 0.10547447146019481 0.33149956835092714 0.08295524822263989 0.3147946377839743 0.10644655796180724 0.34646229698426956 0.12896578119936217
2 0.4981526250195174 0.23376559874259747 0.46074470186599076 0.20009847567376135 0.43686406610191725 0.22663252153486205 0.4742719892554439 0.2602996446036982
2 0.9190286000908916 0.4356762728373154 0.8582235322208749 0.3846300441754034 0.8342092283338427 0.41323531857036994 0.8950142962038595 0.46428154723228193
2 0.8846480002237803 0.45563129312058437 0.8231274105911504 0.40875842429282333 0.7952619433511272 0.4453318199024311 0.8567825329837573 0.4922046887301921