2 0.9151902660060975 0.6009485094394935 0.8464797872889307 0.54598012646576 0.8159016486866792 0.5842027997185743 0.8846121274038462 0.6391711826923079
3 0.3448272463255829 0.15414333702695016 0.2571771085196721 0.08488891048515305 0.21463855899909184 0.13872676481049576 0.3022886968050027 0.2079811913522929
2 0.7886752496819249 0.5026875854696279 0.720562069521165 0.4542515455456019 0.6946737997187353 0.490656924430191 0.7627869798794952 0.5390929643542169
2 0.20528058737656782 0.10420561604090385 0.17760717547022672 0.06958538302244714 0.15415797391219974 0.0883293184905922 0.18183138581854083 0.1229495515090489
2 1.025790694593849 0.6968368190454842 0.9466723953986218 0.6288536865592097 0.9148707358007836 0.6658642379555363 0.9939890349960108 0.7338473704418107
2 0.30671553576292704 0.8146819724136135 0.26762658645665804 0.7989297090116685 0.22474018324874326 0.9053515226994342 0.2638291325550122 0.9211037861013792
2 0.22025590317220833 0.7357966052708182 0.18021991778294305 0.7152931030643666 0.1281059937079716 0.8170529039917567 0.1681419790972369 0.8375564061982085
2 0.6452030519169495 0.1307252610312189 0.6423368411700915 0.09955523280119431 0.5988989223960248 0.10354952593088244 0.6017651331428828 0.13471955416090703
3 0.25845357121960333 0.9562322160841391 0.2063810230705485 0.930517376502981 0.17243701883175236 0.9992539824428277 0.22450956698080715 1.0249688220239859
2 0.7046507345305429 0.12234613351244344 0.6976409305712671 0.09080201569570133 0.6605698521776019 0.09904003311651582 0.6675796561368779 0.13058415093325793
2 0.783784234871246 0.15429567077969628 0.7634239764475446 0.1353547589997669 0.7326570671289336 0.1684272019689219 0.7530173255526351 0.1873681137488513
2 0.2286458341346154 2.5953582523808858e-17 0.19270833413461538 2.3753045306590958e-17 0.19270833413461538 0.0287037043269231 0.2286458341346154 0.0287037043269231
2 0.3077407431479109 0.059551772252266474 0.2722419757903877 0.039356915777907724 0.2565784076078286 0.06689052878512897 0.29207717496535174 0.08708538525948771
2 0.8954118970271505 0.40812034718372736 0.8464704311191684 0.37621776227813364 0.8251077808808223 0.4089900100893397 0.8740492467888044 0.44089259499493344
2 0.900544687177287 0.5125853217935169 0.8458977217085214 0.4686364366203846 0.8185726033328161 0.5026130618390826 0.8732195688015817 0.5465619470122148