3 0.9561204656669253 0.48580406803289694 0.8910404792290211 0.3315403955493172 0.8028332250752169 0.36875283067182085 0.8679132115131213 0.5230165031554006
1 0.2223601273991676 0.16344066563572482 0.09603111921817073 0.06016439785139213 0.05800123989658428 0.1066830902771446 0.18433024807758114 0.2099593580614773
2 0.31841939447822853 0.023401203041117292 0.28897711587268815 0.004707690042164092 0.27356441250165003 0.028982694250311934 0.3030066911071904 0.047676207249265135
1 0.24084447706990952 0.24575894750864954 0.11399903092650789 0.12018195523392337 0.06839832352817522 0.16624327562087748 0.1952437696715769 0.29182026789560367
2 1.0289840890349962 0.7213181005494612 0.9493451551711399 0.6538988964246637 0.9162515438267516 0.6929907243301573 0.9958904776906079 0.7604099284549548
2 0.5117058338865422 0.4665095996233038 0.5100845823243814 0.3886896443625931 0.4868307865436423 0.38917409918667245 0.4884520381058031 0.4669940544473831
2 0.829388002724265 0.5519924207523306 0.759331662976721 0.5003519744237734 0.731783700168248 0.5377240263534612 0.801840039915792 0.5893644726820184
0 0.1812766852506529 0.31778234420499984 0.17636411566946475 0.28284853622622574 0.16346809687917857 0.2846620399148612 0.16838066646036673 0.31959584789363527
2 0.453125 0.23611111057692316 0.43229166586538464 0.23611111057692316 0.43229166586538464 0.2916666658653847 0.453125 0.2916666658653847
3 0.32937415254770513 0.13896228673045233 0.24609022229070396 0.07233514060291425 0.20376863275208218 0.12523712600017245 0.2870525630090834 0.19186427212771054
2 0.2729799224701236 0.24566976894285103 0.22923637568926009 0.20937881695681962 0.2056368616177977 0.23782465238676403 0.2493804083986612 0.2741156043727954
2 0.57828299573657 0.6080480941458267 0.5211437348282997 0.5995830225254604 0.5127656620838722 0.6561350407388147 0.5699049229921426 0.664600112359181
2 0.3010639034001291 0.2244015420190127 0.25897501242011367 0.188770733469748 0.2377968400528791 0.21378744861636248 0.2798857310328946 0.24941825716562718
3 0.09782702630003522 0.15909990189954323 0.059370365092438177 0.09073249671663043 0.024553349793894473 0.11031706567918723 0.06301001100149152 0.17868447086210004
2 0.9309157049079888 0.6328708093464439 0.8619611070437645 0.5756640275371467 0.8293525286854069 0.6149690074103401 0.8983071265496313 0.6721757892196373
2 0.08560416753461521 0.09492592336346148 0.05976388859743598 0.06047222308317311 0.03876388981666679 0.0762222244403846 0.06460416875384602 0.11067592472067295
3 1 0.4555555552884617 0.9640625 0.4555555552884617 0.9640625 0.5567538125000001 1 0.5567538125000001
2 0.11748156371883173 0.027914236301931086 0.09371950259734516 -0.003064450518992051 0.07264405092468601 0.01310137903032323 0.09640611204617261 0.04408006585124637