3 0.9576118489090579 0.48142315572224337 0.8911220481869331 0.3275959068901682 0.8031036836426791 0.36564068480089745 0.8695934843648042 0.5194679336329725
1 0.2101791888786835 0.14797921163083935 0.0845616101627981 0.04781355962556182 0.04574598659441535 0.09649216902302868 0.17136356531030075 0.1966578210283062
2 0.4129956890988977 0.10141124163173404 0.38839798847674445 0.07373882523884118 0.3668318966713392 0.09290868240951725 0.3914295972934924 0.12058109880241011
1 0.24032364184464255 0.242055245268737 0.11347819718531399 0.11647825117014023 0.06787749186920854 0.16253956824593285 0.19472293652853712 0.2881165623445296
2 1.0292522590265603 0.7183264279029916 0.9498659881934555 0.6511211188250214 0.9167723778594871 0.6902129457783007 0.996158648692592 0.7574182548562708
2 0.5234315008201387 0.3185419732950849 0.5000988741427416 0.31257624666671113 0.4829533282049727 0.37963440193709036 0.5062859548823698 0.3856001285654641
2 0.8293880021634725 0.5482887215482051 0.7593316648163779 0.4966482691028177 0.7317837002031037 0.5340203177736607 0.8018400375501982 0.585660770219048
0 0.1812766849191671 0.3159304908862304 0.17636411533797894 0.2809966829074563 0.1634680965476928 0.2828101865960917 0.16838066612888092 0.31774399457486585
2 0.4485136043368127 0.34609335398840124 0.4185288254629062 0.3348490614473226 0.3946347034217835 0.39856671759792217 0.42461948229568997 0.4098110101390008
2 1 0.16052188461538475 0.9864583341346154 0.16052188461538475 0.9864583341346154 0.19629629567307708 1 0.19629629567307708
3 0.28894166328532045 0.10400379147482373 0.2032201916584032 0.04453306602276194 0.16516442649505658 0.0993868813897872 0.25088589812197387 0.158857606841849
2 0.2724590897946484 0.2428919829544466 0.2287155390669553 0.20660104115356165 0.20511603047029153 0.23504688053438524 0.24885958119798463 0.2713378223352702
2 0.4663194448450855 0.63912037104367 0.4377500014826924 0.6010277789781252 0.3825277785611112 0.6424444451737181 0.4110972219235043 0.6805370372392628
2 0.3005430692655138 0.22162376317285887 0.2584541808712371 0.18599295681257952 0.23727600950754887 0.21100967077375496 0.27936489790182556 0.2466404771340343
3 0.0799935123919122 0.14128475394394194 0.04166202810894301 0.07313990660525048 0.008031960103261447 0.09205682363623259 0.046363444386230634 0.16020167097492405
2 0.9309157052877188 0.6300930293987329 0.8619611043620664 0.5728862503537839 0.829352526168189 0.6121912336730693 0.8983071270938415 0.6693980127180181
2 0.05539583426538459 0.06437036922884612 0.030187499034615508 0.030759260435577005 0.009187500253846332 0.046509261792788484 0.0343958354846154 0.0801203705860576
3 1 0.46527777884615396 0.9786458341346154 0.46527777884615396 0.9786458341346154 0.5586419759615386 1 0.5586419759615386