2 0.9267198116255871 0.6315208494428324 0.8576598025573344 0.5803652852025308 0.828024432038551 0.6203730338641289 0.8970844411068037 0.6715285981044304
3 0.34222307884081454 0.15692112059444976 0.25457294830321536 0.0876666848125876 0.2120343924674525 0.1415045354829712 0.2996845230050517 0.2107589712648334
2 0.8272079096941283 0.5557568708923288 0.7594381950651711 0.5022104206937984 0.7319132486660092 0.5370466751183677 0.7996829632949664 0.5905931253168981
2 0.20944725187925023 0.10698339426300493 0.18177384347650305 0.07236316089714766 0.15832464114797146 0.09110709442002432 0.1859980495507186 0.12572732778588158
2 1.0253900767451758 0.7235231662237669 0.9512976153455287 0.6561996420768289 0.9184955903556192 0.6922996947878346 0.9925880517552663 0.7596232189347726
3 0.9820556602485971 0.419118581246842 0.8541997958254157 0.33962924971330655 0.7998519358725225 0.42704591909233636 0.9277078002957039 0.5065352506258718
3 1 0.4592592596153847 0.9640625 0.4592592596153847 0.9640625 0.5564814807692309 1 0.5564814807692309
2 0.298694095842418 0.2347680168867678 0.25982361409484833 0.19468282785425411 0.23571303055518317 0.2180627848912944 0.2745835123027528 0.25814797392380806
2 0.26873611084010984 0.2645648163685442 0.23540278059285716 0.22012037054436837 0.20795833413901108 0.24070370284010997 0.24129166438626373 0.2851481486642858
1 0.23957920981030767 0.2524733537046498 0.11312642710509516 0.12893232083416473 0.06900262968917664 0.1740960760426333 0.19545541239438918 0.2976371089131184
2 0.14273310933673927 0.08604679553311788 0.10529729637974941 0.06663563539221785 0.09643693682298148 0.08372347355805473 0.13387274977997132 0.10313463369895473
3 0.10418357344805584 0.1709529750153291 0.06309235742874765 0.10520703317747063 0.028926732515744537 0.12656054998003102 0.07001794853505273 0.1923064918178895
2 0.09218749999999999 0.13425925961538462 0.08976636738778745 0.09121691696421141 0.06967369308996044 0.09234713028469173 0.07209482570217297 0.13538947293586492
1 0.23402226581330157 0.18366420184447468 0.10827346490264397 0.0802869005941391 0.07398647762034502 0.12199380806261068 0.19973527853100265 0.22537110931294624
2 0.7608395202891228 0.8184566442503284 0.6952944550672195 0.7383459942734866 0.6568920176972531 0.7697661645357693 0.7224370829191564 0.8498768145126111
2 0.32326509033802037 0.07296232264769549 0.30504132967119585 0.038792772383059754 0.27462334209291445 0.055015699559445554 0.2928471027597389 0.08918524982408128
2 0.2591931934005463 0.9561286186291873 0.22161646289889758 0.9385145145202658 0.19293941721048993 0.9996921713998435 0.23051614771213866 1.0173062755087652