2 0.9214875281828129 0.6202261934753311 0.8518039879770016 0.5665440578056186 0.8210956785452649 0.6064058048885727 0.8907792187510762 0.6600879405582852
3 0.3302439129754299 0.15229149078675744 0.2425937824378306 0.08303705500489536 0.20005522567815348 0.13687490684460796 0.2877053562157527 0.20612934262647004
2 0.8198169665044942 0.5485505767639536 0.7520786854146437 0.4918806459835889 0.7236649786728125 0.5258439070565957 0.791403259762663 0.5825138378369604
2 0.20788475324195246 0.1143908011370577 0.18021134133561137 0.079770568118601 0.15676213977758435 0.09851450358674604 0.18443555168392545 0.13313473660520272
2 1.024715128818281 0.711977442961374 0.9419848944905549 0.640890725451574 0.9101832370436441 0.6779012762936537 0.9929134713713702 0.7489879938034536
3 0.9214341320063539 0.1626504163834752 0.9153521667808925 0.09217564914930448 0.81852626274623 0.10053171479342274 0.8246082279716914 0.17100648202759344
2 0.308724187216437 0.8233501307943546 0.2708001468338392 0.8078357511124905 0.22705752289993766 0.9147621684444889 0.2649815632825355 0.930276548126353
2 0.21653864796698413 0.7575322197956889 0.1762516665938829 0.7365875668364202 0.12357412858170505 0.8379126638339478 0.1638611099548063 0.8588573167932163
2 0.6457238859012959 0.13998452072059803 0.6428576753783463 0.10881449244520015 0.5994197566739656 0.11280878525063215 0.6022859671969154 0.14397881352603
3 0.24635416586538475 0.9444444447115384 0.18030181730769243 0.9444444447115384 0.18030181730769243 1 0.24635416586538475 1
2 0.7187597241047666 0.6661426592439832 0.6486519661206616 0.5951585524080932 0.6163790651763301 0.6270330216337344 0.6864868231604352 0.6980171284696243
3 0.5364033379907566 0.12481775123121894 0.4387011829884408 0.07254130116703565 0.40135199891301226 0.14234511851246182 0.49905415391532804 0.1946215685766451
2 0.7401381602635566 0.1295497234984303 0.7387544473953435 0.0951107044349592 0.703172006033975 0.09654035845336863 0.7045557189021883 0.13097937751683977
2 0.3760024470097069 0.15189833975745926 0.34527417850347525 0.12597135074042748 0.32498484704489317 0.15001795424157788 0.35571311555112484 0.17594494325860965
2 0.6926157144473142 0.28179257693653675 0.6437050700681352 0.25048976345030344 0.6247367261259634 0.28012779983401487 0.6736473705051425 0.3114306133202482
2 0.6010077253356827 0.2690475432561936 0.5592333779008455 0.2435187780571913 0.5396254672452732 0.275604453404667 0.5813998146801104 0.30113321860366926
2 0.7526818834599138 0.41827320139650853 0.7004353876554326 0.375701982964983 0.6758372844672441 0.405890564414373 0.7280837802717254 0.44846178284589855