0 0.5225361686842693 0.0690894908342411 0.5193024255041357 0.03459628497095005 0.5009739332340082 0.03631458384741758 0.5042076764141418 0.07080778971070863
2 0.8487692527465985 0.43875960354683297 0.7817366896524002 0.3929253706084574 0.7558186905007092 0.4308304429099179 0.8228512535949075 0.47666467584829336
2 0.007812500000000007 0.056045752403846155 6.8636251287175275e-18 0.056045752403846155 8.392766076739756e-18 0.08101851923076923 0.00781250000000001 0.08101851923076923
3 0.9994791658653847 0.5907407403846154 0.9927083341346153 0.5907407403846154 0.9927083341346153 0.6314814807692308 0.9994791658653847 0.6314814807692308
0 0.21797300949094808 0.353263452456659 0.21142295577458542 0.31832983983391777 0.19666404462583148 0.32109713624449376 0.20321409834219414 0.356030748867235
3 0.927006539325433 0.42595665559283796 0.849869650710847 0.3741511414484457 0.8132615125679284 0.4286595836665289 0.8903984011825146 0.4804650978109211
2 0.9860764131147298 0.5524691596297522 0.9247332047521254 0.5028988814063743 0.8967925394007383 0.5374754486129631 0.9581357477633428 0.587045726836341
2 0.3077083341923077 0.23597222056971157 0.27156944470341876 0.18778703690112183 0.24968055522606836 0.20420370479839753 0.2858194447149573 0.25238888846698726
2 0.2515903454890519 0.18912089416230535 0.2174194027577682 0.14789880407118747 0.19436398984344666 0.16701052772711952 0.2285349325747304 0.2082326178182374
3 0.29620255120958516 0.2769342893688621 0.25521836315625046 0.19303399888611822 0.21653281663612886 0.21193137938866585 0.25751700468946354 0.29583166987140985
3 0.26051176275216126 0.30615876689402743 0.21691730898443035 0.1928877052387816 0.16568001073428051 0.212607322916137 0.20927446450201145 0.32587838457138285
3 0.18448316048604196 0.19176650853888152 0.09233781731559053 0.10670926365626104 0.050582402657124985 0.15194429352630295 0.14272774582757644 0.23700153840892343
2 0.8209073700253053 0.5638885388651647 0.7607279228280144 0.5062808551546543 0.7297389616556718 0.5386532477323764 0.7899184088529627 0.5962609314428868
2 0.9141162670009575 0.6461760546003303 0.8482536751352664 0.5739330222373777 0.8125525423353047 0.6064810626758426 0.8784151342009958 0.6787240950387953
2 0.8560975867985596 0.5072303180811885 0.7898794334576649 0.45146767787500564 0.7583769432823625 0.488876895181343 0.8245950966232574 0.5446395353875257
2 1.0247268961786065 0.7261094318273938 0.9398896522487266 0.6632670264993552 0.9097006956068548 0.704022116398378 0.9945379395367347 0.7668645217264166
3 0.08899430430153643 0.1290312503362102 0.04266577400240455 0.08196734880295435 0.01819790949185278 0.10605290408848811 0.06452643979098467 0.15311680562174398
1 0.2087003325448882 0.14966086379979202 0.07626888703200677 0.029635859766973728 0.03445969990988906 0.07576667334967238 0.1668911454227705 0.19579167738249068