0 0.4155472273483513 0.02422812257269251 0.406091733823251 -0.00033999270764793434 0.39267357985931306 0.0048242319989310655 0.4021290733844134 0.02939234727927151
2 0.7112392045060685 0.3349457083855982 0.6557116374895477 0.2938141756802674 0.6291025435484816 0.32973645111908073 0.6846301105650021 0.37086798382441144
2 0.012500000000000008 0.050925925480769234 6.392542805649888e-18 0.050925925480769234 8.376924269479535e-18 0.08333333413461538 0.01250000000000001 0.08333333413461538
3 1.0005120892117922 0.6264010023156594 0.9994791658653848 0.5731481490384616 0.9859425928296967 0.5734107122901644 0.986975516176104 0.6266635655673622
0 0.2652761238662516 0.39104203813962296 0.2583308547535828 0.36017416829329607 0.24375619739151438 0.3634534654430004 0.2507014665041832 0.3943213352893273
3 0.8192706203528434 0.34611498122413004 0.7524346339050717 0.29703734707604834 0.7166738139993842 0.34573793576714285 0.7835098004471559 0.3948155699152245
2 0.8543764561121013 0.04096968176524719 0.8447896975866859 -0.0033424245050580016 0.8215581557578014 0.0016836327156941782 0.8311449142832169 0.045995738985999374
2 0.9125977621892413 0.4914089709101939 0.8536953123375718 0.4438110231483718 0.8259192481123244 0.47818389649768595 0.8848216979639939 0.525781844259508
2 0.39190685768175276 0.296467881323698 0.34780570052482296 0.2549609253765628 0.32385735217661 0.2804060549952848 0.3679585093335398 0.32191301094242003
2 0.2926729373095208 0.21892245277507363 0.25593490361008286 0.18017530180345526 0.2324818258793448 0.20241229054769908 0.2692198595787828 0.24115944151931748
3 0.43828599362210147 0.38579923173875214 0.3667552088420366 0.31217690120695624 0.3295874102801439 0.3482887952542569 0.4011181950602087 0.42191112578605267
3 0.36377256211072184 0.35358265235434366 0.2784805816040572 0.2648235095039142 0.23161173921002817 0.3098615333453321 0.3169037197166929 0.3986206761957616
3 0.21674883827923294 0.22095892324710112 0.1264479599504819 0.1328221197685426 0.08433979717734347 0.17596418906482073 0.17464067550609455 0.26410099254337926
2 0.8224698700253056 0.5638885388651648 0.7622904228280141 0.5062808551546545 0.7313014616556719 0.5386532477323767 0.7914809088529631 0.5962609314428869
2 0.915157932866342 0.6461760546003302 0.849295341000651 0.5739330222373777 0.8135942082006894 0.6064810626758426 0.8794568000663804 0.6787240950387952
2 0.7104519530713742 0.38938008529852414 0.6480154729384984 0.33943089254717146 0.6191762635993915 0.3754798979818034 0.6816127437322674 0.4254290907331561
2 1.0249391059806146 0.7286585976441621 0.9404104859809259 0.6660448026435778 0.9102215273376236 0.7067998952445328 0.9947501473373122 0.769413690245117
3 0.09159847016692105 0.12995717581697946 0.04526994106956321 0.08289327550457334 0.020802076565370024 0.10697883078384789 0.06713060566272787 0.15404273109625402
1 0.24210781655796867 0.1761441890591541 0.10803972116662217 0.05463585976697374 0.06632990405668068 0.10065703190904779 0.2003979994480272 0.22216536120122815