2 0.9214875281828129 0.6202261934753311 0.8518039879770016 0.5665440578056186 0.8210956785452649 0.6064058048885727 0.8907792187510762 0.6600879405582852
3 0.3302439129754299 0.15229149078675744 0.2425937824378306 0.08303705500489536 0.20005522567815348 0.13687490684460796 0.2877053562157527 0.20612934262647004
2 0.8198169665044942 0.5485505767639536 0.7520786854146437 0.4918806459835889 0.7236649786728125 0.5258439070565957 0.791403259762663 0.5825138378369604
2 0.20788475324195246 0.1143908011370577 0.18021134133561137 0.079770568118601 0.15676213977758435 0.09851450358674604 0.18443555168392545 0.13313473660520272
2 1.024715128818281 0.711977442961374 0.9419848944905549 0.640890725451574 0.9101832370436441 0.6779012762936537 0.9929134713713702 0.7489879938034536
3 0.9298080926962461 0.16258026781739124 0.9236707870623444 0.09215468837704571 0.8268271051540051 0.10059422525138963 0.8329644107879068 0.17101980469173517
2 0.308724187216437 0.8233501307943546 0.2708001468338392 0.8078357511124905 0.22705752289993766 0.9147621684444889 0.2649815632825355 0.930276548126353
2 0.21653864796698413 0.7575322197956889 0.1762516665938829 0.7365875668364202 0.12357412858170505 0.8379126638339478 0.1638611099548063 0.8588573167932163
2 0.6457238859012959 0.13998452072059803 0.6428576753783463 0.10881449244520015 0.5994197566739656 0.11280878525063215 0.6022859671969154 0.14397881352603
3 0.24635416586538475 0.9444444447115384 0.18030181730769243 0.9444444447115384 0.18030181730769243 1 0.24635416586538475 1
2 0.7452120554571608 0.6894289415034527 0.6720389425647646 0.6176576081441253 0.6400047056745811 0.6503175117946756 0.7131778185669773 0.7220888451540031
3 0.5250609244217136 0.1162677634921287 0.4289586621250586 0.06484735526108953 0.39187871733425134 0.13414798321838808 0.48798097963090625 0.18556839144942724
2 0.7398958318902712 0.12620370591006777 0.7325674039727507 0.09322576315806338 0.6953921586888476 0.10148692448725728 0.7027205866063682 0.13446486723926165
2 0.3566022745159904 0.1409313182883851 0.33108938582594266 0.1137175640722394 0.3078969592877854 0.1354604589341715 0.33340984797783313 0.1626742131503172
2 0.6786536493763891 0.2713383363395235 0.6307742945248714 0.24069554817384053 0.611301473739622 0.2711218295975754 0.6591808285911397 0.30176461776325836
2 0.5762376250781762 0.2561841093713476 0.5403877903536161 0.22685242333813915 0.5173550939019638 0.2550034938261379 0.553204928626524 0.2843351798593463
2 0.7272702993701163 0.39445335048948177 0.6733173096445442 0.35848468548464535 0.6515224360242665 0.3911769911998246 0.7054754257498387 0.42714565620466105