2 0.6254466469560976 0.3880948393779712 0.5657038158096661 0.35448950849072214 0.5445443862419513 0.3921062851878518 0.6042872173883828 0.42571161607510083
2 0.80428520066313 0.519549807907825 0.7459626438992042 0.4677075352287799 0.7142385055702918 0.5033971908488064 0.7725610623342175 0.5552394635278516
2 0.8217111278394754 0.45785120141235036 0.7701812760821067 0.41986713667839176 0.7454808711344861 0.4533761414205814 0.7970107228918549 0.49136020615454
2 0.8515955598668743 0.3821147060737101 0.8051291419469814 0.35047799959273 0.7829504542173318 0.3830529508943223 0.8294168721372247 0.4146896573753024
2 0.960134406510979 0.648652057445919 0.8792825729563133 0.5791020938744316 0.8479774286257786 0.6154943245650427 0.9288292621804444 0.6850442881365301
2 0.928281792610278 0.15339567264633416 0.9270548391427247 0.11957775356185624 0.8781439608590637 0.12135229715696337 0.879370914326617 0.15517021624144126
2 0.6437115293624274 0.1358361572517146 0.6426359549124598 0.10135053487000359 0.598495711160188 0.10272722797038568 0.5995712856101555 0.13721285035209668
2 0.7007151151192516 0.1307760595613754 0.697477009683162 0.09623624333456454 0.6609060742445829 0.09966476605943711 0.6641441796806725 0.13420458228624796
3 0.41892700837237723 0.21626120579521915 0.3306753804714131 0.14534471514387037 0.287028213415762 0.19966118668028698 0.37527984131672615 0.27057767733163574
2 0.2425369884856451 0.13290348803358443 0.21303462800836767 0.10353225419349749 0.1929977919415472 0.12365854387155142 0.22250015241882462 0.15302977771163837
2 0.22276471435842 0.7294092603075527 0.18078564429936617 0.7087476856985643 0.13104159364523282 0.809814958011999 0.17302066370428665 0.8304765326209874
2 0.30606416118896895 0.8127666747035941 0.26804478062545434 0.7968800059299874 0.2239513201235886 0.9024028237763465 0.2619707006871032 0.9182894925499532
3 0.2428085549654812 0.9387097591391627 0.177076066741294 0.9348848081889505 0.1732870360576924 1 0.2390195242818796 1.0038249509502122