3 0.9555996315323099 0.4867299935136663 0.8905196454575979 0.3324663218909873 0.802312391303794 0.36967875701349107 0.8673923773785059 0.52394242863617
1 0.22548512739916765 0.16807029544341717 0.09915611921817072 0.06479402765908449 0.06102688486779934 0.1114342525773783 0.18735589304879627 0.21471052036171095
1 0.2413653075988164 0.24761079968419042 0.11451986266941715 0.12203380861132662 0.06891915766279062 0.16809512658241593 0.19576460259218986 0.29367211765527973
2 1.0289840890349962 0.7231699515109997 0.9493451551711399 0.6557507473862021 0.9162515438267514 0.6948425752916955 0.9958904776906077 0.7622617794164932
2 0.5266311665923994 0.5242944160681031 0.5161777292703108 0.4437642227232959 0.48930678631562124 0.4472522774055883 0.49976022363770994 0.5277824707503955
2 0.8288671685896496 0.5519924207523306 0.7588108288421054 0.5003519744237732 0.7312628660336323 0.5377240263534611 0.8013192057811765 0.5893644726820184
0 0.1812766853734661 0.3196341950537064 0.17636411517145437 0.2847003871948664 0.1634680961643295 0.28651389114940157 0.1683806663663413 0.32144769900824155
2 0.4519411642552893 0.23350105056155301 0.44256617078649446 0.1835010493369529 0.41891837166006063 0.18793500847559017 0.42829336512885546 0.23793500970019027
3 0.33880180990439973 0.15045143514005657 0.25821586194653895 0.08056659691247202 0.2132685848486119 0.1323964218777303 0.29385453280647267 0.2022812601053149
2 0.27297992392926385 0.24752161276213883 0.2292363732015707 0.211230670961254 0.20563686460490696 0.23967651034207768 0.2493804153326001 0.2759674521429625
2 0.6586631800211312 0.6808770482295852 0.5957798197165455 0.6342967795457507 0.5663289777209292 0.6740554147106544 0.6292123380255148 0.720635683394489
2 0.3005430692655138 0.22625339298055122 0.25845418087123717 0.19062258662027182 0.2372760095075489 0.21563930058144726 0.27936489790182556 0.2512701069417267
3 0.10222397377212698 0.16599076743379088 0.06301619587863498 0.09628805312448935 0.028199183128960827 0.11587262334289673 0.06740696102245283 0.18557533765219825
2 0.9303948699718447 0.6337967327456485 0.8614402716512899 0.5765899558619659 0.8288316944374198 0.6158949379999925 0.8977862927579745 0.673101714883675
2 0.0955818958388594 0.10068646304708226 0.06730603390251991 0.06887611836870029 0.047467672148541126 0.08651021770557031 0.07574353408488062 0.11832056238395226
3 1 0.45370370432692325 0.9614583341346153 0.45370370432692325 0.9614583341346153 0.5578431370192309 1 0.5578431370192309
2 0.13927495147701952 0.04842283100294366 0.11448736140332126 0.016374231744096836 0.09399725867570259 0.032222046585488856 0.11878484874940085 0.06427064584433569
2 0.028645834134615387 1.7540514540931363e-18 0 0 1.3607186003001146e-18 0.02222222115384615 0.028645834134615387 0.02222222115384615