2 0.9268120170217075 0.6297630648699621 0.8586360516544354 0.5769816749469816 0.8271895103440426 0.6176001261553759 0.8953654757113149 0.6703815160783564
3 0.3381025334219844 0.15588235540777798 0.2492634641349675 0.08819543896645611 0.20775222353244324 0.1426789370184713 0.2965912928194601 0.21036585345979322
2 0.8267137186858267 0.557656962840067 0.759630565447202 0.4999510252146411 0.7305847083032778 0.5337168345214902 0.7976678615419026 0.5914227721469162
2 0.2162180873765678 0.11994635642551922 0.18854467547022674 0.08532612340706251 0.16509547391219973 0.10407005887520755 0.1927688858185408 0.13869029189366427
2 1.0263253172830409 0.719237917842328 0.9489856961976704 0.6518945734855728 0.9169423664956791 0.6886943344884877 0.9942819875810497 0.756037678845243
3 0.8054710671456706 0.29490328202731503 0.6966678999769939 0.2337015063797206 0.6497759010803487 0.3170650679894829 0.7585790682490254 0.3782668436370774
3 1.0057705957362402 0.4348457696253712 0.8675254224388577 0.3714214587741212 0.8373791405755966 0.4371309304975515 0.9756243138729791 0.5005552413488015
2 0.6648407309835398 0.5527163993718307 0.6083500868739118 0.4901273299450101 0.5766251017793845 0.5187611610399684 0.6331157458890124 0.581350230466789
2 0.6027888213568715 0.5656421978325693 0.5489092753828916 0.5149320416484481 0.51960584248775 0.5460669420052251 0.5734853884617299 0.5967770981893463
1 0.4504422070711169 0.4470855657804829 0.28443170117196687 0.2949450149159699 0.23280338535117912 0.3512800470913347 0.3988138912503292 0.5034205979558477
2 0.4283792468271662 0.33766140155309965 0.3725766949648352 0.29004322403259064 0.3457116031434033 0.3215257535562387 0.4015141550057343 0.3691439310767477
3 0.23062065566997555 0.2763402389132217 0.17092388832736974 0.216355082258281 0.13833570044935845 0.24878659662543628 0.19803246779196426 0.308771753280377
2 0.19201217301383944 0.19472048961723532 0.16001876058113146 0.1623271523652073 0.13952121060503606 0.1825716416916106 0.17151462303774398 0.21496497894363864
1 0.35911053300868284 0.2903740106641733 0.21513849861688622 0.17203140626387284 0.16955170101065 0.2274909259020958 0.3135237354024466 0.3458335303023962
0 0.3466783245256445 0.5101043139746645 0.3447497939301061 0.47753354783054613 0.3304905759034457 0.4783778429297522 0.33241910649898415 0.5109486090738706
2 0.3149741883851366 0.827053833604122 0.27814528183176507 0.81198746260968 0.23440265565193455 0.9189138812257054 0.27123156220530603 0.9339802522201475
2 0.3366123290414385 0.08952497087950587 0.30008176594325986 0.06066131122901831 0.2805140301236866 0.08542672270840904 0.31704459322186523 0.1142903823588966
2 0.3124143172548925 0.23816222513305746 0.2842362538427171 0.21669323947816016 0.28015527072244 0.22204953357587195 0.3083333341346154 0.24351851923076925
2 0.22174698159012565 0.7621618505871998 0.18145999832465212 0.7412171966441126 0.12890411297972254 0.8423082950765195 0.16919109624519607 0.8632529490196066
2 0.11456600815770249 0.18782844427656378 0.08627438609756058 0.14960331919725445 0.0601867608435476 0.16891159438541464 0.0884783829036895 0.20713671946472398
3 1.058444963722679 0.5409240198683856 0.8845486149724185 0.40567129302653415 0.8252524035346144 0.4819092728775024 0.9991487522848748 0.6171619997193538
2 1 0.5935185192307694 0.9479166658653846 0.5935185192307694 0.9479166658653846 0.6768518509615385 1 0.6768518509615385