2 0.9282509567941416 0.6328525534288512 0.8582834890570695 0.5815183962563062 0.8288072359707581 0.6216939616190367 0.8987747037078301 0.6730281187915819
3 0.34222307805635216 0.15784704135387323 0.2545729402504413 0.08859261481207609 0.21203439282310416 0.14243046648815788 0.299684530629015 0.21168489302995505
2 0.8286440288666422 0.5611130297062078 0.764425958255546 0.5009086041383048 0.7341324496202433 0.5332216884049352 0.7983505202313393 0.5934261139728382
2 0.22246808737656787 0.11902043094474998 0.19479467547022675 0.08440019792629326 0.17134547391219973 0.10314413339443834 0.19901888581854085 0.13776436641289505
2 1.0275176255380862 0.7240365950421139 0.9528601160423248 0.6561996417924048 0.9200580903670375 0.6922996938439534 0.9947155998627988 0.7601366470936627
3 0.9830973280827364 0.420044514612547 0.8552414668510687 0.34055517420181236 0.8008936037314991 0.4279718367297478 0.9287494649631667 0.5074611771404824
3 1 0.4620370360576924 0.9666666658653846 0.4620370360576924 0.9666666658653846 0.5569444447115386 1 0.5569444447115386
2 0.298694095842418 0.2347680168867678 0.25982361409484833 0.19468282785425411 0.23571303055518317 0.2180627848912944 0.2745835123027528 0.25814797392380806
2 0.2692569438545788 0.2636388879092033 0.23592361037930407 0.2191944451070054 0.20847916688956036 0.2397777785725274 0.24181250036483512 0.2842222213747253
1 0.23957920981030767 0.2524733537046498 0.11312642710509516 0.12893232083416473 0.06900262968917664 0.1740960760426333 0.19545541239438918 0.2976371089131184
2 0.18604479955537645 0.12918392563970355 0.15315848445952226 0.10149018682184154 0.1473958341346154 0.10833333413461538 0.18028214923046962 0.13602707295247737
3 0.10366273318966572 0.17002705667208243 0.06257153054522417 0.10428110588972919 0.028405902343334306 0.12563461489237523 0.06949710498777587 0.19138056567472847
2 0.09268696555233073 0.13510129286354328 0.09050602600926311 0.09503662483211431 0.07335255368387605 0.0959703823779401 0.07553349322694367 0.13603505040936906
1 0.2358289409636508 0.1852190406582541 0.10931513220963537 0.08121282510372038 0.07726510712478266 0.12019867534860706 0.2037789158787981 0.22420489090314077
2 0.2993811088708769 0.8587066248377396 0.2619079448143148 0.8429718547383115 0.2167813318208212 0.950443203943702 0.2542544958773833 0.96617797404313
2 1.014810525875088 0.6173151571439364 0.9343962870631669 0.5594509442815402 0.9061763558139094 0.5986683496255003 0.9865905946258304 0.6565325624878965
2 0.017708334134615387 1.0843227358094273e-18 0 0 1.6442016665614928e-18 0.026851850961538463 0.017708334134615387 0.026851850961538463