2 0.9258905598814227 0.6278106649745788 0.8568894065879203 0.5735146768671064 0.8259295178343357 0.612859536483758 0.894930671127838 0.6671555245912304
3 0.33601919812855646 0.15495642904410406 0.24718013000035216 0.08726951348568693 0.2057326548778793 0.14166931935318197 0.2945717230060836 0.2093562349115991
2 0.8247496962518777 0.5526066815585965 0.7570049710549871 0.4982166599691754 0.7293003178317974 0.5327238005150651 0.7970450430286881 0.5871138221044861
2 0.21413475187925018 0.11716857935915878 0.18646134347650298 0.08254834599330153 0.1630121399755757 0.1012922804533234 0.1906855483783229 0.13591251381918065
2 1.0260604194807004 0.7176085944309466 0.9470741486896197 0.6502069778557907 0.9153261578083562 0.6874116553136985 0.994312428599437 0.7548132718888543
3 0.6796589429368246 0.21403964929003919 0.5811316170160546 0.1467419472771569 0.5325391596742298 0.21788382491352282 0.6310664855949999 0.2851815269264051
3 0.9146668034558824 0.423749455214932 0.8128954247794113 0.29849237376696863 0.7693224401640273 0.3338954237669685 0.8710938188404983 0.4591525052149319
2 1.0263343325458363 0.9728427202149252 0.9394451354583135 0.8885865270743625 0.9015001374931859 0.9277173052852568 0.9883893345807088 1.0119734984258195
1 0.6337685337440659 0.6435518827567814 0.43750000000000006 0.4435185192307693 0.37676630088791746 0.5031091488310742 0.5730348346319835 0.7031425123570864
2 0.6893354872069577 0.5608908057879943 0.621875 0.5009259254807694 0.5887715508419317 0.5381673040509017 0.6562320380488894 0.5981321843581268
3 0.2512797527722518 0.3711200652553401 0.2184110969089778 0.369103124991554 0.21110117554677701 0.48822776837130466 0.24396983141005102 0.49024470863509073
2 0.28392898410341794 0.27696388424111595 0.2494238104122784 0.2416744963193864 0.2256168201303687 0.2649524385881087 0.26012199382150825 0.3002418265098382
1 0.47292322767229056 0.39246230344869193 0.3156086411366795 0.254615295343137 0.2639362450646943 0.3135851760469976 0.42125083160030535 0.4514321841525525
0 0.4724982991814291 0.6597268334216951 0.46655156849771096 0.6110957778457035 0.44649370300156715 0.6135485052805301 0.4524404336852853 0.6621795608565216
2 0.31341168838513656 0.8252019826425836 0.27658278098935524 0.8101356113035195 0.23284015565193455 0.9170620278603211 0.2696690630477158 0.9321283991993852
2 0.5136069954938847 0.4121525438290118 0.46620575112984847 0.36771386698265407 0.440600816942259 0.39502579047999986 0.48800206130629525 0.4394644673263576
2 0.22018448140036184 0.7612359220526905 0.17989749878718314 0.7402912692725944 0.12734161399910657 0.841382370610382 0.16762859661228527 0.8623270233904781
2 0.20314228599091627 0.27310972502773073 0.17308571319513952 0.22888855545116138 0.1447784254356513 0.24812866292323663 0.17483499823142806 0.29234983249980595
3 0.9089242166364838 0.41903702089183575 0.7208152596579852 0.29590479829051236 0.6678087811497401 0.37688273545951173 0.8559177381282387 0.5000149580608351
2 0.61467076497531 0.31663286553316716 0.5637420887516427 0.27639293011306904 0.5366675560854746 0.3106591408727834 0.5875962323091419 0.35089907629288153
2 0.09907254811121698 0.179692707894515 0.06696736145943065 0.13593452391040659 0.0443858683426896 0.1525024658444752 0.07649105499447593 0.1962606498285836
2 0.8628481137457121 0.10163764517870323 0.8189355389638029 0.09700624083500645 0.81565340492414 0.12812573413882397 0.8595659797060493 0.13275713848252074
3 0.24635416586538475 0.9555555552884616 0.18754006490384628 0.9555555552884616 0.18754006490384628 1 0.24635416586538475 1