2 0.9298074648648177 0.47984309692354876 0.863436972733812 0.41866206251804206 0.8305043414748889 0.4543880839078819 0.8968748336058947 0.5155691183133886
0 0.18964884456150494 0.3145361065276581 0.18285454087104863 0.27484875517208185 0.1719864687836678 0.27670932232431794 0.1787807724741241 0.31639667367989416
2 0.2529563995463159 0.9364703560865775 0.2139798953964299 0.9169690766942047 0.17314355319520064 0.998587201805263 0.2121200573450866 1.0180884811976356
2 0.1871033180039114 0.7992638877576774 0.1402711428386225 0.7764726684808431 0.07491666733679975 0.9107652750921944 0.12174884250208866 0.9335564943690287
2 0.4562907785394326 0.2790127799102765 0.4315393237162388 0.2749178693823376 0.42158384667024296 0.3350931866856279 0.44633530149343675 0.3391880972135669
2 0.29713796792146013 0.20132534235766078 0.2562074411775017 0.15974512642647587 0.232070223595772 0.1835052009626155 0.2730007503397304 0.22508541689380035
2 0.24480882527171294 0.1585221481248778 0.20648873823903222 0.11972305861860681 0.18887001597669784 0.13712426516981105 0.22719010300937856 0.17592335467608206
3 0.2509816720488516 0.21550943655429064 0.2022044487500276 0.13498828765164214 0.17178171811853865 0.15341743757803245 0.22055894141736265 0.23393858648068094
3 0.2337928737067534 0.2624056822752149 0.18891542330833408 0.14989241730257127 0.1384089423675728 0.17003761612662835 0.18328639276599215 0.28255088109927196
3 0.174032370640802 0.16666631449177416 0.08380371739196842 0.08029358540901625 0.04139402920023713 0.12459656264360675 0.1316226824490707 0.21096929172636464
2 0.818824036536401 0.5351848261339923 0.7597030656154858 0.478590405348653 0.7287141131855677 0.5109628005433648 0.7878350841064828 0.5675572213287041
2 0.911512098626026 0.6156204991959284 0.8456495068660355 0.5433774669489163 0.8099483753788176 0.575925506190578 0.8758109671388081 0.6481685384375901
2 0.8862328291635934 0.5030450336831228 0.8200605437453746 0.4472121893356715 0.7869307387846156 0.48647715846514294 0.8531030242028343 0.5423100028125942
2 1.023917932151197 0.6967997495327135 0.9338228380012737 0.6395965066656141 0.9059901916576414 0.6834329181536299 0.9960852858075646 0.7406361610207294
3 0.07890725335454116 0.1054222579161696 0.03195539769405774 0.05920403785641229 0.007096376583922388 0.08445765362774439 0.054048232244405796 0.13067587368750172
1 0.12299760057815781 0.055362254381862604 0.021424360928227717 -0.02625912043477295 -0.01926947220244523 0.024382080771919595 0.08230376744748488 0.10600345558855516
3 0.4583700891446897 0.13637339893516848 0.4138461751641466 0.06402201624076752 0.3670831865221943 0.09279923108076155 0.4116071005027374 0.1651506137751625
2 0.32159025829574434 0.5768251355775371 0.28246994289083377 0.557963559858548 0.24269836279322396 0.6404527845527371 0.2818186781981345 0.6593143602717262