2 0.9291024575324062 0.6364515344342352 0.8591258918140835 0.5842826229657004 0.8283107590030785 0.6256163810520411 0.898287324721401 0.6777852925205757
3 0.3412275322631718 0.15958605885179628 0.2523884641349675 0.0918991432933792 0.21087722353244326 0.1463826413453944 0.2997162916606476 0.21406955690381146
2 0.8290794371658616 0.5568034483606233 0.75747361031245 0.508130212740422 0.7316318779144935 0.5461473815623007 0.8032377047679051 0.594820617182502
2 0.2209055860138656 0.12087228368608184 0.1932321764387227 0.08625204885352365 0.16978297411019108 0.10499598237640033 0.19745638368533397 0.13961621720895853
2 1.0275176255380862 0.7286662248498063 0.9528601160423248 0.660829271600097 0.9200580903670375 0.6969293236516457 0.9947155998627988 0.764766276901355
3 0.9794514939481209 0.4209704400933156 0.8515956327164532 0.341481099682582 0.7972477695968839 0.42889776221051795 0.9251036308285516 0.5083871026212516
3 1 0.46388888942307704 0.9635416658653846 0.46388888942307704 0.9635416658653846 0.5615740745192309 1 0.5615740745192309
2 0.2997357635619084 0.24124949421655761 0.2608652774861622 0.20116430913009212 0.23675469632500473 0.2245442687655874 0.27562518240075096 0.2646294538520529
2 0.2753611113576921 0.2761759276973902 0.2416527805928572 0.2312314811212914 0.21420833413901105 0.25181481341703293 0.24791666490384595 0.29675925999313174
1 0.245054025320351 0.2629188864232953 0.11760544036941031 0.13840498102806084 0.07312738229347118 0.1839313464982516 0.20057596724441187 0.3084452518934861
2 0.23522688546156656 0.1905998101509196 0.203123279444161 0.13775437160223872 0.18612555984797904 0.14808048693208833 0.2182291658653846 0.2009259254807692
3 0.10329040804822703 0.1722723024878287 0.05914296732511838 0.10948480135275453 0.025945773837369016 0.13282656691404218 0.07009321456047767 0.19561406804911635
2 0.09538997309174514 0.14721165664327474 0.08943085225661568 0.10351142916376375 0.07342482304638556 0.10569406910995381 0.07938394388151501 0.1493942965894648
1 0.2363497736389576 0.18892273979187882 0.10997939367419618 0.08503444229615842 0.07453979205559666 0.1281433971091554 0.20091017202035807 0.23203169460487577
0 0.20007356633116039 0.31614351932058554 0.18564534830055932 0.3141145515014451 0.1811966319793852 0.34574987288637843 0.19562485000998628 0.34777884070551884
2 0.31612500007909533 0.8312222214711689 0.27854296154930924 0.8153672990616975 0.2341410836434456 0.9206161954710647 0.2717231221732317 0.9364711178805363
2 0.8287161624627574 0.4809009826527574 0.7619649957073482 0.43169686983979666 0.736444838905335 0.46631796439729606 0.8031960056607441 0.5155220772102568
2 0.16411524727188775 0.12084857336671519 0.14139899149142196 0.10631016916396467 0.13874207835414962 0.11046159579724951 0.16145833413461538 0.125
2 0.2242514925075911 0.7661188279931219 0.1835752650942948 0.744920831132273 0.1315664788912486 0.8447189973916435 0.17224270630454488 0.8659169942524925
2 0.033752990225045784 0.11501863962917769 0.006248718712173606 0.07981317595176193 -0.01439757117069072 0.09594309169083651 0.013106700342181456 0.13114855536825226