2 0.891293967174618 0.44659967970790265 0.8209716336913325 0.40045063599814845 0.7940853701752127 0.44142016942968176 0.8644077036584981 0.48756921313943596
0 0.18912801008186042 0.3145361067704893 0.18233371083117086 0.27484875518130303 0.17146563549262586 0.27670932166337675 0.17825993474331542 0.31639667325256304
2 0.48138191177038325 0.6893511596849515 0.45849462201355284 0.6314177548373923 0.3899044763822179 0.6585151184682423 0.41279176613904833 0.7164485233158016
2 0.3702950339233839 0.5030919007364061 0.3355181690568918 0.48039999668187827 0.2832430964711015 0.560515051409485 0.31801996133759364 0.5832069554640127
2 0.4087427873991513 0.12642397631857033 0.3800319738460789 0.09150088016525926 0.3561972962411412 0.11109573457933661 0.3849081097942136 0.14601883073264765
2 0.2971379643573732 0.2041031304625884 0.2562074501759459 0.16252290030617503 0.23207022408512756 0.1862829677972439 0.27300073826655485 0.22786319795365728
2 0.243847898911375 0.16279788062754183 0.20558767889566051 0.12393033190736737 0.18931985678312596 0.13994395956583122 0.22758007679884046 0.17881150828600567
3 0.2509816743023356 0.21921313466223735 0.2022044455193709 0.13869199278680885 0.17257306234522896 0.15664177246674488 0.22135029112819365 0.23716291434217338
3 0.23327203874493302 0.26425753356669535 0.18864172857878522 0.15236387942737897 0.13813524971192817 0.1725090774242311 0.182765559878076 0.28440273156354745
3 0.17455320237157118 0.16759223997254338 0.0843245515778991 0.08121951324002546 0.04191486453563017 0.1255224892738383 0.13214351532930227 0.21189521600635622
2 0.818824036536401 0.5407403814224538 0.7597030656154858 0.4841459606371145 0.7287141131855677 0.5165183558318263 0.7878350841064827 0.5731127766171656
2 0.9104704328663421 0.62117605460033 0.844607841000651 0.5489330222373778 0.8089067082006896 0.5814810626758427 0.8747693000663807 0.6537240950387949
2 0.8841494931378121 0.5058228234691176 0.8179772190932949 0.4499899645597831 0.7848474046913392 0.4892549278891764 0.8510196787358564 0.5450877867985109
2 1.0225224559904993 0.6920536861791504 0.9313259569120534 0.6444964011495086 0.9053549818831705 0.694298697449889 0.9965514809616164 0.7418559824795309
3 0.07942808392678759 0.10727411580701157 0.0324762357711349 0.0610558881361188 0.007617212306603436 0.08630949810393569 0.05456906046225612 0.13252772577482846
1 0.15018635412194165 0.08435190204061524 0.024794222312586375 -0.025004763182478833 -0.018692179283140632 0.024858247816272962 0.10669995252621461 0.13421491303936703
3 0.2854166658653846 3.1560168503962205e-17 0.22916666586538462 2.8115849381360274e-17 0.22916666586538462 0.03796296394230772 0.2854166658653846 0.03796296394230773
2 0.4636878478458006 0.3383325629572042 0.4331091925716093 0.32457216683630974 0.4059511425057983 0.384923383733377 0.43652979777998957 0.39868377985427156