0 0.5746195028188847 0.09408949083424109 0.5713857596178076 0.05959628474755257 0.5530572673476799 0.061314583624020105 0.5562910105487571 0.09580778971070861
2 0.8802617770801007 0.45957463359526957 0.8112742873889724 0.41430161120911657 0.7847787490107313 0.45467578073416387 0.8537662387018595 0.49994880312031686
2 0.005208334134615392 0.05567129567307692 6.8177674050419545e-18 0.05567129567307692 8.098026857831214e-18 0.07657951923076924 0.005208334134615393 0.07657951923076924
0 0.19838933437489462 0.33959676130569905 0.1945677036611921 0.30392818005048583 0.18267545265765184 0.30520234880323227 0.18649708337135437 0.34087093005844543
3 0.978362462047407 0.4603894484376691 0.8972085773888788 0.40723602889557914 0.8604649296652054 0.46333570742970137 0.9416188143237336 0.5164891269717914
2 0.9865972455677533 0.5515432232071047 0.925254030959707 0.5019729607356185 0.8973133742849709 0.5365495317125019 0.9586565888930173 0.5861197941839881
2 0.3033373794046126 0.22486792056304178 0.2623508366202347 0.18205162199249722 0.23747041853761955 0.20586877467224474 0.27845696132199743 0.24868507324278927
2 0.2516459369161328 0.16848314784813795 0.20750880835044766 0.14460219042403194 0.19273197173598364 0.17191295212692614 0.2368691003016688 0.19579390955103218
3 0.26495255215761426 0.24915651246345477 0.2228728634005838 0.1630135808151834 0.1881156263844417 0.1799920338084645 0.23019531514147218 0.2661349654567359
3 0.24332426295436108 0.28764024719118475 0.19986419666753616 0.17471836841437657 0.14862689933055315 0.1944379866384436 0.19208696561737806 0.3073598654152518
3 0.1818789935542879 0.188062803403667 0.08973364711834764 0.10300556305620844 0.0479782350386347 0.1482405941475452 0.140123581474575 0.23329783449500377
2 0.8219490365364011 0.5611107516147616 0.7617695824885663 0.5035030822554231 0.7307806288578705 0.5358754787045188 0.7909600829057053 0.5934831480638574
2 0.9141162664247046 0.6443242003702884 0.8482536737199068 0.5720811717757908 0.8125525434722409 0.6046292119998693 0.8784151361770387 0.6768722405943669
2 0.8821392538483354 0.5276006892708778 0.8159210993230496 0.4718380480673134 0.7844186101451289 0.5092472641892598 0.8506367646704145 0.5650099053928243
2 1.0225051777555103 0.7091941698712406 0.9353927129842501 0.6663185085859141 0.9102826261746217 0.717335833731069 0.9973950909458821 0.7602114950163956
3 0.08743180550331048 0.12625347271090612 0.041103275204178585 0.07918957117765026 0.01663540949185279 0.1032751276461804 0.0629639397909847 0.15033902917943626
1 0.20135868799010198 0.13716184941200035 0.06529847784149745 0.02365165937071271 0.027365126570237562 0.06912087886308725 0.1634253367188421 0.1826310689043749