2 0.9239548319510088 0.614349140524039 0.8561430340401331 0.5618496827741934 0.8252025288204633 0.6018145010245841 0.893014326731339 0.6543139587744297
3 0.3302439121909674 0.14951370721925772 0.2425937743850565 0.08025928067746078 0.20005522486447638 0.13409713500280354 0.28770536267038727 0.20335156154460046
2 0.8240854909316224 0.5432536483623998 0.7567579406901905 0.4873967032136856 0.7283657218391629 0.5216194580755721 0.7956932720805947 0.5774764032242863
2 0.20840558601386555 0.11068709858992803 0.18073217643872266 0.07606686375736985 0.1572829741101911 0.0948107972802465 0.18495638368533399 0.12943103211280468
2 1.0257906945938493 0.7042442276993304 0.9466723953986219 0.6362610952130558 0.9148707369890109 0.6732716452265317 0.9939890361842382 0.7412547777128062
2 0.31132835630974515 0.8205723536773011 0.27340431373404467 0.8050579724879902 0.22966168839662385 0.9119843890447916 0.2675857309723243 0.9274987702341027
2 0.22174698159012568 0.7482729611641228 0.18145999930847065 0.7273283077325094 0.1287824618077667 0.8286534037462184 0.16906944408942173 0.8495980571778318
2 0.6457238859012961 0.136280816393675 0.6428576753783464 0.1051107881182771 0.5994197566739656 0.10910508092370902 0.6022859671969154 0.14027510919910693
3 0.24843750000000012 0.9416666658653846 0.1811431634615386 0.9416666658653846 0.1811431634615386 1 0.24843750000000012 1
2 0.7078308820701357 0.12950980345022628 0.7008210781108596 0.09796568563348416 0.6635416672794119 0.10624999915158373 0.670551471238688 0.13779411696832583
2 0.37827072572337894 0.06898936569032704 0.33800592053749895 0.04853739546256171 0.324653891554437 0.07482419521104511 0.3649186967403171 0.09527616543881044
2 0.26194670993673747 0.066643587135236 0.22820357754279016 0.04264847042012347 0.21132372666941088 0.06638576036844844 0.24506685906335812 0.09038087708356096
2 0.7738963532624269 0.3097957398652931 0.7357100410884733 0.2600121036884953 0.7117728594038434 0.2783730102548167 0.7499591715777972 0.32815664643161446
2 0.5558273873338851 0.22321798559609715 0.5109364635464076 0.19129557116124474 0.4881093192547716 0.2233962631929477 0.5330002430422491 0.2553186776278001
2 0.6961718851261753 0.31742447295096193 0.6463332160158929 0.28478159816702847 0.6238849680508848 0.31905525849379196 0.6737236371611672 0.3516981332777255