2 0.9235066274289296 0.6149280713506924 0.8558173844744091 0.5625234948597341 0.8248768792547393 0.6024883131101249 0.8925661222092598 0.654892889601083
3 0.33076474632558284 0.14951370721925772 0.24311460851967193 0.08025928067746078 0.2005760589990918 0.13409713500280354 0.2882261968050027 0.20335156154460046
2 0.8240854909316224 0.5432536483623998 0.7567579406901905 0.4873967032136856 0.7283657218391629 0.5216194580755721 0.7956932720805947 0.5774764032242863
2 0.20840558601386555 0.11068709858992803 0.18073217643872266 0.07606686375736985 0.1572829741101911 0.0948107972802465 0.18495638368533399 0.12943103211280468
2 1.0257906945938493 0.7042442276993304 0.9466723953986219 0.6362610952130558 0.9148707369890109 0.6732716452265317 0.9939890361842382 0.7412547777128062
2 0.31132835630974515 0.8205723536773011 0.27340431373404467 0.8050579724879902 0.22966168839662385 0.9119843890447916 0.2675857309723243 0.9274987702341027
2 0.22070531346735858 0.7501248098917739 0.18041833244039085 0.7291801586971706 0.12774079777429467 0.8305052569249831 0.1680277788012624 0.8514499081195864
2 0.6457238844863104 0.13720674506282446 0.6428576761791711 0.1060367139103018 0.5994197580134375 0.11003100320960482 0.6022859663205767 0.1412010343621275
3 0.24843750000000012 0.9416666658653846 0.1811431634615386 0.9416666658653846 0.1811431634615386 1 0.24843750000000012 1
3 0.29105191346153847 3.129609373437732e-17 0.22005208413461538 2.6948608048116082e-17 0.22005208413461538 0.03518518509615388 0.29105191346153847 0.03518518509615388
2 0.7119975479355202 0.12950980345022625 0.7049877439762443 0.09796568563348416 0.6677083331447963 0.10624999915158372 0.6747181371040724 0.13779411696832577
2 0.44945374865916754 0.1132329761325263 0.4068837018510195 0.09349034931906647 0.39408431778475833 0.12108902623093151 0.43665436459290635 0.14083165304439135
2 0.23020027757063247 0.026091937861639564 0.2130926980458733 -0.0015742283733157952 0.18721310328607702 0.014428611400789574 0.20432068281083618 0.042094777635744936
2 0.3599507392001178 0.13227454835201052 0.32258231997144626 0.10811719466187007 0.305427541598023 0.13465350150472866 0.3427959608266945 0.1588108551948691
2 0.8251364926523214 0.3595372773099317 0.7732449760092558 0.31210520708626766 0.7473621319061228 0.3404214924437117 0.7992536485491883 0.38785356266737586
2 0.6872393514305559 0.31106935551423176 0.6357608137397158 0.2756778692046661 0.6114612486032468 0.3110226995632219 0.6629397862940869 0.34641418587278755
2 0.8726158918445139 0.4463644199432795 0.8136501411703597 0.4078561776654643 0.7900848539814387 0.44394052654127064 0.849050604655593 0.4824487688190859