2 0.9273767536040449 0.6330277910930087 0.8583848939410661 0.5804625646831201 0.8285427133318618 0.6196304267327007 0.8975345729948406 0.6721956531425892
3 0.34222307884081454 0.15692112059444976 0.25457294830321536 0.0876666848125876 0.2120343924674525 0.1415045354829712 0.2996845230050517 0.2107589712648334
2 0.8278379918878682 0.558673491880788 0.7612093563494654 0.502455577942477 0.7329765050075111 0.5359167334797879 0.7996051405459139 0.5921346474180988
2 0.21569725324195246 0.11439080113705773 0.18802384133561137 0.07977056811860098 0.16457463977758435 0.09851450358674606 0.19224805168392545 0.13313473660520275
2 1.0259551257351487 0.7240365934821145 0.9512976153455287 0.6561996420768289 0.9184955903556192 0.6922996947878346 0.9931531007452392 0.7601366461931202
3 0.9825764919793664 0.4191185812468421 0.8547206292899063 0.3396292507911793 0.8003727693370132 0.427045920170209 0.9282286320264733 0.5065352506258718
3 1 0.4611111105769232 0.9651041658653846 0.4611111105769232 0.9651041658653846 0.5574074062500002 1 0.5574074062500002
2 0.298694095842418 0.2347680168867678 0.25982361409484833 0.19468282785425411 0.23571303055518317 0.2180627848912944 0.2745835123027528 0.25814797392380806
2 0.2692569450084249 0.26456481492843403 0.23592361037930404 0.22012037058777473 0.20847916688956045 0.2407037040532967 0.24181250151868133 0.28514814839395597
1 0.23957920981030767 0.2524733537046498 0.11312642710509516 0.12893232083416473 0.06900262968917664 0.1740960760426333 0.19545541239438918 0.2976371089131184
2 0.1605432010372742 0.10459376221897197 0.12794341925132077 0.07975583119211581 0.12156688407943114 0.08812503291545155 0.1541666658653846 0.11296296394230773
3 0.10418357236767553 0.1700270478059515 0.06309235742874765 0.1042811076967014 0.02892673251574452 0.1256346244992618 0.07001794745467241 0.19138056460851188
2 0.09265799607175944 0.1350007399487876 0.08884483621942141 0.09297123084275424 0.07108110596047262 0.09458285906520861 0.07489426581281064 0.13661236817124195
1 0.23506393053398458 0.18459013034061408 0.10931513220963537 0.08121282510372038 0.07660084419859735 0.12100668891162074 0.20234964252294657 0.22438399414851448
2 0.8566260987438112 0.9148456076175229 0.7801325323831574 0.8332524866416927 0.7407700925137964 0.8701547814706421 0.8172636588744504 0.9517479024464722
2 0.2791306230041869 0.04446366757139842 0.26167579800316604 0.011735871638555554 0.23285875698193054 0.027104960626553654 0.25031358198295134 0.05983275655939652
2 0.2818930552666585 0.8992172841735647 0.24355209897011865 0.8827250343587155 0.1955216038261724 0.9943856710753116 0.2338625601227122 1.0108779208901608