2 0.9027182853079526 0.45313297018413795 0.8321532446192977 0.40682468036114716 0.8034884556588497 0.45050437587694847 0.8740534963475046 0.4968126656999393
0 0.18964884456150494 0.3145361065276581 0.18285454087104863 0.27484875517208185 0.1719864687836678 0.27670932232431794 0.1787807724741241 0.31639667367989416
2 0.3109249366403169 0.803378505958877 0.26721316120827043 0.7856205964507897 0.22184599083859596 0.8972936265607517 0.2655577662706424 0.9150515360688389
2 0.24024217966896463 0.7073888345942725 0.19450893784629134 0.6835280115019015 0.1337280208727315 0.8000247628249691 0.17946126269540483 0.8238855859173401
2 0.4536458341346154 0.21851851923076931 0.4317708341346154 0.21851851923076931 0.4317708341346154 0.27314814903846163 0.4536458341346154 0.27314814903846163
2 0.2971379643573732 0.203177204981819 0.25620745017594576 0.16159697482540586 0.23207022408512756 0.18535704231647473 0.273000738266555 0.2269372724728879
2 0.24332707364562145 0.16002007950901015 0.20506683242202822 0.12115256009780222 0.1887990058212568 0.1371662131262901 0.22705924704485003 0.17603373253749804
3 0.2509816743023356 0.21736128370069885 0.20220444551937083 0.13684014182527038 0.17257306234522896 0.15478992150520643 0.22135029112819365 0.2353110633806349
3 0.2337928726570112 0.2633316085069373 0.1890910767721071 0.15125872562460257 0.1385845956732199 0.17140392356082065 0.18328639155812398 0.2834768064431554
3 0.174032370640802 0.16666631449177416 0.08380371739196842 0.08029358540901625 0.04139402920023713 0.12459656264360675 0.1316226824490707 0.21096929172636464
2 0.8188240377371787 0.5370366782449929 0.7597030656154858 0.4804422563101915 0.7287141119847901 0.5128146527592874 0.7878350841064828 0.5694090746940887
2 0.9109912670009573 0.6174723502734073 0.8451286751352662 0.5452293179104549 0.8094275423353048 0.5777773583489197 0.8752901342009959 0.6500203907118721
2 0.8841494931378122 0.5039709725075793 0.8179772179085127 0.4481381125985847 0.784847403506557 0.48740307592797794 0.8510196787358565 0.5432359358369726
2 1.0228347399925295 0.6973686121253068 0.9333020009392701 0.6405224389067008 0.9054693580055384 0.6843588594756886 0.9950020970587978 0.7412050326942947
3 0.07890725219601837 0.10634819032624236 0.031955402819515887 0.06012996145357555 0.007096378171988049 0.0853835726231665 0.05404822754849053 0.1316018014958333
1 0.13093354536939425 0.06516492161267738 0.02284688051189266 -0.026840261018943958 -0.019562868781460498 0.022982240577676675 0.08852379607604109 0.11498742320929801
3 0.42353245826042196 0.08137596622475413 0.36661486487986655 0.03015014400360043 0.324789937155137 0.07662229664430936 0.3817075305356924 0.12784811886546305
2 0.37343256389772783 0.5079699817022342 0.33953832031969383 0.48413809281136094 0.294002632763468 0.5488999626149348 0.32789687634150194 0.572731851505808