0 1 0.11018518509615399 0.9921875 0.11018518509615399 0.9921875 0.12592592548076936 1 0.12592592548076936
2 0.8885951112979112 0.4419820465723864 0.8182727729111503 0.39583301961305584 0.7916204479509141 0.4364460929135906 0.8619427863376751 0.48259511987292114
0 0.18912801008186042 0.31546203225125863 0.18233371083117084 0.2757746806620723 0.17146563549262586 0.27763524714414595 0.17825993474331542 0.31732259873333224
2 0.8964951229341109 0.9415263447650398 0.8139326124141738 0.8568468385283476 0.7721902929139209 0.8975455960675464 0.8547528034338582 0.9822251023042384
2 0.4698906795282829 0.18929404268601477 0.446682939828701 0.1887501104826765 0.4452505745717433 0.2498642710971487 0.46845831427132517 0.25040820330048696
2 1.0113874229758286 0.5508656359078453 0.9481244436168331 0.49707681941207854 0.920231452250606 0.5298827789408802 0.9834944316096016 0.5836715954366469
2 0.29838012185802465 0.20072855183601374 0.2553328214368633 0.15952087441299806 0.23156631617910392 0.18434838122172822 0.2746136166002653 0.22555605864474393
2 0.2448895736456213 0.16002007950901037 0.20662933242202822 0.1211525600978022 0.1904276467265841 0.13710110562699734 0.2286878879501772 0.1759686250382055
3 0.2511575894290875 0.2187245736631772 0.20416202096004452 0.13517694458543134 0.1736971437664436 0.15231344789326984 0.2206927122354866 0.23586107697101572
3 0.23425265157488584 0.2625199628051315 0.18948580311790936 0.14882637996893772 0.13871190776498912 0.1688186013602665 0.18347875622196563 0.2825121841964603
3 0.1757670763041624 0.16504703313520105 0.08221266270025678 0.08345661252023119 0.04024071449746943 0.13158310791428512 0.13379512810137506 0.213173528529255
2 0.81882403589069 0.5388885388651649 0.7586445899477827 0.48128085635543205 0.7276556287754402 0.5136532489331542 0.7878350747183475 0.571260931442887
2 0.9104704316695388 0.6202501278068175 0.8446078410006509 0.5480070967566086 0.8089067082006894 0.5805551371950736 0.8747692988695773 0.6527981682452825
2 0.8840513282558237 0.5090051392217175 0.8205188545989238 0.44955955236218365 0.7867241876277075 0.4856776042230538 0.8502566612846073 0.5451231910825877
2 1.0223873764339082 0.6950326252349749 0.9308051251812846 0.6472741775918162 0.9048341496384562 0.6970764748777447 0.9964164008910799 0.7448349225209033
3 0.07942808272501356 0.10264448722016913 0.032476234569360884 0.05642625954927626 0.0076172123066034535 0.08167986829624335 0.05456906046225612 0.12789809596713622
1 0.17088972279893408 0.09510138260419962 0.032089524551747906 -0.017140025008294552 -0.009038604692437505 0.033719926003166 0.12976159355474867 0.1459613336156602
2 0.4537385834164839 0.1428399310681664 0.4379851593733309 0.10083079624708595 0.41500190335481907 0.10944951642530486 0.43075532739797207 0.1514586512463853