3 0.958132683174267 0.48142315392058355 0.8916428791364358 0.3275959071431107 0.8036245151076389 0.36564068723640053 0.87011431914547 0.5194679340138735
1 0.20705418771393316 0.14427551030870267 0.08143661059928259 0.04410985531718666 0.042186235755198816 0.09333368347638206 0.16780381286984938 0.19349933846789807
2 0.4290085930380798 0.12224109643272388 0.4082914525132528 0.0916509388468221 0.38456544070677184 0.10771934644845885 0.40528258123159877 0.13830950403436063
1 0.24032364304650497 0.24112931857396547 0.11347819838717635 0.11555232447536865 0.06787749186920852 0.1616136427651636 0.19472293652853714 0.28719063686376045
2 1.0297885983067396 0.7178986397781819 0.9509076565794424 0.6511211167876494 0.9178140451460421 0.6902129416730074 0.9966949868733395 0.7569904646635399
2 0.5260356662561221 0.30650493651298294 0.5028363693393582 0.30057329987003445 0.48594199976787905 0.3666490761696862 0.5091412966846429 0.3725807128126347
2 0.830429668028857 0.5482887215482051 0.7603733306817624 0.4966482691028177 0.7328253660684881 0.5340203177736605 0.8028817034155827 0.5856607702190479
0 0.18075585041212783 0.31407864089908943 0.17584328462485954 0.2791448321873859 0.16294726715969787 0.2809583342510799 0.16785983294696616 0.31589214296278356
2 0.43972594549853106 0.36960559501429735 0.40886832427071845 0.3570214725089276 0.38148798730841915 0.42416100223871045 0.4123456085362317 0.4367451247440802
2 1.0045117570261402 0.15368287313618897 0.9554625347549461 0.14786963477294904 0.9508163234150898 0.18707206180030767 0.9998655456862837 0.19288530016354763
3 0.27727029974112427 0.09468483043639053 0.1905448713017751 0.036867878143491135 0.1533653842455621 0.09263710872781068 0.24009081268491125 0.15045406102071007
2 0.2724590897946485 0.24196605747367744 0.2287155378856965 0.2056751146927852 0.20511602928903272 0.23412095407360886 0.24885958119798468 0.27041189685450107
2 0.44222995448259117 0.645115031790723 0.4091231404595463 0.6147308182821672 0.3580978617265395 0.6703282558466447 0.3912046757495844 0.7007124693552005
2 0.3005430692655138 0.22069783769208953 0.2584541808712371 0.18506703133181027 0.23727600950754887 0.21008374529298582 0.27936489790182556 0.24571455165326508
3 0.07377533547011908 0.1352446248237057 0.03715090667676151 0.0660651259106879 0.0043665569866152 0.08342154073920519 0.04099098577997277 0.152601039652223
2 0.9314365376187654 0.6282411783574928 0.8624819411783798 0.5710343977294545 0.8298733628200223 0.6103393776026479 0.898827959260408 0.6675461582306863
2 0.047583334265384594 0.05788888845961536 0.022374999034615515 0.02427777966634623 0.0013750002538463245 0.04002778102355771 0.026583335484615403 0.07363888981682684
3 0.9994791658653847 0.4861111105769232 0.984375 0.4861111105769232 0.984375 0.5555555552884617 0.9994791658653847 0.5555555552884617