3 0.330954682298139 0.8595909707195399 0.28291988960808967 0.8382421734552147 0.22226696763996598 0.9747112446029867 0.27030176033001524 0.996060041867312
2 0.4411384566863375 0.7035285334051653 0.4069809877487111 0.678367897445608 0.35745937074751516 0.7455972432053222 0.39161683968514155 0.7707578791648795
2 0.23994275583921737 0.7758413250452875 0.20317791334533977 0.7562307675751038 0.15738335554248947 0.8420839977679933 0.19414819803636707 0.861694555238177
1 0.25532187057801 0.2739692537023408 0.1296972015288987 0.14904561302749678 0.0846721105921616 0.1943233692414392 0.21029677964127289 0.3192470099162833
3 0.7987070397181582 0.5400182808532681 0.7249210870183246 0.4709787962661972 0.6870175737516562 0.5114881780175156 0.7608035264514897 0.5805276626045865
2 0.7189908750674692 0.19917260323611513 0.7127189274838918 0.16477489649550778 0.6713047041783086 0.17232620913811939 0.6775766517618861 0.2067239158787267
2 0.2902162213030535 0.5178982257884205 0.25768505303093536 0.4918946931893171 0.20319257585076914 0.560066351711347 0.23572374412288727 0.5860698843104504
2 0.4647598883167726 0.40547505350086965 0.4577248720562335 0.36273733136185327 0.3982966707195907 0.37251975171121016 0.4053316869801297 0.41525747385022654
2 0.617618080283554 0.4109749257152717 0.5584830281638227 0.3804536025280309 0.5409414086719905 0.41444048365209823 0.6000764607917216 0.44496180683933917
2 0.26386158265015713 0.8402560437271374 0.2248314660210547 0.8224834014304621 0.16466698062994814 0.9546093308531284 0.20369709725905055 0.9723819731498039
3 0.9535262818330309 0.6647781726151715 0.8692842873872304 0.5964078596298277 0.8311685476563568 0.6433718970095329 0.9154105421021572 0.7117422099948766
2 0.05092361144523811 0.07600000084945055 0.02129166543626376 0.03649074113228024 -0.00004166618351648836 0.05249074050645603 0.02959027982545786 0.09200000022362632