3 0.30039196539953583 0.9302667984373856 0.25281894114120534 0.9091232345399916 0.2130423130212378 0.9986206581365429 0.26061533727956826 1.0197642220339367
2 0.3997676309553251 0.7471624972018795 0.3649739440709305 0.7279603205557164 0.32026401811053984 0.8089731761895139 0.3550577049949345 0.8281753528356771
2 0.2401788569005467 0.7827921137754436 0.2025973025094953 0.7620169659533779 0.15664468155385664 0.8451437354303898 0.19422623594490804 0.8659188832524555
1 0.25713221490987176 0.27699349248743377 0.1312596975355402 0.15182339236818163 0.08623460706668633 0.19710115021068708 0.21210712444101787 0.32227125032993925
3 0.8717011460262998 0.6037137687382943 0.7915968061907883 0.5301364475881539 0.7524020396448114 0.572808168304456 0.832506379480323 0.6463854894545964
2 0.7200325383650543 0.20195038368844484 0.7137605945249835 0.16755267515319644 0.672346371928795 0.17510398276536818 0.6786183157688657 0.20950169130061658
2 0.3568730231241922 0.4630076944647412 0.33026810861542677 0.4284724695390735 0.27235833177523894 0.47308444659644 0.2989632462840044 0.5076196715221077
2 0.5231715279475853 0.36939448878991776 0.4665032930063843 0.3657965075465387 0.46385795779242467 0.40746055948642995 0.5205261927336257 0.411058540729809
2 0.6801356147426492 0.4572135838158134 0.620640783324903 0.41824620183734 0.6000688062978095 0.44965519682275645 0.6595636377155556 0.4886225788012298
2 0.24173721792561184 0.8935864280238246 0.20368577263997364 0.8747509626798778 0.14358905654203744 0.9961584704153879 0.18164050182767563 1.0149939357593345
3 1.0321929110860688 0.7336386669056509 0.9433094592464827 0.6612151141879505 0.9032572468803483 0.7103701025215196 0.9921406987199343 0.78279365523922
2 0.007812500000000005 0.02635802403846154 3.2279269770550915e-18 0.02635802403846154 4.783304069238427e-18 0.05175925961538462 0.007812500000000007 0.05175925961538462