2 0.9235066274289296 0.6149280713506924 0.8558173844744091 0.5625234948597341 0.8248768792547393 0.6024883131101249 0.8925661222092598 0.654892889601083
3 0.33076474632558284 0.1485877817384885 0.24311460851967187 0.07933335519669156 0.20057606016842072 0.1331712080421023 0.28822619797433163 0.20242563458389923
2 0.8240854909316224 0.5432536483623998 0.7567579406901905 0.4873967032136856 0.7283657218391629 0.5216194580755721 0.7956932720805947 0.5774764032242863
2 0.20788475187925018 0.11068709858992803 0.1802113423041073 0.0760668637573698 0.15676213997557567 0.09481079728024647 0.18443554955071856 0.12943103211280468
2 1.0257906945938493 0.7042442276993304 0.9466723953986219 0.6362610952130558 0.9148707369890109 0.6732716452265317 0.9939890361842382 0.7412547777128062
2 0.3113283563097451 0.8196464281965318 0.27340431373404467 0.804132047007221 0.22966168839662396 0.9110584635640223 0.2675857309723244 0.9265728447533331
2 0.22070531346735858 0.7501248098917739 0.18041833244039085 0.7291801586971706 0.12774079777429467 0.8305052569249831 0.1680277788012624 0.8514499081195864
2 0.6457238844863104 0.13720674506282446 0.6428576761791711 0.1060367139103018 0.5994197580134375 0.11003100320960482 0.6022859663205767 0.1412010343621275
3 0.24843750000000012 0.9416666658653846 0.1811431634615386 0.9416666658653846 0.1811431634615386 1 0.24843750000000012 1
3 0.3037056009615385 3.2533340265015897e-17 0.22760416586538462 2.7873471319964654e-17 0.22760416586538462 0.04351851923076926 0.3037056009615385 0.04351851923076926
2 0.7125183825791855 0.1285838778563348 0.7055085786199095 0.09703976003959272 0.6682291672794116 0.10532407367081452 0.6752389712386877 0.13686819148755658
2 0.46340765728932404 0.12230705571629762 0.4218029257546131 0.1007342343281987 0.40748761117596516 0.12834234404944944 0.44909234271067605 0.14991516543754838
2 0.24649448272048552 0.042040844199621716 0.2347317362111524 0.010673515650599307 0.20566019913054367 0.021575340483448703 0.21742294563987677 0.05294266903247111
2 0.37857940309849225 0.14717301538089386 0.34184196987439847 0.11996010083491447 0.3231307202821452 0.1452202868129107 0.359868153506239 0.1724332013588901
2 0.8359734194126105 0.3685504445113005 0.7831393668420882 0.32158684592108017 0.757852012288734 0.350035122031667 0.8106860648592562 0.39699872062188724
2 0.712514512294318 0.3274056222791273 0.6592885564905481 0.29400894001927086 0.6360180572435952 0.3310962936316024 0.689244013047365 0.36449297589145885
2 0.9108917798313997 0.47507401322731574 0.8499190319710164 0.43129870776496126 0.8245864216882904 0.4665834155037185 0.8855591695486739 0.5103587209660729