2 0.24773794038637284 0.5288134439774739 0.21208525460062877 0.5022293919902817 0.1562187189956326 0.577153712813256 0.1918714047813767 0.6037377648004483
2 0.4120947043212496 0.4279218843847237 0.39619524691011665 0.38320465451913494 0.3290189352132455 0.4070895621950306 0.3449183926243785 0.45180679206061936
2 0.5766556646421745 0.3767293309979858 0.5120250159685922 0.350976125109532 0.4926082679045993 0.3997047000272676 0.5572389165781817 0.42545790591572125
2 0.8170442038091481 0.4705940946395865 0.7648630484661739 0.4396719319084567 0.7423926608064235 0.47759071525118457 0.7945738161493977 0.5085128779823144
2 0.8864583341346155 0.5314814807692309 0.8794377546103604 0.49845284388677324 0.8302259396846681 0.5089133258451507 0.8372465192089231 0.5419419627276082
2 0.8553557611385881 0.4039930443461379 0.8080850554791768 0.36914851674847426 0.7839347474402459 0.40191125401597433 0.8312054530996575 0.43675578161363793
3 0.8093140203817029 0.18083736643404447 0.7746666133380129 0.1216202836641383 0.6855295062204397 0.17377364023862082 0.7201769132641297 0.232990723008527
2 0.6514347249330393 0.2687945733454486 0.6305317138415342 0.23939968177671642 0.5976110664246902 0.2628098942785991 0.6185140775161954 0.2922047858473312
2 0.7022785547101908 0.14814238557137088 0.6935302844393042 0.11533636921656393 0.6561102478219658 0.12531504478431482 0.6648585180928526 0.15812106113912178
2 0.6462683826684562 0.1526811007035254 0.6392340695683474 0.12102668832887997 0.5947303924537738 0.13091639328454074 0.6017647055538826 0.16257080565918614
2 0.8033915380569128 0.7590462534149025 0.728912246670932 0.7139713214060284 0.700367739078755 0.761136665948501 0.7748470304647358 0.8062115979573754
3 0.6448888555511505 0.6283643111776995 0.5552083341346156 0.606481480769231 0.5380824136629974 0.6766671673995331 0.6277629350795322 0.6985499978080019
2 0.2254858348858743 0.7513686446952215 0.1838394777353212 0.7283204086509957 0.12939398272197705 0.8266991533936956 0.17104033987253017 0.8497473894379214
2 0.4418376978266767 0.6700058151290589 0.408830839936817 0.6356580534432801 0.34926932923243 0.6928943396825383 0.3822761871222898 0.727242101368317
2 0.1385543205742041 0.8998952190691097 0.09549609220612432 0.8791851479856951 0.04347489942745996 0.9873422078828707 0.08653312779553975 1.0080522789662854
3 1.0591789918450683 0.6554511181680253 0.8597452130396008 0.5107372685527722 0.7908960792594206 0.605619983329349 0.990329858064888 0.7503338329446021
2 0.2905867826647386 0.8880036287385475 0.24785467594200464 0.8697356531848401 0.1955269580332802 0.9921396721555651 0.23825906475601416 1.0104076477092723