3 0.9901122939968501 0.407650964689516 0.8618846541023734 0.3312800892009874 0.8066674863205499 0.42399039350258083 0.9348951262150267 0.5003612689911093
1 0.11803825547103591 0.07027892828318097 0.013328586880675949 -0.01614809629182769 -0.0261214351598359 0.0316471246365445 0.07858823343052407 0.11807414921155315
2 0.41292463712220506 0.4376178622608008 0.38237983480954296 0.4184728172618908 0.34821854818899173 0.47297515698636433 0.3787633505016538 0.49212020198527434
1 0.24201768557429554 0.23889206741166694 0.11556152934717688 0.1137004754060465 0.06996082225522841 0.15976179667934437 0.1964169784823471 0.28495338868496484
2 0.9994791658653847 0.6879629639423077 0.971875 0.6879629639423077 0.971875 0.74259259375 0.9994791658653847 0.74259259375
2 0.6189062508555612 0.20068865848002973 0.5983774049331742 0.17429442637687764 0.5582371788670986 0.2055146002762289 0.5787660247894857 0.231908832379381
2 0.8304296685896495 0.5455109399830999 0.7603733288421056 0.49387049365454266 0.7328253660336326 0.5312425455842303 0.8028817057811766 0.5828829919127876
0 0.18075585041212783 0.30944901109139705 0.1758432846248596 0.27451520237969357 0.16294726715969785 0.2763287044433876 0.1678598329469661 0.3112625131550911
2 0.2496313525963309 0.712253406282656 0.2100623262406873 0.6903280321077018 0.15410286037227694 0.7913188549837954 0.19367188672792054 0.8132442291587496
2 0.6410925424478093 0.3040942336214307 0.6143262181397486 0.27759557172257665 0.5733384154422898 0.31899739132624644 0.6001047397503505 0.34549605322510046
2 0.2735007556247314 0.24104014031641768 0.22975720742002934 0.20474918714912735 0.2061576943285746 0.2331950213978128 0.24990124253327664 0.26948597456510315
0 0.43281250000000004 5.205811954562886e-17 0.4145833341346154 5.094190506422039e-17 0.4145833341346154 0.013888889423076974 0.43281250000000004 0.013888889423076974
2 0.30002223513089843 0.21792005884593582 0.2579333467366217 0.18228925248565642 0.23675517418749445 0.20730596784713165 0.27884406258177113 0.24293677420741105
0 0.7236078845042715 0.9544981339919538 0.7048303172456716 0.9077628678074452 0.6833692261117181 0.916385629912186 0.702146793370318 0.9631208960966947
2 0.9345615376187655 0.6282411783574927 0.8648899030482791 0.5704395216062059 0.8322813246899214 0.6097445014793995 0.9019529592604079 0.6675461582306862