2 0.7121239052518663 0.44151995420092294 0.6496617382569164 0.39906200751922183 0.6252760539565002 0.43493709814660736 0.68773822095145 0.4773950448283085
2 0.8732824493970265 0.5619933254671039 0.8063725984667707 0.5135318700729194 0.7765097834438204 0.554762916175245 0.8434196343740763 0.6032243715694294
2 0.8503550176576381 0.4713020983188495 0.7972665767826311 0.43179442046099425 0.7722469164848144 0.46541458819680337 0.8253353573598212 0.5049222660546586
2 0.8601762824661469 0.3802795607913489 0.8131677357942333 0.3489405266633715 0.7911057696337811 0.38203347272203586 0.8381143163056947 0.41337250685001325
2 1.0237580728851454 0.6915953948936833 0.9376580804877623 0.6189484634408765 0.9055648651458339 0.6569848338929813 0.991664857543217 0.729631765345788
2 0.8444270836708735 0.1428877306850961 0.833680554594017 0.11064814655448724 0.7899305542334403 0.12523148141025647 0.8006770833102966 0.15747106554086535
2 0.6468490552491525 0.12573749246995092 0.6396517270175817 0.09092040290212475 0.5946852466356304 0.1002157955597138 0.6018825748672011 0.13503288512753994
2 0.7002408631082049 0.1252306735327619 0.6992028997385513 0.08832536942696637 0.6649331328377651 0.08928920819192027 0.6659710962074186 0.12619451229771578
3 0.37615151664638496 0.1718723669387057 0.28252209181428356 0.111344235265441 0.24387585518890403 0.17112511412507778 0.33750528002100544 0.23165324579834248
2 0.2104713994965153 0.10468639181655769 0.18166790648154915 0.07481610050731628 0.16223631280556938 0.09355370727925229 0.19103980582053554 0.1234239985884937
2 0.2217230447798417 0.7284833287327028 0.17974397399913103 0.7078217606864624 0.1292040610981702 0.8105060572593182 0.1711831318788809 0.8311676253055585
2 0.3071405225087452 0.8116880410255429 0.2690326015943917 0.7952229345069625 0.22369905042107913 0.9001458744788279 0.2618069713354326 0.9166109809974083
3 0.25249457763638894 0.944769148183872 0.1966454905844344 0.9259200820288016 0.17164351923076931 1 0.22749260628272386 1.0188490661550704