2 0.9221420938590487 0.4985576845165257 0.8542334355394655 0.4532852586961642 0.8261885676727745 0.4953525726310059 0.8940972259923575 0.5406249984513674
2 0.2680142261375942 0.31641947842185125 0.23320155738057372 0.27333880851725706 0.20711636254849536 0.2944177575949418 0.24192903130551585 0.33749842749953596
3 0.43783169079478246 0.12751061280072187 0.3874486334369075 0.08536007024775172 0.353432593444691 0.1260198575295372 0.403815650802566 0.16817040008250736
2 0.3289671911897626 0.8330245886688876 0.29148997819761713 0.8157193456427195 0.24715503236690395 0.9117336116880085 0.2846322453590494 0.9290388547141765
2 0.27728954841045 0.9405135764091731 0.22445522771696524 0.9196407412979126 0.1927083341346155 1 0.24554265482810028 1.0208728351112606
0 0.6522248034732603 0.89590481908796 0.6382919874575349 0.8432697274305933 0.6171336058970903 0.8488704745403577 0.6310664219128157 0.9015055661977246
2 0.07676807488372081 0.13288497002983418 0.051262900761251576 0.0966109385074089 0.026256092731166265 0.11419384744490003 0.051761266853635496 0.15046787896732533
2 0.47447736460131595 0.41481672391376906 0.4265217069617311 0.36985832600171287 0.40118568327785276 0.39688343664086817 0.4491413409174376 0.44184183455292436
2 0.7216382729115781 0.1847972421081668 0.7138071177056922 0.151025400530941 0.6701612769667472 0.161146179764625 0.6779924321726329 0.19491802134185085
3 0.7447916541019949 0.7917009462417688 0.5989860983568746 0.6092939838441233 0.532351558722223 0.6625577735347302 0.6781571144673433 0.8449647359323756
2 0.8250740358906901 0.5685181686728572 0.7648945899477828 0.5109104861631244 0.7339056287754401 0.5432828787408465 0.7940850747183474 0.6008905612505793
2 0.9182829316695389 0.6508056830952789 0.8524203410006508 0.5785626520450701 0.8167192082006894 0.6111106924835349 0.8825817988695774 0.6833537235337437
2 1.0268489812958475 0.7293788766446873 0.9450979848311678 0.6688225806380589 0.9149090261878654 0.7095776732390137 0.996660022652545 0.770133969245642
3 0.42023303233769815 0.45085420724960823 0.3623341227147637 0.3748618351331027 0.32523762814594404 0.40312581119473767 0.38313653776887857 0.4791181833112432
1 0.992527719951494 0.9025831765029976 0.7177659540067766 0.606543561584824 0.6397843261128464 0.6789202595389219 0.9145460920575638 0.9749598744570954