2 1 0.5212962956730771 0.9541666658653847 0.5212962956730771 0.9541666658653847 0.5887345673076925 1 0.5887345673076925
0 0.18912801008186045 0.31361018128972007 0.18233371083117086 0.2739228297005338 0.17146563549262586 0.27578339618260744 0.17825993474331542 0.3154707477717938
2 0.0629407043269232 0.9898148149038462 0.03032852644230781 0.9898148149038462 0.03032852644230781 1 0.0629407043269232 1
2 0.40305503035638196 0.4409978022268669 0.36950484519677534 0.42113256019962786 0.33229974524962025 0.48396783753464095 0.3658499304092269 0.5038330795618801
2 0.2973563522266693 0.19774834009395148 0.2567194451584581 0.15638577118992225 0.23123153800529608 0.18142652039361468 0.27186844507350727 0.2227890892976439
2 0.24062499939903845 0.15740740745192308 0.20341435407902642 0.12019675944845096 0.1884548616473858 0.13515625080128205 0.22566550696739782 0.17236689880475417
3 0.2529462010497264 0.20584396432124372 0.19794957136824157 0.1335778583524962 0.16785875902470615 0.15647785055614633 0.22285538870619098 0.22874395652489385
3 0.25054238559350134 0.23886973096816977 0.17376077630968167 0.15249042052387274 0.13220186782161802 0.1894316725132627 0.2089834771054377 0.27581098295755974
3 0.174032370640802 0.16666631449177416 0.08380371739196842 0.08029358540901625 0.04139402920023713 0.12459656264360675 0.1316226824490707 0.21096929172636464
2 0.8183615150032507 0.5347420705793787 0.7597030656154858 0.478590405348653 0.7287141131855677 0.5109628005433648 0.7873725625733325 0.5671144657740905
2 0.9116460841829672 0.6078684021714862 0.8411396311218184 0.5455457357084611 0.8109228612485209 0.5797303652765038 0.8814293143096695 0.6420530317395289
2 0.9020268779783855 0.5202346604728608 0.8362727852114473 0.4520452384301201 0.797679486022843 0.48926020959440275 0.8634335787897811 0.5574496316371435
2 1.0244387645726027 0.694947897483422 0.9343436721358886 0.6377446557040757 0.9060022567750493 0.6823823782753176 0.9960973492117634 0.739585620054664
3 0.07217475510479689 0.11029442259075194 0.037595583756482295 0.05496774843344858 0.007424963618193614 0.07382438601987901 0.0420041349665082 0.12915106017718236
1 0.07239583413461538 4.432966327227971e-18 0 0 4.592425496802574e-18 0.075 0.0723958341346154 0.07500000000000001
3 0.46683089756198853 0.26845195573790215 0.46543056615488043 0.16638350979284955 0.43301796845226903 0.1668281954949652 0.4344182998593772 0.2688966414400178
2 0.21121878002634895 0.7606110563009973 0.17244528845300963 0.7388009677324937 0.11871909058511704 0.8343142103199914 0.15749258215845635 0.8561242988884951