2 0.6717088015786784 0.4139609330400387 0.6087546797831107 0.3754889737560455 0.58601825799672 0.4126940314909493 0.6489723797922878 0.45116599077494246
2 0.8421524744209695 0.541917463963132 0.7787501961922197 0.49307422162146014 0.7488625646010575 0.5318706618840779 0.8122648428298073 0.5807139042257498
2 0.835095596078677 0.463132796977894 0.7819015735675432 0.4239220264125855 0.7567589333522136 0.4580309753141628 0.8099529558633474 0.4972417458794714
2 0.8539262823061277 0.3784277062907159 0.8073450851275257 0.34737357633130184 0.7852831197979886 0.38046652591661473 0.8318643169765905 0.4115206558760289
2 1.0004585990245487 0.6764208198676223 0.9175266092693298 0.6039529479961678 0.8852251399282185 0.6409186412792179 0.9681571296834376 0.7133865131506725
2 0.8802658768073004 0.14543969208640728 0.8767900008753146 0.11350509324116866 0.8287204155194161 0.1187371588014354 0.832196291451402 0.150671757646674
2 0.646946857919365 0.1274098363287178 0.6396051464726167 0.09272025107704646 0.5945964288140086 0.10224590597434012 0.6019381402607571 0.13693549122601148
2 0.6989583341346154 0.09074074038461546 0.6645833341346153 0.09074074038461545 0.6645833341346153 0.12870370432692313 0.6989583341346154 0.12870370432692316
3 0.3949588099660897 0.19550243305802548 0.3069268813454216 0.12594634465240478 0.26488878563920437 0.17915081208849315 0.35292071425987237 0.24870690049411384
2 0.22222448719174182 0.11531089652149101 0.19272212984302778 0.08593966034947347 0.1726852919327517 0.10606594814700271 0.2021876492814657 0.13543718431902027
2 0.2217230447798417 0.7284833287327028 0.17974397399913103 0.7078217606864624 0.1292040610981702 0.8105060572593182 0.1711831318788809 0.8311676253055585
2 0.3055433299026345 0.8118407512174053 0.26708053903076795 0.7957687988639506 0.2229870756138762 0.9012916143205096 0.26144986648574275 0.9173635666739643
3 0.2428067971212991 0.9368881128965237 0.17636271720231317 0.9330217550157209 0.17246527644230783 0.9999999999999999 0.2389093563612938 1.0038663578808027