2 0.5284053780997298 0.3447422810493054 0.46979549641213186 0.33526998149217085 0.46266282263478153 0.37940342170752595 0.5212727043223795 0.3888757212646604
2 0.7254394046710291 0.4576677979675564 0.6686738585673552 0.42402895259754164 0.6436315573069418 0.4662878319111351 0.7003971034106158 0.4999266772811499
2 0.8165027936530165 0.4615549027326094 0.7649729406488169 0.4235708413554571 0.7402725363174761 0.45707984903371135 0.7918023893216758 0.4950639104108637
2 0.8500133547719742 0.38993946070754615 0.8042868588131543 0.3594551271371473 0.7826522428903999 0.391907047900902 0.8283787388492198 0.42239138147130084
2 0.8749066047661723 0.5840528638041715 0.8000399343541145 0.5246348674959797 0.7710474959970441 0.5611653374172858 0.845914166409102 0.6205833337254778
2 1 0.15000000000000013 0.9786458341346154 0.15000000000000013 0.9786458341346154 0.18425925961538475 1 0.18425925961538475
2 0.642150041666519 0.14420194840187706 0.6410744672165515 0.10971632602016605 0.5979161626913216 0.11106239335041307 0.5989917371412893 0.1455480157321241
2 0.6984747789225305 0.14024561923446882 0.6954796425527697 0.10563513070972147 0.6594116138716222 0.10875640027548436 0.6624067502413828 0.1433668888002317
3 0.4695707385382496 0.2507322066695856 0.37113323407389154 0.18406554739610576 0.3298217829359919 0.2450644964979966 0.42825928740035 0.3117311557714765
2 0.2918781971894391 0.17634369717661674 0.2604201165083764 0.14726244804497057 0.24066629298628295 0.16863076586737333 0.27212437366734565 0.1977120149990195
2 0.22588971608182418 0.7321870441371625 0.1843299148398581 0.7117318217716024 0.13458585176790977 0.812799086516607 0.1761456530098758 0.833254308882167
2 0.32198154157409786 0.7821548635384235 0.28495218112574816 0.7665331023422615 0.2417643573873655 0.8689042416848131 0.2787937178357152 0.8845260028809749
3 0.26162929074635166 0.9309749426409005 0.20454372803267534 0.9117085659660493 0.17474537019230776 1.0000000000000002 0.23183093290598406 1.0192663766748513
2 1 0.6898148149038461 0.9828125000000001 0.6898148149038461 0.9828125000000001 0.75 1 0.75