2 0.9214875281828129 0.6202261934753311 0.8518039879770016 0.5665440578056186 0.8210956785452649 0.6064058048885727 0.8907792187510762 0.6600879405582852
3 0.3302439129754299 0.15229149078675744 0.2425937824378306 0.08303705500489536 0.20005522567815348 0.13687490684460796 0.2877053562157527 0.20612934262647004
2 0.8198169665044942 0.5485505767639536 0.7520786854146437 0.4918806459835889 0.7236649786728125 0.5258439070565957 0.791403259762663 0.5825138378369604
2 0.20840558737656784 0.11439080113705771 0.18073217547022674 0.07977056811860096 0.15728297391219973 0.09851450358674602 0.18495638581854082 0.13313473660520275
2 1.024715128818281 0.711977442961374 0.9419848944905549 0.640890725451574 0.9101832370436441 0.6779012762936537 0.9929134713713702 0.7489879938034536
3 0.9023083549237462 0.15565178206672062 0.8878680841607139 0.0889299994303696 0.7906169181787994 0.10997759608187642 0.8050571889418315 0.17669937871822744
2 0.308724187216437 0.8233501307943546 0.2708001468338392 0.8078357511124905 0.22705752289993766 0.9147621684444889 0.2649815632825355 0.930276548126353
2 0.21601781346735846 0.758458144026389 0.1757308324403908 0.7375134928317858 0.1230532977742947 0.8388385910595986 0.16334027880126237 0.8597832422542019
2 0.646244720035911 0.13998452072059803 0.643378509492806 0.10881449222601013 0.5999405907884255 0.11280878503144208 0.6028068013315308 0.14397881352602998
3 0.24635416586538475 0.9444444447115384 0.18030181730769243 0.9444444447115384 0.18030181730769243 1 0.24635416586538475 1
2 0.651258743728791 0.602735271048563 0.5859131685006488 0.538641522978111 0.554964295952103 0.5701948638300797 0.6203098711802452 0.6342886119005317
3 0.5732304916470041 0.14995750500985142 0.4724991466022198 0.09138060344625618 0.4329537045671384 0.15938463678112924 0.5336850496119228 0.21796153834472448
2 0.20938371899792108 0.026858495839486168 0.17734711321415284 0.0024496518287789783 0.1589826937222885 0.026552950921949 0.19101929950605673 0.050961794932656186
2 0.7522712213295601 0.12355797930493283 0.7483176131089836 0.09019939390603576 0.7125790509812957 0.09443507330700604 0.7165326592018724 0.1277936587059031
2 0.4334029141732987 0.18761031409949186 0.3986571839010563 0.1655495369742894 0.38070064101578355 0.19383109714656804 0.4154463712880259 0.21589187427177053
2 0.7346789029220461 0.31392144219032275 0.6857543376036317 0.2772995436410388 0.6638949765963323 0.30650228237893357 0.7128195419147467 0.34312418092821745
2 0.6711873085673734 0.3188495533848734 0.6273764861427767 0.2913604087366615 0.6079803168736112 0.3222730521980544 0.6517911392982079 0.3497621968462663
2 0.8292061788805474 0.4764240094902213 0.7739044519856483 0.4272669227842313 0.746088362207246 0.45856002624680386 0.801390089102145 0.5077171129527939