2 0.9238862721012902 0.6272975936687943 0.8552591922814644 0.5735332542260644 0.8245174837478999 0.6127732729298752 0.8931445635677255 0.6665376123726051
3 0.33497753226317184 0.1549564290441041 0.2461384641349675 0.08726951348568697 0.20469098901249466 0.14166931935318197 0.29353005714069896 0.2093562349115991
2 0.823364112641142 0.5531733978639145 0.7571918374118423 0.49734053795492067 0.7282468143982883 0.5316457487661399 0.794419089627588 0.5874786086751337
2 0.21361391774463484 0.11716857935915878 0.1859405093418876 0.08254834599330156 0.16249130730766126 0.10129227928092772 0.19016471571040847 0.13591251264678494
2 1.0258808115490952 0.7147540575599821 0.9453677558524466 0.648692061126644 0.9136541562575312 0.687343009453693 0.9941672119541797 0.753405005887031
3 0.5957959226113558 0.16384728787486805 0.503247136554149 0.09594464394360419 0.4555379474986652 0.16097049971629587 0.548086733555872 0.22887314364755973
3 0.8637589148492654 0.37566676367636614 0.7559933430020334 0.2696845515996654 0.7077238631832251 0.3187662606290796 0.8154894350304571 0.42474847270578037
1 0.7698988071679144 0.7986956553722251 0.5447916658653846 0.5537037043269231 0.47802577967571513 0.6150505269982827 0.703132920978245 0.8600424780435846
2 0.9857389884291783 0.8283302971756602 0.8953124999999998 0.74259259375 0.8570642602965497 0.7829325360016531 0.9474907487257281 0.8686702394273134
3 0.1951544451123068 0.5975203145241317 0.14760501352150654 0.5748262680536107 0.08239209493496566 0.7114628619371683 0.12994152652576593 0.7341569084076892
2 0.3587421788212767 0.3437954624281356 0.32134405983787623 0.30522865576629 0.29565093085965255 0.3301432073652447 0.33304904984305306 0.36871001402709036
1 0.5887802340334073 0.5027019231696233 0.4161458341346153 0.3435185192307693 0.3618103359839536 0.40244536640413775 0.5344447358827455 0.5616287703429916
0 0.5667527782258605 0.7662903633859793 0.561166884981204 0.7186241059896405 0.5420500760539949 0.7208643585221185 0.5476359692986515 0.7685306159184572
2 0.3123700221751297 0.8252019834849933 0.2755411127201246 0.8101356113035193 0.2317984873827038 0.917062027860321 0.26862739683770887 0.9321284000417948
2 0.7004783319988186 0.57575767114027 0.639521136130032 0.5241536938168461 0.6112545821138906 0.5575435594641874 0.6722117779826771 0.6091475367876112
2 0.21914281346735864 0.7621618483533124 0.17885583145657233 0.7412171966472351 0.12629994907512007 0.8423082970281608 0.1665869310859064 0.8632529487342381
2 0.29068169777269853 0.3397216655621977 0.2506418365025407 0.3022574694751255 0.22460292469112453 0.3300865576565944 0.2646427859612823 0.3675507537436667
3 0.7737041221622811 0.3218512417946344 0.6056412762137184 0.2217952187599145 0.5579756633117311 0.30185855043371823 0.7260385092602937 0.40191457346843823
2 0.4138983399320178 0.17266104206118874 0.3704628216489292 0.14177356310600261 0.34920995223454965 0.17166041140967037 0.39264547051763815 0.20254789036485654
2 0.17359012707375324 0.24304886920146032 0.13538598739451518 0.19965651429241585 0.11066385787980629 0.22142273765429404 0.1488679975590443 0.26481509256333846
2 0.7653022520622026 0.09542206754866625 0.7233135571503214 0.09360524643872845 0.7219080081097602 0.1260890003564879 0.7638967030216415 0.1279058214664257
3 0.2500000000000001 0.9472222211538461 0.1863381418269232 0.9472222211538461 0.1863381418269232 1 0.2500000000000001 1
2 0.06947435216688659 0.10054985141409631 0.03634453965317071 0.06128488692468659 0.012918033379182257 0.0810510008331292 0.04604784589289815 0.12031596532253891
3 1 0.4425925937500001 0.9416666658653846 0.4425925937500001 0.9416666658653846 0.5537037043269233 1 0.5537037043269233
2 0.8908774735004589 0.5198091647283504 0.825511950271838 0.47332701658339904 0.796650027824897 0.5139140965144949 0.862015551053518 0.5603962446594463