2 0.9268120170217075 0.6297630648699621 0.8586360516544354 0.5769816749469816 0.8271895103440426 0.6176001261553759 0.8953654757113149 0.6703815160783564
3 0.3381025334219844 0.15588235540777798 0.2492634641349675 0.08819543896645611 0.20775222353244324 0.1426789370184713 0.2965912928194601 0.21036585345979322
2 0.826739152677096 0.5569817340383298 0.7580903852919232 0.50186587635774 0.7303857311856231 0.5363730116045867 0.799034498570796 0.5914888692851765
2 0.2162180873765678 0.11994635642551922 0.18854467547022674 0.08532612340706251 0.16509547391219973 0.10407005887520755 0.1927688858185408 0.13869029189366427
2 1.026325317283041 0.7201638433230972 0.9489856961976704 0.652820498966342 0.9169423653051764 0.6896202613364749 0.994281986390547 0.7569636056932303
3 0.8182278655065119 0.3052798573290633 0.705743471433551 0.234977113061427 0.6565829179084968 0.31363400097046285 0.769067311981458 0.3839367452380991
3 1.0113343125825185 0.442987370943128 0.8713541658653845 0.3740740745192309 0.8351765548954148 0.4475598538135686 0.9751567016125487 0.5164731502374658
2 0.6458875356313976 0.5253871081196346 0.5840703747934437 0.4768278913030759 0.5570827414979468 0.5111838586648593 0.6188999023359005 0.5597430754814179
2 0.5861287967178347 0.5497959545298827 0.5322595468445941 0.4992935240329135 0.5034368505062372 0.5300377281393804 0.5573061003794778 0.5805401586363497
1 0.4421644628721567 0.4393084979739307 0.2793688911757634 0.2899706913658291 0.2281910005581101 0.3457605422451869 0.39098657225450345 0.4950983488532884
2 0.4196336207311442 0.33272988758462446 0.3645114945647352 0.28373243871124115 0.33738505715092393 0.31424967868904685 0.3925071833173329 0.3632471275624302
3 0.224437509800932 0.2711832960786721 0.16516944781763035 0.21174637973747867 0.13275030195679055 0.24407342603470195 0.1920183639400922 0.3035103423758954
2 0.18680384008123982 0.19009086099653555 0.1550161725280705 0.15790584048111062 0.13451862253695193 0.1781503298223517 0.1663062900901212 0.21033535033777667
1 0.3539860748777291 0.28894068462449923 0.21214812943973366 0.16978988181077115 0.1662956946355245 0.2243729395189593 0.3081336400735199 0.3435237423326874
0 0.3395833341346154 0.47037037019230765 0.32499999999999996 0.47037037019230765 0.32499999999999996 0.5027777788461538 0.3395833341346154 0.5027777788461538
2 0.3149741883851366 0.827053833604122 0.27814528183176507 0.81198746260968 0.23440265565193455 0.9189138812257054 0.27123156220530603 0.9339802522201475
2 0.3503949370445524 0.10072357481531398 0.31303217392666327 0.07120237429786808 0.2936646201163585 0.09571443046441025 0.33102738323424763 0.12523563098185614
2 0.3072059801050566 0.23445853293047947 0.27902793459910347 0.21298952818409653 0.2749469544940469 0.21834581015746324 0.303125 0.23981481490384615
2 0.22174698159012565 0.7621618505871998 0.18145999832465212 0.7412171966441126 0.12890411297972254 0.8423082950765195 0.16919109624519607 0.8632529490196066
2 0.11039934344180002 0.18412474150271882 0.08210772023217598 0.14589961487033135 0.056020094978162974 0.1652078900584915 0.08431171818778702 0.203433016690879
3 1.0490230214477234 0.5323392580159886 0.8865764706184631 0.41974403149956313 0.8338363397872294 0.49583475584805964 0.9962828906164898 0.6084299823644851
2 1 0.6148148149038464 0.9744791658653846 0.6148148149038464 0.9744791658653846 0.669973545673077 1 0.669973545673077