2 0.25072421947983053 0.49307211309867627 0.2188288973968721 0.4704507013375863 0.1632068709477013 0.548875623143512 0.19510219303065976 0.571497034904602
2 0.478125 0.3490740745192307 0.4260416658653846 0.3490740745192307 0.4260416658653846 0.39722222115384614 0.478125 0.39722222115384614
2 0.6446726629131102 0.41780415454387243 0.5813690053370991 0.38219584544542806 0.5595697335605982 0.42095010451824394 0.6228733911366093 0.4565584136166883
2 0.8186225724765737 0.4776946081146454 0.7694589936877291 0.43237509173316313 0.7407647057360947 0.4635032678289785 0.7899282845249392 0.5088227842104609
2 0.8522127282698662 0.4011837862818768 0.8047603560883103 0.3697941043261777 0.7829618230715899 0.4027473563910187 0.8304141952531457 0.43413703834671785
2 0.8143737540631271 0.5425972297155137 0.7442235394691384 0.4877997575061256 0.7124874877761301 0.5284273767532963 0.7826377023701188 0.5832248489626845
2 0.6462583236053121 0.15201396302826659 0.6399351551390837 0.12118851436141523 0.5950767826422585 0.13039023108203096 0.6013999511084869 0.16121567974888235
2 0.7026868157298757 0.14635047354611147 0.692838142371306 0.11403451395513502 0.6568165389074054 0.1250125263941323 0.6666652122659749 0.15732848598510873
3 0.6663598044838372 0.2852246360219397 0.6407495354614677 0.2112393914181796 0.5376038932712897 0.24694364108475833 0.5632141622936594 0.3209288856885184
2 0.46257452083665884 0.278105871404231 0.42041266151054135 0.260116810075908 0.4066027317777765 0.29248383045954895 0.44876459110389394 0.31047289178787196
2 0.5188136431718351 0.6617480660428788 0.5051385658998816 0.6094408986728912 0.442153575223428 0.6259075639079116 0.4558286524953814 0.6782147312778993
2 0.22770281457011846 0.7462559026539082 0.18625735186072628 0.7236285079789441 0.13307580899513308 0.821038469811741 0.17452127170452522 0.8436658644867051
3 0.39324033444138745 0.698923365883253 0.3464631947848945 0.6705872135567806 0.2786802846633347 0.7824828095625078 0.32545742431982766 0.8108189618889803
2 0.9083584772876836 0.5435408726694502 0.8547377901675939 0.49587803121295654 0.8260021538319412 0.528205616351941 0.8796228409520309 0.5758684578084345
2 0.24062500000000012 0.9638888894230769 0.19531250000000014 0.9638888894230769 0.19531250000000014 1 0.24062500000000012 1
2 0.08281250000000015 0.9787037043269231 0.03506944471153858 0.9787037043269231 0.03506944471153858 1 0.08281250000000015 1