2 0.6834630651192608 0.4229912313319345 0.6218026216153797 0.3810782554332764 0.5978474248355057 0.4163200397733156 0.6595078683393868 0.4582330156719738
2 0.8521613981632779 0.5502857110107351 0.7877357579505934 0.49894267352084276 0.7573283131290587 0.5370981702665295 0.8217539533417432 0.5884412077564216
2 0.839718087449019 0.465314312364192 0.786903198546657 0.4250743931407888 0.7611419989781095 0.4588859643233949 0.8139568878804716 0.49912588354679804
2 0.8549679489111572 0.37842770518124846 0.8083867517325553 0.34737357522183415 0.7863247856633732 0.3804665259166144 0.8329059828419751 0.41152065587602876
2 1.0087298823519721 0.6823772705341722 0.9253391104604025 0.6095085043254159 0.8925866329082539 0.6469903298940063 0.9759774047998238 0.7198590961027624
2 0.8693283768073002 0.14543969208640725 0.8658525008753144 0.11350509324116863 0.8177829155194158 0.1187371588014354 0.8212587914514017 0.150671757646674
2 0.6468490552491525 0.12573749246995092 0.6396517270175817 0.09092040290212475 0.5946852466356304 0.1002157955597138 0.6018825748672011 0.13503288512753994
2 0.6997200278567122 0.12615660234404183 0.6986820693928265 0.08925129754278761 0.6644123019321087 0.09021513174989693 0.6654502603959943 0.12712043655115118
3 0.39055722031212975 0.1917439076778942 0.30617663220284935 0.11769994445984527 0.259319189376754 0.17109874175705847 0.3436997774860344 0.2451427049751074
2 0.21805782003820415 0.11068126894175877 0.1885554645968727 0.0813100292462642 0.16851862365476486 0.1014363163735374 0.19802097909609634 0.13080755606903197
2 0.2217230447798417 0.7284833287327028 0.17974397399913103 0.7078217606864624 0.1292040610981702 0.8105060572593182 0.1711831318788809 0.8311676253055585
2 0.3055433307577855 0.8109148236901208 0.267080539030768 0.7948428709793353 0.22298707475872528 0.9003656884824094 0.26144986648574275 0.9164376411931949
3 0.25249457763638894 0.9456950736646412 0.19673381037860543 0.926875815438957 0.1720543990384616 1.0000000000000002 0.22781516629624513 1.0188192582256843