2 0.23409292816841265 0.7458403898261756 0.19656013967205854 0.7261842089920876 0.15065870826631358 0.8138313837496588 0.1881914967626677 0.8334875645837467
1 0.24460013512696002 0.24966976083107678 0.11990928195908292 0.12533314195465883 0.075003452468743 0.1703669078875017 0.1996943056366201 0.2947035267639197
2 0.7152720152070037 0.17231635194626863 0.706097281272184 0.13791109671331653 0.6643765855625781 0.14903661460642617 0.6735513194973978 0.18344186983937824
2 0.8332484408645049 0.5582662459835951 0.7652878186834683 0.5045689900763074 0.7369621530037023 0.5404186779376878 0.8049227751847389 0.5941159338449755
0 0.08560286971540572 0.22202549167562505 0.08201432998561084 0.19012740859123786 0.06895050160880102 0.19159709148814993 0.07253904133859591 0.22349517457253712
2 0.2778099491905841 0.7776160112073955 0.24018388741193947 0.7591725215564333 0.1804131608313191 0.8811091557529658 0.21803922260996378 0.899552645403928
3 0.21906059658081561 0.5814683637809117 0.17289067255548518 0.5495746662080748 0.09886053255368833 0.6567421067866339 0.14503045657901875 0.6886358043594707
2 0.26391495944542487 0.2551984605786759 0.23125924442369394 0.2054373662370324 0.2060791150117759 0.2219618245747134 0.23873483003350685 0.2717229189163569
0 0.7054059756556008 0.10558867662647486 0.7037344036263288 0.08181524033989375 0.6852062130470836 0.08311800552503319 0.6868777850763557 0.10689144181161431
2 0.23112707430442989 0.17066048587450772 0.1944180300707697 0.1344046383233507 0.17343199470615886 0.15565299831277457 0.21014103893981906 0.1919088458639316
0 0.43845399640666205 0.7052051546151186 0.426234780056678 0.6956882660841786 0.40383825905306375 0.7244442964548623 0.4160574754030478 0.7339611849858024