2 0.17565283350550007 0.21819653229101987 0.14362488964206493 0.17916248306965152 0.11769530395016574 0.20043804457321326 0.14972324781360086 0.23947209379458162
3 0.608847221047863 0.24237036879871818 0.5482916633512822 0.1969537048932695 0.512458332921795 0.24473148339326922 0.5730138906183759 0.2901481472987179
2 0.328925525907089 0.8254815485623797 0.2912489642115533 0.8082445212182388 0.24648889588077544 0.9060807340576977 0.2841654575763112 0.9233177614018386
2 0.2769444997634706 0.935438989949573 0.2228990327356055 0.9140876768830478 0.1889583341346155 1.0000000000000002 0.24300380116248055 1.0213513130665253
0 0.5517597523369183 0.7462525166914122 0.5401194061476211 0.7002659620760929 0.5200755372619241 0.7053395661926465 0.5317158834512212 0.7513261208079658
2 0.23701749349952836 0.20930468496130214 0.20131976191677914 0.16699626071746348 0.17682841390439635 0.18766083480812018 0.21252614548714557 0.22996925905195884
2 0.7321026453581874 0.17603741477773338 0.7237496554903946 0.14236442516381637 0.6822492201240089 0.15265910704680366 0.6906022099918017 0.18633209666072068
2 0.3320993584367532 0.059746258766215525 0.3000360541036962 0.03480813831218748 0.2807972743171623 0.059543717420061516 0.3128605786502192 0.08448183787408955
3 0.5448261968542409 0.5605707840402778 0.4253597027079007 0.4278302043563471 0.3716073988410852 0.47620726667254104 0.49107389298742543 0.6089478463564718
2 0.8271573700253054 0.5629626133843957 0.7669779228280145 0.505354929673885 0.7359889616556716 0.5377273222516071 0.7961684088529627 0.5953350059621179
2 0.9198454316695389 0.6452501278068176 0.8539828410006509 0.5730070967566085 0.8182817082006895 0.6055551371950734 0.8841442988695773 0.6777981682452824
2 1.0270611899480977 0.7226687843982457 0.9456188189657839 0.6623410998688277 0.9154298614722395 0.7030961909176087 0.9968722324545533 0.7634238754470265
3 0.2926212915716389 0.31045799361135284 0.23640889750318742 0.2566478313562948 0.20659403238439686 0.28779371304331103 0.26280642645284835 0.34160387529836905
1 0.6875308838515193 0.5885477148117306 0.48375239951421867 0.3776724612623489 0.4197420929938619 0.4395285729925466 0.6235205773311624 0.6504038265419284