2 0.911544433337242 0.5972448062851783 0.8428339531543152 0.5422764221388369 0.8122558133794558 0.5804990968574109 0.8809662935623825 0.6354674810037524
3 0.34743141219096746 0.15599518798848852 0.2597812755543854 0.08674076237060581 0.21724272603380534 0.14057861669594854 0.30489286267038734 0.20983304231383126
2 0.7805755753552328 0.49626876767918116 0.7126548419364919 0.446871873238116 0.6866688574291779 0.48260260380966213 0.754589590847919 0.5319994982507272
2 0.20528058737656782 0.10420561604090385 0.17760717547022672 0.06958538302244714 0.15415797391219974 0.0883293184905922 0.18183138581854083 0.1229495515090489
2 1.025790694593849 0.6949849680839455 0.9466723953986218 0.6270018355976711 0.9148707369890109 0.664012385611147 0.9939890361842382 0.7319955180974215
2 0.3061947025484128 0.8137560469141172 0.2680018873972177 0.7983649128036157 0.22511548555592945 0.9047867272238153 0.2633083007071246 0.9201778613343168
2 0.2202559033567744 0.7339447549297891 0.18021991829193723 0.7134412520950044 0.12810599373949702 0.8152010500116739 0.16814197880433418 0.8357045528464586
2 0.6452030519169495 0.12979933555044967 0.6423368411700915 0.09862930732042512 0.5988989223960249 0.10262360045011323 0.6017651331428829 0.1337936286801378
3 0.2583003389264086 0.9554878223838928 0.2058601889359332 0.9295914510222117 0.17146731028793874 0.9992370276057245 0.22390746027841413 1.0251333989674056
2 0.7046507345305432 0.12142020803167419 0.6976409305712671 0.08987609021493209 0.6605698521776018 0.0981141076357466 0.6675796561368779 0.1296582254524887
2 0.7902442525645216 0.14987548000917522 0.7716235625611679 0.12892720274827357 0.7380926716210859 0.15873243770651352 0.7567133616244397 0.17968071496741517
2 0.21250000000000002 2.392951337771309e-17 0.1782986105769231 2.1835282273544926e-17 0.1782986105769231 0.018518519230769255 0.21250000000000002 0.018518519230769255
2 0.2848617878209756 0.06533122376292354 0.2731644083078627 0.03067232016881346 0.24034073040581083 0.04175031103467937 0.2520381099189237 0.07640921462878944
2 0.8886410628925352 0.4025647918952658 0.8400651174956569 0.37090047220964223 0.8187024672573108 0.4036727200208483 0.8672784126541889 0.43533703970647186
2 0.8920564812836383 0.50386843257931 0.8366052926526047 0.4616199052965301 0.8106527973271626 0.49568255330565186 0.8661039859581963 0.5379310805884318