2 0.9251634671223368 0.6240765904506831 0.8546691389029087 0.5688493930001551 0.822632240113914 0.6097426441992057 0.893126568333342 0.6649698416497334
3 0.33289419823837874 0.15403049945991737 0.24405512436737442 0.08634358928856886 0.20260765165932504 0.14074339983325918 0.29144672553032935 0.20843031000460768
2 0.8234285872565095 0.550936491135652 0.7558872307049739 0.49394846880548565 0.7266017186383871 0.5286572221786766 0.7941430751899226 0.5856452445088429
2 0.2115305873765678 0.1143908011370577 0.18385717547022667 0.07977056811860098 0.1604079739121997 0.09851450358674606 0.18808138581854086 0.13313473660520275
2 1.025158093153785 0.7141270936378566 0.9450437778958709 0.6455518760173706 0.9132954501701653 0.6826424697418434 0.9934097654280793 0.7512176873623294
3 0.4857826326816325 0.15383166001877085 0.4405095384774756 0.04548578698745916 0.3769243096747235 0.072055327414236 0.4221974038788805 0.1804012004455477
3 0.8120259616723522 0.33508350813684196 0.7201095260311562 0.22303298445799632 0.6696346186593699 0.2644381776031135 0.7615510543005659 0.37648870128195916
1 0.9065481491633576 0.9648185259655495 0.65625 0.6740740745192307 0.5832900566856613 0.736884348915866 0.8335882058490189 1.0276288003621847
2 0.46481397301274247 0.4338787016771735 0.419777068417605 0.39692534365066484 0.3944550860305206 0.4277865093425293 0.43949199062565814 0.464739867369038
1 0.7280112602536478 0.6192618998851105 0.5244791658653847 0.4407407403846154 0.4641753586140936 0.5094931517166029 0.6677074530023568 0.6880143112170981
0 0.6656249999999999 0.8564814807692307 0.6468750000000001 0.8564814807692307 0.6468750000000001 0.8999999999999999 0.6656249999999999 0.8999999999999999
2 0.31080752217512975 0.8242760580042242 0.27288348165865334 0.8087616776573232 0.22914085632123254 0.9156880942141244 0.26706489683770895 0.9312024745610255
2 0.9739217458860057 0.8328977742213358 0.8945478388242507 0.7566225484539105 0.860028165833926 0.79254458327149 0.9394020728956811 0.8688198090389154
2 0.21758031346735862 0.7603099949879274 0.1772933324403909 0.7393653437933241 0.12473744907512 0.8404564460666223 0.16502443010208773 0.8614010972612256
2 0.39419180972807855 0.44544061348263325 0.3518929607843611 0.3978544061331519 0.3230639364783988 0.42348020428421945 0.36536278542211625 0.47106641163370083
3 0.6388078588715574 0.2269383359626994 0.48697959013368464 0.14690483248791603 0.44582419686501495 0.2249790368887917 0.5976524656028878 0.3050125403635751
2 0.24504908372305528 0.057366606584597093 0.20964026041369577 0.03113784756886566 0.18974802543710384 0.05799236375439866 0.2251568487464634 0.0842211227701301
2 0.2292791177488733 0.3254843547043459 0.19772015902693119 0.26750938227827786 0.17109914809545756 0.2820006592891314 0.20265810681739968 0.33997563171519946
2 0.6981075485986055 0.1313597467262042 0.6949679248976982 0.09957106898093294 0.6512860848420394 0.10388532644822843 0.6544257085429467 0.13567400419349968
3 0.24843750000000012 0.9453703701923076 0.18390625000000013 0.9453703701923076 0.18390625000000013 1 0.24843750000000012 1
2 0.1403448256321453 0.15626756466797784 0.10356321943226182 0.1148882497355484 0.07880747062867803 0.1368933555514265 0.11558907682856151 0.17827267048385595
3 1.033888944619559 0.45968398605571825 0.8913438442152555 0.36700704632698505 0.8377675248729096 0.44941203123802603 0.9803126252772132 0.5420889709667592
2 0.6277898833519411 0.3261755434015226 0.5812205788071865 0.2893800452833235 0.5546464962535793 0.3230128701321953 0.6012158007983338 0.3598083682503944