3 0.4068247406448975 0.7309637313325081 0.3617447878049905 0.7052387595903775 0.30093337919695806 0.8118035192977232 0.3460133320368651 0.837528491039854
2 0.5374401747176055 0.6774286804650264 0.519611738439171 0.6272861969786808 0.463798545652611 0.6471308851932591 0.48162698193104564 0.6972733686796047
2 0.23990926603408758 0.7663389677217947 0.20318785850673116 0.7470376538907614 0.1573352251328925 0.8342738519580644 0.1940566326602489 0.8535751657890975
1 0.2527177047126253 0.2693396238946485 0.12709303566351407 0.14441598321980445 0.08206794353157977 0.18969374063565114 0.207692612580691 0.3146173813104952
3 0.6616185904121148 0.42024572888811434 0.5921073734946327 0.3739049131539458 0.5621394227592551 0.41885683493471215 0.6316506396767372 0.4651976506688807
2 0.717428375067469 0.19269112246688438 0.7111564270596867 0.15829341339977887 0.6697422041783082 0.16584472596504257 0.6760141521860905 0.20024243503214803
2 0.13986238775760615 0.7430786871916898 0.10141074050911816 0.720784127325995 0.03956813917960901 0.8274446716729661 0.07801978642809701 0.8497392315386612
2 0.3466256920292582 0.4429557414250249 0.320718822308245 0.41003242699088904 0.26078400147226943 0.4571942520330231 0.28669087119328257 0.490117566467159
2 0.48284270805982205 0.40083979630831595 0.4802611064977244 0.36090567866604223 0.42273100341954584 0.36462479937642545 0.4253126049816434 0.40455891701869917
2 0.2823428192831541 0.7987797641180462 0.24248871269262795 0.7800981518195502 0.1856501859609054 0.901353676590124 0.22550429255143156 0.9200352888886201
3 0.7989411620761621 0.5288398266162927 0.7294535625452965 0.4720811904034079 0.69432674689026 0.5150857138009874 0.7638143464211254 0.5718443500138723
2 0.12013643268865432 0.13613115779178664 0.09140484523210815 0.0929109924375166 0.06726961623543373 0.10895543458663046 0.09600120369197988 0.1521755999409005