3 0.4323700621888549 0.7064822808997148 0.3870634510138382 0.6771359541383929 0.3241611922066819 0.7742482164322282 0.3694678033816986 0.8035945431935502
2 0.5673667634716697 0.6792273889466258 0.558032151205101 0.62672020749697 0.502678961067052 0.6365607769846269 0.5120135733336209 0.6890679584342827
2 0.23921734778891 0.7655136518351658 0.20209328919622807 0.7460715265478096 0.15679660616596625 0.8325639593459443 0.19392066475864816 0.8520060846333005
1 0.2527177032483108 0.2674877701511259 0.12709303167015557 0.14256413275279697 0.08206794000610454 0.18784189179720664 0.20769261158425972 0.31276552919553563
3 0.62555275911406 0.39740863389453274 0.5563550387530911 0.3582664847181095 0.5293549597310839 0.4059987619997639 0.5985526800920529 0.44514091117618715
2 0.7173774488950291 0.19046705065475264 0.7099264720942571 0.1569376376417771 0.6696691199515906 0.16588371125062404 0.6771200967523625 0.19941312426359958
2 0.08795448652248233 0.8322109537147437 0.04495940818886528 0.8101966476635879 -0.02054587274287358 0.9381318493629318 0.022449205590743482 0.9601461554140877
2 0.31463867856578276 0.46634589336122734 0.286732086746171 0.4388753409067683 0.22863969799665854 0.4978898286330863 0.2565462898162703 0.5253603810875453
2 0.4511440924926408 0.40504342116075137 0.4441303228611868 0.3639001573899498 0.3860023840357657 0.3738093365533707 0.3930161536672197 0.41495260032417225
2 0.2828636527441 0.7978538387644526 0.2430095480485721 0.7791722266495312 0.186171020550554 0.9004277484808811 0.22602512524608193 0.9191093605958025
3 0.7618819281709093 0.4979044408989478 0.696601675587693 0.44240045851143617 0.6610401006891334 0.4842257202634158 0.7263203532723497 0.5397297026509273
2 0.1367140500708183 0.1499348176102839 0.10890117367914041 0.10667034262893718 0.08263011491954099 0.12355888017097996 0.11044299131121887 0.1668233551523267