2 0.46825737054059274 0.15180886746985062 0.42414663424049465 0.1228612081054481 0.40270797703245953 0.1555296509258976 0.4468187133325576 0.1844773102903001
2 0.04952804573899749 0.10343975788898532 0.026118005834234362 0.06355598736655613 -0.0006445874037130885 0.07926446646591724 0.022765452501050037 0.11914823698834641
3 1.0000858437596114 0.5280826008107129 0.9021021522315594 0.463433571358682 0.8605438829278257 0.5264203272993598 0.9585275744558778 0.5910693567513907
2 0.30001867836377494 0.8748027875921088 0.26154830895124836 0.858049561865016 0.21621154865076272 0.9621561945301699 0.2546819180632893 0.9789094202572627
0 0.3483275986042276 0.4943095906154501 0.33688997341167976 0.4561841645087827 0.32220470332722584 0.46058974451744644 0.33364232851977366 0.4987151706241138
3 0.6360667602812545 0.20964668550576226 0.5811155616023569 0.17229424145975006 0.5489431756781524 0.21962477674459907 0.6038943743570502 0.25697722079061125
2 0.8660044009526945 0.08496326846553995 0.8465156286351319 0.08104811481290902 0.8372899248579451 0.12697163565915884 0.8567786971755076 0.1308867893117898
2 0.6997699223734422 0.3203058063159695 0.6495340702197325 0.28783010753302146 0.6262388755794841 0.32386486575826623 0.6764747277331936 0.3563405645412142
2 0.6074569182603866 0.49137679820786073 0.5520199548351062 0.43562485300227005 0.524610883171893 0.4628790716256962 0.5800478465971733 0.5186310168312869
2 0.44936944397069273 0.347904417687305 0.40395904644903907 0.3017732073731654 0.3773750381503395 0.3279418332631493 0.42278543567199317 0.37407304357728893
3 0.7901022188394063 0.7229504090051537 0.6859053551231208 0.6198763575164451 0.6366884334056303 0.6696294118561615 0.7408852971219159 0.7727034633448702
3 0.5690285417269206 0.5629827890658615 0.46406250000000004 0.4481481490384616 0.40883688131226886 0.49862781784038634 0.5138029230391894 0.6134624578677863
3 0.2969739374136815 0.2822901495025275 0.20129034816850502 0.20155711719551436 0.15931943931290543 0.25130041418842414 0.2550030285580819 0.3320334464954373
2 0.8250740365364011 0.5601848261339922 0.7648945824885665 0.5025771567746536 0.7339056300586482 0.5349495519693654 0.7940850841064827 0.592557221328704
2 0.9182829328663421 0.6424723502734072 0.852420341000651 0.5702293179104547 0.8167192082006894 0.6027773583489197 0.8825818000663805 0.6750203907118723
2 0.45913786915663474 0.19895663323495552 0.41774261357520354 0.16014860799446573 0.3910205880340877 0.18865212163818296 0.4324158436155189 0.22746014687867275
2 1.0266367726435977 0.7231260073526685 0.9445771522487267 0.6623411010185859 0.9143881956068548 0.7030961909176088 0.9964478160017258 0.7638810972516914
3 0.12983764854982158 0.16016016583215675 0.08452551405795068 0.11182721052329427 0.058930685508309225 0.13582235640515747 0.10424282000018012 0.18415531171401997
1 0.3429918515786407 0.25807675355135684 0.1947616293649526 0.12163757054837986 0.1492517548651952 0.17108039673320757 0.29748197707888335 0.30751957973618455