2 0.2391805552102564 0.5417407401428995 0.20295833216923082 0.5145740740677517 0.14667361195424075 0.5896203710181953 0.18289583499526635 0.6167870370933433
2 0.4038778859529325 0.43112853226856046 0.3870022006952981 0.38682985153038923 0.3190164338070426 0.41272918724167795 0.335892119064677 0.45702786797984923
2 0.5670567975134181 0.37029837882177696 0.5009297304610083 0.35002954576684214 0.48522051171718633 0.40128087130680795 0.5513475787695961 0.4215497043617428
2 0.8170442038091481 0.4705940946395865 0.7648630484661739 0.4396719319084567 0.7423926608064235 0.47759071525118457 0.7945738161493977 0.5085128779823144
2 0.8859375 0.5305555552884615 0.8833510425692894 0.5026218161111613 0.8329068908730742 0.5072925710774924 0.8354933483037849 0.5352263102547925
2 0.8553557611385881 0.4039930443461379 0.8080850554791768 0.36914851674847426 0.7839347474402459 0.40191125401597433 0.8312054530996575 0.43675578161363793
3 0.8148662132289899 0.17423677804706228 0.776802266594192 0.11856825164677698 0.6907578454868312 0.17740203915719815 0.7288217921216289 0.23307056555748346
2 0.6568626286883525 0.2650934073317038 0.6341593673170476 0.23660303891206982 0.6032334130276932 0.2612471576909755 0.625936674398998 0.2897375261106095
2 0.7022785547101908 0.14814238557137088 0.6935302844393042 0.11533636921656393 0.6561102478219658 0.12531504478431482 0.6648585180928526 0.15812106113912178
2 0.6462683826684562 0.1526811007035254 0.6392340695683474 0.12102668832887997 0.5947303924537738 0.13091639328454074 0.6017647055538826 0.16257080565918614
2 0.8150064472337705 0.7679554477106657 0.7383595271936296 0.7196962769253763 0.7089442113751114 0.7664147207529421 0.7855911314152523 0.8146738915382316
3 0.6577161094675181 0.6357339003683149 0.5661458341346155 0.6083333341346153 0.5453792081956205 0.6777335661864055 0.636949483528523 0.7051341324201048
2 0.22421296035256377 0.7492592540277782 0.18245369955128218 0.7283796296501073 0.13182871041666738 0.8296296371260676 0.17358797121794897 0.8505092615037385
2 0.450751229477973 0.6687957650862313 0.4176690391963746 0.630483668014537 0.3573386840244602 0.6825784485695873 0.39042087430605865 0.7208905456412814
2 0.1385543205742041 0.8998952190691097 0.09549609220612432 0.8791851479856951 0.04347489942745996 0.9873422078828707 0.08653312779553975 1.0080522789662854
3 1.059004942754354 0.6573451539335403 0.8559041370189902 0.5070229260902862 0.7867190566015579 0.600499092451381 0.9898198623369218 0.7508213202946352
2 0.29583287096060473 0.8741401598842492 0.2539013562863738 0.856680040979504 0.20182012618973313 0.9817562146277705 0.24375164086396403 0.9992163335325157