2 0.9244346655630259 0.6256031044724067 0.8550185533312491 0.5702829848240957 0.8233506152333969 0.6100201574680558 0.8927667274651737 0.6653402771163669
3 0.33341503237299414 0.15403049945991737 0.24457595850198985 0.08634358928856882 0.20312848579394047 0.14074339983325912 0.29196755966494475 0.20843031000460768
2 0.8232119927428847 0.5521191212128201 0.7558227560896066 0.49525945005297856 0.726753838536644 0.5297114988297709 0.7941430751899221 0.5865711699896123
2 0.21205141910733707 0.11439080113705771 0.18437800720099595 0.07977056811860096 0.16092880710966975 0.09851450241435024 0.18860221901601085 0.133134735432807
2 1.0253020956346428 0.714730462804596 0.9455646115197675 0.6464778014760453 0.9138162827785297 0.6835683970572511 0.993553766893405 0.7518210583858019
3 0.5084595866134367 0.16767215875913896 0.4659310440402983 0.05812018010948447 0.3989939794193776 0.08410543238462195 0.44152252199251607 0.19365741103427647
3 0.8255269738199337 0.3431546822763278 0.7256464377106232 0.23661546424804475 0.6762123910400437 0.28295989191410287 0.7760929271493543 0.3894991099423859
1 0.8766600389135722 0.9274029716357818 0.6260416658653848 0.6398148149038463 0.5545762838178189 0.7020932410447485 0.8051946568660066 0.9896813977766841
3 0.04791666586538472 0.8268518509615385 1.0240612758161587e-16 0.8268518509615385 1.1156632784820819e-16 0.9764492740384616 0.047916665865384726 0.9764492740384616
2 0.4341617768939882 0.40670694111729616 0.39103760568578855 0.3699076444253492 0.36664139527315115 0.3984969504513003 0.4097655664813508 0.4352962471432473
1 0.6877514366504124 0.5867975739907457 0.49531250000000004 0.4157407403846156 0.4373814653520877 0.48091315397185574 0.6298204020025001 0.651969987577986
0 0.6354166658653846 0.8175925937499999 0.6192708341346154 0.8175925937499999 0.6192708341346154 0.8592592596153845 0.6354166658653846 0.8592592596153845
2 0.3113283563097452 0.8242760580042242 0.2734043137340448 0.8087616768149133 0.22966168839662396 0.9156880933717146 0.2675857309723244 0.9312024745610257
2 0.8898257564236296 0.7505222226178472 0.8166672459149473 0.6841653034085314 0.783689455470737 0.7205233208920674 0.8568479659794193 0.7868802401013831
2 0.21758031346735862 0.7603099949879274 0.1772933324403909 0.7393653437933241 0.12473744907512 0.8404564460666223 0.16502443010208773 0.8614010972612256
2 0.36606521269614023 0.4142604928310434 0.3240274521587366 0.37147205512143167 0.29669159942855855 0.39832832968223014 0.33872935996596215 0.4411167673918418
3 0.6735099727786219 0.2511948681417871 0.5175807680588804 0.16546059927746934 0.4746601079169981 0.24352255152391158 0.6305893126367396 0.32925682038822934
2 0.28699730129899 0.08203562147224441 0.24518052725309641 0.06017065011224582 0.23035279564279232 0.08852869788429099 0.2721695696886859 0.11039366924428959
2 0.21919410331279987 0.3000604065795231 0.18448427297213443 0.24631614781439756 0.15576213495933855 0.26486586010649893 0.190471965300004 0.31861011887162444
2 0.7131137317848286 0.1306916523327189 0.710932387931522 0.098789523608116 0.667225483090178 0.10177803227616583 0.6694068269434846 0.13368016100076874
3 0.24895833413461552 0.9453703701923076 0.1844270841346155 0.9453703701923076 0.1844270841346155 1 0.24895833413461552 1
2 0.1224717544920489 0.13979782615321823 0.085475493396872 0.10048929540459366 0.06278499866902618 0.12184505333659147 0.09978125976420309 0.16115358408521602
3 1.0497798434860277 0.47253537717868505 0.9107472278786664 0.38125133738354766 0.8563478837673769 0.46410572371538894 0.9953804993747382 0.5553897635105263
2 0.6897137699761041 0.372464919133387 0.6427583788283331 0.33271432192386524 0.6146222844121283 0.3659500821747089 0.6615776755598991 0.40570067938423054