2 0.9245407536725335 0.6134116415038184 0.8562144011483425 0.560775043030391 0.825118133854911 0.6011403892514255 0.8934444863791021 0.653776987724853
3 0.3302439121909674 0.14951370721925772 0.2425937743850565 0.08025928067746078 0.20005522486447638 0.13409713500280354 0.28770536267038727 0.20335156154460046
2 0.8249755040775301 0.5414785195839169 0.7566028267517335 0.48622787297849585 0.7276334215882615 0.5220775129964281 0.796006098914058 0.5773281596018492
2 0.2073639177446348 0.11161302407069724 0.17969050816949192 0.07699278923813904 0.15624130730766128 0.09573672158861998 0.18391471688280417 0.13035695642117817
2 1.0257906953731877 0.7033182981503692 0.9466723923942607 0.6353351695729431 0.9148707359100501 0.6723457212436265 0.993989038888977 0.7403288498210525
2 0.3102866883851366 0.8205723528348913 0.27236264786866016 0.8050579724879903 0.2286200225312393 0.9119843890447918 0.2665440630477158 0.9274987693916928
2 0.22174698140036186 0.7464211071488444 0.1814599987871831 0.7254764543687482 0.12878246177633454 0.826801553425912 0.1690694443895133 0.8477462062060082
2 0.6452030519169495 0.13628081631968053 0.6423368411700916 0.10511078808965589 0.598898922396025 0.10910508121934401 0.6017651331428829 0.14027510944936863
3 0.24791666586538474 0.9425925937499999 0.1810363245192309 0.9425925937499999 0.1810363245192309 1 0.24791666586538474 1
2 0.7052757362839367 0.12880446592194567 0.6982659323246606 0.0972603481052036 0.6614828429864252 0.10543436795814479 0.6684926469457013 0.13697848577488686
2 0.30013505789472184 0.027721853558760088 0.2727990476597658 -0.00041345953146573104 0.25226663749064887 0.019535640474330266 0.2796026477256049 0.047670953564556084
2 0.1604166658653846 1.752456807935934e-17 0.12578125 1.5403760520525304e-17 0.12578125 0.016666665865384633 0.1604166658653846 0.016666665865384636
2 0.7464149102584028 0.2641408613291015 0.7331783341130456 0.20923358853768592 0.7092701502075885 0.21499716921968373 0.7225067263529457 0.26990444201109925
2 0.4292709073585976 0.13530470247478427 0.38912523711362756 0.11228209613976309 0.37098929551247267 0.14390664465990471 0.4111349657574426 0.1669292509949259
2 0.5369831777397152 0.209082576254533 0.4957603138581504 0.18307819052093124 0.47543505911751355 0.21529834054157757 0.5166579229990783 0.24130272627517935
2 0.9957701370787674 0.4845418169053331 0.9413929322490083 0.4492489166684006 0.9181367384195844 0.48508067906065094 0.9725139432493435 0.5203735792975834
2 1 0.5833333341346155 0.95625 0.5833333341346155 0.95625 0.6472222211538461 1 0.6472222211538461