2 0.9216195240970918 0.6204437673545967 0.8530431345567542 0.5655826557223266 0.821764905194653 0.6046804424249532 0.8903412947349906 0.6595415540572233
3 0.3302439129754299 0.15229149078675744 0.2425937824378306 0.08303705500489536 0.20005522567815348 0.13687490684460796 0.2877053562157527 0.20612934262647004
2 0.8202726575668395 0.5480058907628838 0.7525343839312197 0.4913359478282544 0.7245763665523809 0.5247545068287778 0.7923146401880008 0.5814244497634071
2 0.20788475324195246 0.1143908011370577 0.18021134133561137 0.079770568118601 0.15676213977758435 0.09851450358674604 0.18443555168392545 0.13313473660520272
2 1.0248346372009207 0.7116326006249598 0.9425057274303172 0.6408907241741523 0.9107040697840978 0.6779012748446855 0.9930329795547013 0.7486431512954931
3 0.9409157867062833 0.1635730012191457 0.9365293749014492 0.09263650880028938 0.8382607417650015 0.09871302425427377 0.8426471535698357 0.1696495166731301
2 0.3087241880588466 0.8224242032543615 0.270800146833839 0.8069098232278752 0.22705752205752788 0.9138362426190973 0.2649815632825355 0.9293506226455835
2 0.21705948041654327 0.7566062941373707 0.1767724978033645 0.7356616413572745 0.12409496177633457 0.8369867385220657 0.16438194438951334 0.8579313913021618
2 0.6457238859012959 0.13998452072059803 0.6428576753783463 0.10881449244520015 0.5994197566739656 0.11280878525063215 0.6022859671969154 0.14397881352603
3 0.24687500000000015 0.9435185192307693 0.18040865384615398 0.9435185192307693 0.18040865384615398 1 0.24687500000000015 1
2 0.7765096753848935 0.7197876033346613 0.7018177818065616 0.6439101278570727 0.6689514872750594 0.6762628881197166 0.7436433808533912 0.7521403635973052
3 0.5109909643831015 0.10780628994802417 0.41407511349948944 0.05611783942365984 0.37732002062272496 0.12503364294109617 0.47423587150633695 0.1767220934654605
2 0.7353508438024497 0.1276968881737022 0.7295905149912065 0.09529502178641426 0.6940870839506387 0.10160673958305332 0.6998474127618818 0.13400860597034125
2 0.3332561299467838 0.1292142333177778 0.3110257735644748 0.09847596614229343 0.28923741029444255 0.11423362345312375 0.31146776667675147 0.14497189062860813
2 0.6619869838642221 0.2593012982919865 0.6136872280709557 0.22838945672434716 0.5946516216430964 0.25813259382701786 0.6429513774363627 0.2890444353946572
2 0.5482232877139216 0.23475741933475602 0.5124240184153567 0.20748180469139405 0.4909351104886853 0.2356860161035902 0.5267343797872502 0.26296163074695217
2 0.6974221273310517 0.3707136672954338 0.6441098667110924 0.33726283568350685 0.622702970012715 0.37138007584926486 0.6760152306326744 0.4048309074611919