2 0.03854166586538472 0.8129629639423077 1.0078011604142921e-16 0.8129629639423077 1.0728579442673784e-16 0.9192087548076924 0.038541665865384725 0.9192087548076924
2 0.3015128409206915 0.46923719588626595 0.2693719501174064 0.4389278625128777 0.21236029939135845 0.4993846603555448 0.24450119019464361 0.5296939937289331
2 0.4602451943603612 0.41754227372106867 0.4514950747651951 0.36972911604646325 0.3873097769584772 0.38147544403179157 0.3960598965536433 0.429288601706397
2 0.6328323737681845 0.40130897100783375 0.5662576482422438 0.36885677498148356 0.5419703380180617 0.41868147746465023 0.6085450635440025 0.45113367349100036
2 0.8166793564257401 0.4703778888065111 0.7648630484661739 0.4396719319084567 0.7423926608064235 0.47759071525118457 0.7942089687659897 0.5082966721492389
2 0.8955820145919238 0.5340762377630325 0.8451530138991785 0.5011430106881855 0.8249097050202661 0.5321405754017211 0.8753387057130113 0.565073802476568
2 0.8553557611385881 0.4039930443461379 0.8080850554791768 0.36914851674847426 0.7843554105338776 0.4013405749839484 0.8316261161932891 0.436185102581612
3 0.7809524466252656 0.18957226087722617 0.7415739397126176 0.1364112785898054 0.6545500251926762 0.20087343997278034 0.6939285321053242 0.2540344222602011
2 0.6104166658653847 0.263888889423077 0.5682291658653846 0.263888889423077 0.5682291658653846 0.3027777788461539 0.6104166658653847 0.3027777788461539
2 0.7022785547101908 0.14814238557137088 0.6935302844393042 0.11533636921656393 0.6561102478219658 0.12531504478431482 0.6648585180928526 0.15812106113912178
2 0.6462683826684562 0.15175517522275617 0.6392340695683474 0.12010076284811069 0.5947303924537737 0.1299904678037715 0.6017647055538826 0.16164488017841697
2 0.725211923540762 0.6967284462316597 0.6545505382046077 0.6675144335762917 0.6325854236992143 0.7206425484411684 0.7032468090353686 0.7498565610965364
3 0.5669565734371396 0.6745111475618378 0.5653527650693356 0.6003796808631734 0.4833999367006803 0.6021527016565853 0.4850037450684842 0.6762841683552497
2 0.22548583521511775 0.7504427200355502 0.18383304850348978 0.7273909247306606 0.12938755192146909 0.8257696681883788 0.17104033863309706 0.8488214634932685
2 0.3902241655494004 0.7017664583599947 0.35212592592378944 0.6783519140356572 0.30249345121186055 0.7591098347790345 0.3405916908374716 0.782524379103372
2 0.1385543205742041 0.9017470724344944 0.09549609126714906 0.8810370008994531 0.043864408533882196 0.9883842319737901 0.08692263784093725 1.0090943035088313
3 1.0587245494953974 0.6551901881613188 0.8910274607597611 0.5325037049255336 0.8207906573820788 0.6285086366660424 0.988487746117715 0.7511951199018275