0 0.8921874999999999 0.08055555528846164 0.8739583341346153 0.08055555528846164 0.8739583341346153 0.11111111057692319 0.8921874999999999 0.11111111057692319
2 0.8890456062449522 0.44362045044223597 0.8186235079335874 0.3978174561902766 0.7922198444504178 0.43841308571099114 0.8626419427617826 0.4842160799629505
0 0.1906905100818604 0.31546203225125863 0.18389621083117083 0.2757746806620722 0.17302813549262583 0.2776352471441459 0.1798224347433154 0.31732259873333235
2 0.4415915964778972 0.1256119866621972 0.41591402917541465 0.07581306368667683 0.3885187647361775 0.08993874561665774 0.4141963320386601 0.1397376685921781
2 0.9896611498991711 0.5352916071733816 0.9265318756837266 0.48161647235217203 0.8986388843174995 0.5144224318809737 0.9617681585329442 0.5680975667021834
2 0.29855025758977494 0.20147274535984042 0.2574839118855454 0.16104808587855798 0.23335180463955532 0.18556325734695925 0.27441815034378486 0.22598791682824168
2 0.2454104033108928 0.16002009073288687 0.20715017279350728 0.12115255657087855 0.19088234845452037 0.13716619681447184 0.2291425789719059 0.17603373097648017
3 0.25341818105656727 0.22406908378254026 0.21173797764520672 0.13839311110556038 0.17753310138837508 0.15503332137104853 0.2192133047997356 0.2407092940480284
3 0.23581515054996535 0.26344588898908017 0.1910483037671309 0.14975230548524218 0.14027440834341987 0.16974452603939688 0.18504125512625433 0.2834381095432349
3 0.1757670763041624 0.16504703313520105 0.08221266270025678 0.08345661252023119 0.04024071449746943 0.13158310791428512 0.13379512810137506 0.213173528529255
2 0.8188240365364009 0.5398144559416846 0.7586445812877888 0.4822067854328841 0.7276556288578706 0.5145791806275959 0.7878350841064827 0.5721868511363964
2 0.9115120998228292 0.6211760557971332 0.8456495068660355 0.5489330222373777 0.8099483753788176 0.5814810614790394 0.8758109683356115 0.653724095038795
2 0.8840513282558237 0.5099310647024868 0.8205188545989238 0.45048547784295295 0.7867241876277075 0.486603529703823 0.8502566612846073 0.5460491165633569
2 1.0229276986448093 0.696079827717032 0.9328884569120535 0.6491260309572009 0.9069174818831705 0.6989283272575814 0.9969567236159261 0.7458821240174125
3 0.08151141568271464 0.10357041974022975 0.03455957389171556 0.0573521830977651 0.009700548035418635 0.08260578716994695 0.0566523898264177 0.1288240238124116
1 0.18157178722708536 0.10145899685163737 0.04580943301788875 -0.01183022406109151 0.0029845797996086274 0.03948977659506762 0.13874693400880525 0.1527789975077965
2 0.3765237938553781 0.04719163132422315 0.3430625057849785 0.020753095436229777 0.32449568271247387 0.044251742184794926 0.3579569707828735 0.0706902780727883