3 0.9591743491290681 0.4749416721488321 0.8926845476856783 0.32111442585185873 0.8046661842396922 0.3591592043275616 0.871155985683082 0.512986450624535
1 0.18705936713452925 0.12197694844430912 0.06206273773755813 0.023214180012881336 0.022176591519554964 0.07369508406273824 0.1471732209165261 0.17245785249416604
2 0.47009073210196684 0.2325508231730981 0.46392440950705127 0.18504730482534684 0.44288469851185047 0.1877784213786609 0.44905102110676604 0.23528193972641218
1 0.24032364293640623 0.2355737624212258 0.11347819680784531 0.10999677012826094 0.06787749059626162 0.1560580893043997 0.19472293672482255 0.2816350815973646
2 1.0300005887888084 0.7049553800411031 0.9487754665920979 0.6464147516134203 0.9168683400471451 0.6906858898326018 0.9980934622438556 0.7492265182602846
2 0.5508306715194213 0.26238710461756837 0.5261221475265545 0.24909284310703944 0.4965664854649606 0.30402457320694637 0.5212750094578275 0.3173188347174753
2 0.8304296685896495 0.5418072356561768 0.7603733288421056 0.4901667893276196 0.7328253660336326 0.5275388412573073 0.8028817057811766 0.5791792875858645
0 0.18023501582321375 0.30667123240469 0.1753224506567686 0.27173742357305264 0.16242643340844543 0.2735509253708473 0.1673389985748906 0.3084847342024846
2 0.3828157319128999 0.48884047636719796 0.3492827088478481 0.4685634773973269 0.3060584778862896 0.5400454129616944 0.3395915009513414 0.5603224119315654
2 0.8704377473982062 0.17060311140950324 0.8618854786182872 0.13692855586394836 0.8144896450025615 0.14896559396476775 0.8230419137824805 0.18264014951032262
3 0.21471061751257225 0.05012706781145571 0.136283487505893 -0.011384416320968316 0.09817086604839673 0.03720916843968316 0.176597996055076 0.09872065257210719
2 0.27193825562473145 0.23548458502795608 0.2281947074200293 0.19919363186066588 0.20459519432857468 0.22763946610935137 0.24833874253327676 0.26393041927664157
2 0.33795097144770064 0.7626879618770043 0.30091418469765524 0.7465895856773156 0.26123262553706095 0.8378831066082444 0.29826941228710635 0.8539814828079331
2 0.3005430692655138 0.215142282403628 0.2584541796857981 0.1795114750398024 0.23727600832210982 0.20452818900097794 0.27936489790182556 0.24015899636480353
3 0.03768852447910055 0.10191717802058718 0.010090071849023155 0.03813410249997505 -0.018144142396755488 0.050350832691321276 0.009454310233321913 0.11413390821193341
2 0.9329990376187651 0.6236115485498007 0.8640444411783795 0.5664047679217624 0.8314358628200222 0.6057097477949559 0.9003904592604078 0.6629165284229941