2 0.9000546997057202 0.5857302337358263 0.8317503670112559 0.532218744413818 0.8008105704443611 0.571711611926572 0.8691149031388254 0.6252231012485805
3 0.35784807805635216 0.1634025966423348 0.27019794025044136 0.09414817010053768 0.22765939282310418 0.14798602177661946 0.31530953062901496 0.2172404483184166
2 0.7548402780166664 0.47525925488269133 0.6912847192371788 0.4275925926730777 0.6645902764089743 0.4631851882442323 0.7281458351884619 0.510851850453846
2 0.205801419107337 0.10327969056013463 0.17812800720099586 0.06865945754167792 0.1546788071096697 0.08740339183742721 0.18235221901601084 0.12202362485588392
2 1.0255516801287758 0.6947487264133927 0.9456307274516 0.6260759092602088 0.9138290697828175 0.6630864599113215 0.9937500224599932 0.7317592770645054
2 0.3051530346150203 0.8137560460807408 0.266960221531833 0.7983649128036157 0.22407381969054482 0.9047867272238153 0.2622666327737321 0.9201778605009404
2 0.21973507032707898 0.7320929050351876 0.1796990836669279 0.7115894006265441 0.12758515773053652 0.8133491974892656 0.1676211443906876 0.8338527018979089
2 0.6452030519169495 0.12609563122352668 0.6423368411700916 0.09492560299350203 0.598898922396025 0.09891989612319013 0.6017651331428829 0.1300899243532148
3 0.2577795047917932 0.9554878223838928 0.20533935673387926 0.9295914519765631 0.1709464780858848 0.9992370285600758 0.22338662614379873 1.0251333989674054
2 0.7041299032130689 0.12049427932164956 0.6971200989453021 0.08895016375640467 0.6600490199474314 0.09718818226202758 0.6670588242151982 0.12873229782727247
2 0.8110275777735083 0.14489417490500706 0.7941657652286664 0.11743826262174295 0.7545176684206882 0.14178780050045253 0.77137948096553 0.16924371278371664
2 0.22916666586538462 0.006481480769230796 0.1958333341346154 0.006481480769230793 0.1958333341346154 0.040740740384615406 0.22916666586538462 0.04074074038461542
2 0.8730160628925352 0.3914536813183428 0.8251711568308492 0.36026589097297523 0.8038085065925031 0.39303813878418137 0.851653412654189 0.42422592912954893
2 0.8721526479965948 0.48829878124777937 0.8180482227367255 0.44803502629117475 0.792781047972935 0.4819877952271308 0.8468854732328043 0.5222515501837355