3 0.9561204665278263 0.4830262912273967 0.8910404792290212 0.3287626167031635 0.8028332250752169 0.3659750518256671 0.867913212374022 0.5202387263499003
1 0.21506846033655733 0.15418140895321342 0.09041280790557481 0.05227313580846937 0.051747054029789505 0.09956963713644226 0.17640270646077202 0.2014779102811863
2 0.37771096865974463 0.09076417384272478 0.3735443051381193 0.05372713484708114 0.3428905985503192 0.05717567405284795 0.3470572620719446 0.09421271304849158
1 0.24032364184464264 0.2429811707495063 0.11347819838717635 0.11740417784075327 0.06787749307107091 0.16346549491654588 0.19472293652853717 0.2890424878252989
2 1.028984089671117 0.7194662533891866 0.9493451586989662 0.652047042747411 0.9162515460210883 0.6911388670299031 0.9958904769932393 0.7585580776716788
2 0.5170510946335536 0.3366433467930482 0.49417094160937347 0.3327263635408663 0.4819569420235214 0.40407162124803253 0.5048370950477016 0.4079886045002144
2 0.8293880027242649 0.5501405697907923 0.7593316629767208 0.498500123462235 0.731783700168248 0.5358721753919227 0.801840039915792 0.5875126217204799
0 0.1812766849191671 0.3159304908862304 0.17636411533797894 0.2809966829074563 0.1634680965476928 0.2828101865960917 0.16838066612888092 0.31774399457486585
2 0.45620574302771144 0.3084134160231232 0.4296064772052196 0.3006331301485423 0.4124424376758362 0.3593136024845824 0.4390417034983281 0.3670938883591633
3 0.3039720399940852 0.11567889440283721 0.21754508333592884 0.05658352316293295 0.17928201538805302 0.11254324463949629 0.2657089720462093 0.17163861587940055
2 0.2724590909759073 0.24381790941522308 0.22871553906695533 0.20752696663433087 0.2051160292890327 0.23597280743899343 0.24885958119798465 0.27226375021988564
2 0.5018074600002023 0.640468032898424 0.48282439018080375 0.5898465231149347 0.42726883471306015 0.6106798604217493 0.4462519045324588 0.6613013702052387
2 0.30054306926551383 0.22254968865362804 0.2584541808712371 0.18691888229334871 0.23727600832210985 0.21193559765482403 0.2793648967163866 0.24756640401510335
3 0.08793119750464899 0.14798878598026036 0.049474528108943004 0.07962138737448125 0.014657517290584624 0.09920595987092762 0.053114186686290615 0.1675733584767067
2 0.9303948711531033 0.6319448803602714 0.8614402716512894 0.5747381024965814 0.8288316944374194 0.6140430846346077 0.8977862939392333 0.6712498624982979
2 0.0673749990999998 0.07548148230961547 0.04176389116794881 0.04133333347500015 0.020763889179487214 0.057083332694711414 0.0463749971115382 0.09123148152932675
3 1 0.4583333341346155 0.9713541658653846 0.4583333341346155 0.9713541658653846 0.5555555552884617 1 0.5555555552884617
2 0.08072916586538462 8.202582108660293e-18 0.05322916586538461 6.518692759832682e-18 0.05322916586538461 0.011111110576923084 0.08072916586538462 0.011111110576923084