2 0.8902522977062025 0.443821882132081 0.8199299578536069 0.39767286467040336 0.792662115417412 0.439223878934953 0.8629844552700077 0.48537289639663067
0 0.18912801008186042 0.31546203225125863 0.18233371083117084 0.2757746806620723 0.17146563549262586 0.27763524714414595 0.17825993474331542 0.31732259873333224
2 0.7770702105485682 0.819484696387389 0.7008275303474355 0.7459044509118292 0.6622407963331771 0.7858874110452316 0.7384834765343098 0.8594676565207914
2 0.4731156528727239 0.2578165503525672 0.44491805978704124 0.2510189163984999 0.42846713508221185 0.3192597901855372 0.4566647281678945 0.3260574241396045
2 1.0265830718660767 0.5634442109821074 0.9671623559284198 0.5106257993546489 0.9375071843559636 0.5439878689776083 0.9969279002936206 0.5968062806050669
2 0.29838012065724706 0.20258040405193586 0.25533282023608567 0.1613727266289202 0.23156631617910392 0.1862002321832667 0.2746136166002653 0.22740790960628238
2 0.2448895692461108 0.16094601603828365 0.20662933972595335 0.12207848328975207 0.19036151535162607 0.13809212373310867 0.22862174487178352 0.17695965648164025
3 0.250636746984043 0.2196505095856563 0.20364119618774618 0.1361028677422871 0.17317630942321072 0.15323936737120852 0.2201718602195075 0.23678700921457768
3 0.23425265054996539 0.26344588898908017 0.18987135990989207 0.150731495726741 0.13909746448618096 0.17072371628089567 0.18347875512625428 0.28343810954323484
3 0.17455320300050628 0.1685181621634722 0.08432454748577167 0.08214544158959401 0.04191486282758577 0.12644842060990816 0.13214351834232035 0.21282114118378637
2 0.8188240365364009 0.5398144559416846 0.7586445812877888 0.4822067854328841 0.7276556288578706 0.5145791806275959 0.7878350841064827 0.5721868511363964
2 0.9104704328663421 0.6221019800810995 0.844607841000651 0.5498589477181471 0.8089067082006896 0.5824069881566121 0.8747693000663808 0.6546500205195643
2 0.8846703272724277 0.5058228234691167 0.8184980532279097 0.4499899645597832 0.7853682388259545 0.4892549278891769 0.8515405128704725 0.5450877867985104
2 1.0223873754483594 0.6959585526056448 0.9308051251812842 0.6482001054764317 0.9048341506240044 0.6980024008724596 0.9964164008910795 0.7457608480016726
3 0.07942808388353632 0.10449633125240439 0.032476230645677145 0.058278113577417086 0.007617210718537779 0.08353172814697513 0.05456906395639695 0.12974994582196242
1 0.16610688735552825 0.09123372110712623 0.030913075691031633 -0.01809136569640907 -0.010215053553153781 0.03276858531505148 0.12497875811134285 0.14209367211858678
2 0.47022340304698257 0.1976729551992174 0.4612106915391413 0.14960517039480636 0.4407494747752596 0.15344164932851725 0.44976218628310083 0.20150943413292832