2 0.9273767536040449 0.6330277910930087 0.8583848939410661 0.5804625646831201 0.8285427133318618 0.6196304267327007 0.8975345729948406 0.6721956531425892
3 0.34222307884081454 0.15692112059444976 0.25457294830321536 0.0876666848125876 0.2120343924674525 0.1415045354829712 0.2996845230050517 0.2107589712648334
2 0.827631772286548 0.5559312377322491 0.7596008884028198 0.5025736821071665 0.7317107038185925 0.5381336676934136 0.7997415877023208 0.5914912233184962
2 0.21257225187925022 0.11161302407069724 0.18489884230410733 0.07699278923813904 0.16144963997557568 0.09573672276101572 0.18912304955071857 0.1303569575935739
2 1.0253900767451758 0.7235231662237669 0.9512976153455287 0.6561996420768289 0.9184955903556192 0.6922996947878346 0.9925880517552663 0.7596232189347726
3 0.9825764919793664 0.4191185812468421 0.8547206292899063 0.3396292507911793 0.8003727693370132 0.427045920170209 0.9282286320264733 0.5065352506258718
3 1 0.4611111105769232 0.9651041658653846 0.4611111105769232 0.9651041658653846 0.5574074062500002 1 0.5574074062500002
2 0.298694095842418 0.2347680168867678 0.25982361409484833 0.19468282785425411 0.23571303055518317 0.2180627848912944 0.2745835123027528 0.25814797392380806
2 0.2692569450084249 0.26456481492843403 0.23592361037930404 0.22012037058777473 0.20847916688956045 0.2407037040532967 0.24181250151868133 0.28514814839395597
1 0.23957920981030767 0.2524733537046498 0.11312642710509516 0.12893232083416473 0.06900262968917664 0.1740960760426333 0.19545541239438918 0.2976371089131184
2 0.15124267688308018 0.09962404870606603 0.119089250409532 0.075126201175747 0.11315907352645184 0.082909558719681 0.14531250000000004 0.10740740625000003
3 0.10418357344805584 0.1709529750153291 0.06309235742874765 0.10520703317747063 0.028926732515744537 0.12656054998003102 0.07001794853505273 0.1923064918178895
2 0.09322916586538461 0.13518518509615388 0.08907138760432118 0.09189147384976039 0.06993890353316909 0.0937288914344634 0.07409668179423252 0.13702260268085692
1 0.23506393053398458 0.18459013034061408 0.10931513220963537 0.08121282510372038 0.07660084419859735 0.12100668891162074 0.20234964252294657 0.22438399414851448
2 0.8028053148571223 0.8609323138855985 0.7326903733093614 0.7820530008520936 0.6942277301926887 0.8162420153121003 0.7643426717404496 0.8951213283456052
2 0.30295259033802024 0.059073433224618555 0.2847288296711957 0.024903882959982804 0.25471633579115405 0.04091054682440246 0.27294009645797856 0.0750800970890382
2 0.2724344492152206 0.927388230029121 0.23506633396726012 0.9082484639134514 0.18909222391995067 0.9980074417550768 0.22646033916791117 1.0171472078707462