2 0.8902522977062025 0.443821882132081 0.8199299578536069 0.39767286467040336 0.7929557720744348 0.4387764019490718 0.8632781119270304 0.4849254194107495
0 0.18912801008186042 0.31546203225125863 0.18233371083117084 0.2757746806620723 0.17146563549262586 0.27763524714414595 0.17825993474331542 0.31732259873333224
2 0.792542261349483 0.8354401590540037 0.7155941003640799 0.7567431770535158 0.6753534470416052 0.7960895940482158 0.7523016080270083 0.8747865760487036
2 0.47437258225381385 0.24723296298525377 0.44790024356121844 0.24127668766304314 0.43284751198258165 0.3081777268263082 0.459319850675177 0.3141340021485188
2 1.0243396818007702 0.5620500583057204 0.9640627163994032 0.5099031361799314 0.9349594231897534 0.5435438215042209 0.9952363885911205 0.5956907436300098
2 0.29838012065724706 0.20258040405193586 0.25533282023608567 0.1613727266289202 0.23156631617910392 0.1862002321832667 0.2746136166002653 0.22740790960628238
2 0.24436873633234518 0.16094601483650958 0.20610850681218776 0.12207848208797804 0.1898406824378605 0.13809212253133463 0.22810091195801793 0.17695965527986618
3 0.250636746984043 0.2196505095856563 0.20364119618774618 0.1361028677422871 0.17317630942321072 0.15323936737120852 0.2201718602195075 0.23678700921457768
3 0.23425265054996539 0.26344588898908017 0.18987135990989207 0.150731495726741 0.13909746448618096 0.17072371628089567 0.18347875512625428 0.28343810954323484
3 0.17455320300050628 0.1685181621634722 0.08432454748577167 0.08214544158959401 0.04191486282758577 0.12644842060990816 0.13214351834232035 0.21282114118378637
2 0.8188240365364009 0.5398144559416846 0.7586445812877888 0.4822067854328841 0.7276556288578706 0.5145791806275959 0.7878350841064827 0.5721868511363964
2 0.9104704328663421 0.6221019800810995 0.844607841000651 0.5498589477181471 0.8089067082006896 0.5824069881566121 0.8747693000663808 0.6546500205195643
2 0.8846703272724277 0.5058228234691167 0.8184980532279097 0.4499899645597832 0.7853682388259545 0.4892549278891769 0.8515405128704725 0.5450877867985104
2 1.0223873754483594 0.6959585526056448 0.9308051251812842 0.6482001054764317 0.9048341506240044 0.6980024008724596 0.9964164008910795 0.7457608480016726
3 0.07942808388353632 0.10449633125240439 0.032476230645677145 0.058278113577417086 0.007617210718537779 0.08353172814697513 0.05456906395639695 0.12974994582196242
1 0.16610688735552825 0.09123372110712623 0.030913075691031633 -0.01809136569640907 -0.010215053553153781 0.03276858531505148 0.12497875811134285 0.14209367211858678
2 0.47002293383716914 0.19100370207501965 0.46055640833388894 0.14307939367412967 0.43944924878494857 0.14724870713610833 0.4489157742882287 0.19517301553699828