0 0.5079528316769444 0.06260801197257218 0.504719103392068 0.028114805792605255 0.4863906084564587 0.029833096988362964 0.48962433674133504 0.06432630316832989
2 0.8356385374029613 0.4260437526866067 0.7703030984546513 0.3840424025386286 0.7448894405433035 0.4235747625477754 0.8102248794916136 0.4655761126957535
2 0.008333334134615393 0.05533768990384616 6.7769124812954e-18 0.05533768990384616 8.377757971338954e-18 0.08148148076923077 0.008333334134615395 0.08148148076923077
3 0.9994791658653847 0.5907407403846154 0.9927083341346153 0.5907407403846154 0.9927083341346153 0.6314814807692308 0.9994791658653847 0.6314814807692308
0 0.2224949196469591 0.35682813736768115 0.21545985654329503 0.32399785505998185 0.2008290967007964 0.32713301904614084 0.2078641598044605 0.35996330135384014
3 0.9135999601111015 0.4188756208421889 0.8385607964378222 0.36494676768106377 0.8007958358211824 0.4174947247525817 0.8758349994944616 0.4714235779137068
2 0.9855555789801144 0.5543210105912905 0.9242123720717468 0.5047507335430538 0.8962717055452186 0.5393273022038797 0.9576149124535861 0.5888975792521164
2 0.3147629288255726 0.2373403628581488 0.27568247457697 0.19337483914610606 0.25610991844907877 0.2107726617967377 0.2951903726976814 0.2547381855087804
2 0.25472317716392695 0.18771151982041717 0.21837931217565634 0.1490961599941902 0.19550830340388073 0.17062181348253122 0.2318521683921513 0.20923717330875818
3 0.3188642056491734 0.2705860462513059 0.255805198610766 0.20830554307722843 0.22242299888424574 0.24210501900035059 0.2854820059226531 0.304385522174428
3 0.2688917590489033 0.3148161732131698 0.2248697685304259 0.19938072215325572 0.17346503054221946 0.21898422235656084 0.21748702106069684 0.3344196734164748
3 0.18552482639097995 0.19269243201327618 0.09337948125296294 0.10763519286390077 0.05162406917325006 0.15287022395523758 0.14376941431126705 0.237927463104613
2 0.8214282024017857 0.5648144559416846 0.7612487471531734 0.5072067854328839 0.7302597947232552 0.5395791806275958 0.7904392499718675 0.5971868511363965
2 0.9141162670009575 0.6461760546003303 0.8482536751352664 0.5739330222373777 0.8125525423353047 0.6064810626758426 0.8784151342009958 0.6787240950387953
2 0.8420350879829505 0.49797105946318543 0.7758169334576649 0.442208418259621 0.7447706584462842 0.47907587991075073 0.8109888129715698 0.5348385211143152
2 1.0247268961786065 0.7261094318273938 0.9398896522487266 0.6632670264993552 0.9097006956068548 0.704022116398378 0.9945379395367347 0.7668645217264166
3 0.08951513725315544 0.12995717461520534 0.04318660933879395 0.08289327550457333 0.018718744828242206 0.1069788307901071 0.06504727274260368 0.1540427299007391
1 0.21078366479536742 0.15151271921436738 0.07835222507643393 0.03148770844796283 0.03654303337025366 0.0776185224823002 0.16897447308918717 0.19764353324870473