2 0.9214875281828129 0.6202261934753311 0.8518039879770016 0.5665440578056186 0.8210956785452649 0.6064058048885727 0.8907792187510762 0.6600879405582852
3 0.3302439129754299 0.15229149078675744 0.2425937824378306 0.08303705500489536 0.20005522567815348 0.13687490684460796 0.2877053562157527 0.20612934262647004
2 0.8198169665044942 0.5485505767639536 0.7520786854146437 0.4918806459835889 0.7236649786728125 0.5258439070565957 0.791403259762663 0.5825138378369604
2 0.20840558737656784 0.11439080113705771 0.18073217547022674 0.07977056811860096 0.15728297391219973 0.09851450358674602 0.18495638581854082 0.13313473660520275
2 1.024715128818281 0.7129033684421434 0.9419848944905549 0.6418166509323433 0.9101832370436441 0.6788272017744229 0.9929134713713702 0.749913919284223
3 0.8948027949901979 0.15513872184298588 0.8795038959270001 0.08973593086330721 0.7839287758017844 0.11209268496884682 0.7992276748649823 0.1774954759485255
2 0.308724187216437 0.8233501307943546 0.2708001468338392 0.8078357511124905 0.22705752289993766 0.9147621684444889 0.2649815632825355 0.930276548126353
2 0.21601781346735846 0.758458144026389 0.1757308324403908 0.7375134928317858 0.1230532977742947 0.8388385910595986 0.16334027880126237 0.8597832422542019
2 0.646244720035911 0.13998452072059803 0.643378509492806 0.10881449222601013 0.5999405907884255 0.11280878503144208 0.6028068013315308 0.14397881352602998
3 0.24635416586538475 0.9444444447115384 0.18030181730769243 0.9444444447115384 0.18030181730769243 1 0.24635416586538475 1
2 0.6281303987698005 0.5801686494061031 0.5656384788413847 0.520410743166819 0.535470825817653 0.5519586114880144 0.5979627457460688 0.6117165177272985
3 0.5837679531116368 0.15873753724506287 0.4862100620848703 0.09714335401865838 0.443915995117379 0.16413214679356564 0.5414738861441456 0.22572633001997014
2 0.23123994558180408 0.040842312639055786 0.19782545932766288 0.016382035594027212 0.17936802902838417 0.04159620425968298 0.21278251528252537 0.06605648130471155
2 0.7575887368547977 0.12246530874371662 0.7535748769657018 0.09010354667149871 0.7167720351730172 0.0946682378693 0.7207858950621131 0.1270299999415179
2 0.4559501031375826 0.20625298973905265 0.42069309986526066 0.17939050939492315 0.39977806683098965 0.20684148855557122 0.43503507010331166 0.23370396889970071
2 0.7505723920152538 0.3239810848447019 0.7004234423106367 0.2857723588984281 0.6784243984035818 0.314646102241659 0.728573348108199 0.35285482818793285
2 0.6969764193076856 0.33873065456032453 0.6545533289487173 0.3080917569875223 0.6333893246914715 0.3373957638575257 0.6758124150504398 0.368034661430328
2 0.8575610634563937 0.4983876111484442 0.8001113493913308 0.44732120110128165 0.7720653730463201 0.47887292600632825 0.829515087111383 0.5299393360534908