0 0.45899450281888465 0.03760801006501033 0.45576075961780754 0.0031148039783217905 0.43743226734768004 0.00483310285478932 0.44066601054875715 0.03932630894147786
2 0.775672292369638 0.3775085191513959 0.7139512252995457 0.34279041725532866 0.6906729119147831 0.38417408350530624 0.7523939789848755 0.41889218540137335
2 0.008854165865384624 0.05462962980769231 6.6902001282595226e-18 0.05462962980769231 8.334401794821015e-18 0.08148148076923077 0.008854165865384626 0.08148148076923077
3 0.9994791658653847 0.5907407403846154 0.9927083341346153 0.5907407403846154 0.9927083341346153 0.6314814807692308 0.9994791658653847 0.6314814807692308
0 0.24367082503059218 0.3686328925899676 0.23571248886004184 0.3387645713006221 0.22137919354957966 0.34258364038747835 0.22933752972013005 0.3724519616768239
3 0.8682129460718423 0.3819532882545472 0.7965329363314072 0.33208893771753406 0.7602979772389802 0.3841766956591821 0.8319779869794153 0.43404104619619527
2 0.8328125 1.0095363127127277e-16 0.8158854158653847 9.991714630105505e-17 0.8158854158653847 0.007407406250000101 0.8328125 0.007407406250000103
2 0.9631597467428945 0.5339506304067133 0.9018165309597072 0.48438036698561837 0.8738758731098298 0.5189569394167394 0.9352190888930173 0.5685272028378342
2 0.34655360243181615 0.25565928643824537 0.301607036588781 0.2183702808476007 0.27976687176102394 0.2446954775350609 0.32471343760405913 0.28198448312570557
2 0.26819377187168575 0.1967002236590743 0.23145573395517222 0.1579530808139533 0.2080026606456594 0.18019007258255143 0.2447406985621729 0.21893721542767247
3 0.3790808425981143 0.32531633738723154 0.31085177111199513 0.25675765785225074 0.27331194951954485 0.2941170000738376 0.34154102100566397 0.36267567960881836
3 0.3053300211455561 0.3500479192106043 0.26101564618874035 0.22884621050970624 0.2069192191415427 0.24862521674392918 0.2512335940983584 0.3698269254448273
3 0.19747800430462897 0.2042922599963099 0.10717713044155398 0.116155452704382 0.06506896587215963 0.1592975198408975 0.15536983973523466 0.2474343271328254
2 0.8214282024017857 0.5648144559416846 0.7612487471531734 0.5072067854328839 0.7302597947232552 0.5395791806275958 0.7904392499718675 0.5971868511363965
2 0.9146370998228291 0.6471019812779027 0.8487745068660354 0.5748589477181472 0.8130733753788176 0.6074069869598087 0.8789359683356113 0.6796500205195642
2 0.7837459297318964 0.4485443315070766 0.7190461048278117 0.3940602676027657 0.687999823679481 0.43092772590667994 0.7526996485835655 0.48541178981099087
2 1.0249391059806146 0.7286585976441621 0.9404104859809259 0.6660448026435778 0.9102215273376236 0.7067998952445328 0.9947501473373122 0.769413690245117
3 0.09055680430153641 0.12995717581697938 0.044228275204178574 0.08289327550457333 0.019760410693626825 0.1069788307901071 0.06608893979098467 0.15404273110251315
1 0.22315995068861988 0.15928004253331676 0.09033139213795029 0.038895115782038664 0.048522200431769996 0.08502592981637604 0.18135075898243957 0.20541085656765418