3 0.3490479600089312 0.8216983519760046 0.30156335050813443 0.7999085398781337 0.24294734282759473 0.9276452189602864 0.2904319523283915 0.9494350310581573
2 0.4647782998918668 0.6939403291642855 0.4323832605040898 0.6606376671008984 0.377386184177509 0.7141358664466764 0.409781223565286 0.7474385285100633
2 0.23792255060091858 0.7746184319741805 0.20041172366324359 0.754902188487801 0.15510625239937104 0.8410973956571058 0.19261707933704605 0.8608136391434852
1 0.25428020324831074 0.2721173999588182 0.1286555316701556 0.1471937625604893 0.08363044000610452 0.192471521604899 0.2092551115842597 0.3173951590032279
3 0.7618454459943251 0.5011869406658018 0.6889735650114758 0.4415939411843643 0.6534085671787303 0.4850837522657883 0.7262804481615798 0.5446767517472259
2 0.7179492047319916 0.1963948287468402 0.7116772608919207 0.16199712021159163 0.6702630401980255 0.16954842747690663 0.6765349840380964 0.20394613601215517
2 0.2531938963506462 0.5623025000822577 0.21974437468666502 0.538169758982189 0.16576167058695926 0.6129932372922534 0.19921119225094047 0.6371259783923222
2 0.4348121637042047 0.4103585197365197 0.42238749343884435 0.3670274817022302 0.3606447891633105 0.3847314827305024 0.3730694594286709 0.4280625207647919
2 0.5817800855512062 0.39444868668432254 0.5258021504266421 0.36876705865280385 0.5113912569475103 0.40017830949997746 0.5673691920720745 0.42585993753149626
2 0.26992178348118995 0.8251991219716766 0.23168821911877993 0.8073236899858995 0.17399387340045802 0.9307254898486245 0.21222743776286807 0.9486009218344014
3 0.9113387480561094 0.6295709185996995 0.8311738159340577 0.5623164416243955 0.7939731576344413 0.6066582963470105 0.874138089756493 0.6739127733223145
2 0.069152777298901 0.0926666679324176 0.03965972445219782 0.05334259260865396 0.01843750042032964 0.06925925866483519 0.04793055326703281 0.10858333398859882