2 0.9253795503445738 0.609650769693136 0.8566373936173525 0.5557962758401142 0.8246004949740022 0.5966895300522083 0.8933426517012235 0.65054402390523
3 0.33232724711004524 0.1467359354982959 0.24467711657244598 0.07748149971643382 0.2021385598127688 0.13131935155614644 0.2897886903503681 0.20057378733800849
2 0.820668731211576 0.5321744755966958 0.7519445398810773 0.4778738708404167 0.7237189592789627 0.513596865278887 0.7924431506094614 0.5678974700351661
2 0.2068430860138656 0.1069833942630049 0.1791696776111184 0.07236316089714769 0.15572047528258684 0.09110709442002436 0.18339388368533405 0.12572732778588158
2 1.0259102018027357 0.700195680110057 0.947193228390385 0.6325573895840397 0.9153915685381088 0.6695679407613693 0.9941085419504596 0.7372062312873866
2 0.3087241880588466 0.8177945734466692 0.270800146833839 0.8022801934201829 0.2270575220575279 0.9092066128114049 0.2649815632825355 0.924720992837891
2 0.22077673766721514 0.7404262362901424 0.1807407529114416 0.7199227328567818 0.12862682550029853 0.8216825325991638 0.16866281025607208 0.8421860360325244
2 0.6452030505019638 0.1325771151811378 0.6423368419709165 0.10140708407398831 0.5988989237354968 0.10540137369754721 0.601765132266544 0.1365714048046967
3 0.24635416586538475 0.938888889423077 0.17741036778846167 0.938888889423077 0.17741036778846167 1 0.24635416586538475 1
2 0.7051715686651583 0.12419798447398192 0.6981617647058822 0.09265386665723985 0.6614828429864252 0.10080473815045249 0.6684926469457012 0.13234885596719456
2 0.7478002579476739 0.1722461144417505 0.7281684499901911 0.168302225230402 0.718348786383008 0.21718233818808394 0.7379805943404908 0.22112622739943244
2 0.3277542120173446 0.09161945690084278 0.31932610116006344 0.052662874967998034 0.2840003782496728 0.06030546305017656 0.29242848910695396 0.09926204498302132
2 0.42319621026587506 0.1321219340092431 0.38567208111881107 0.10829708657189005 0.36738633119911107 0.13709713842288196 0.404910460346175 0.160921985860235
2 0.942563527054219 0.44447689617580627 0.8927540603096238 0.4101411221573951 0.8704138715187931 0.4425490967103554 0.9202233382633884 0.47688487072876656
2 0.9616254719774726 0.5613303495841406 0.9030381054664718 0.5139870196343466 0.8752620412053962 0.548359896633545 0.9338494077163969 0.5957032265833391