0 0.8682291658653847 0.07407407451923087 0.8500000000000001 0.07407407451923087 0.8500000000000001 0.1046296298076924 0.8682291658653847 0.1046296298076924
2 0.8891159480754478 0.44475983447591894 0.8187936156948138 0.39861079148978046 0.7921213760593736 0.43925419338096894 0.8624437084400076 0.4854032363671073
0 0.19121134410262697 0.31638795759921395 0.18441704157205002 0.27670060853904505 0.17354896932789432 0.27856117550810644 0.1803432718584713 0.31824852456827535
2 0.4248668070574147 0.10264864976673839 0.3974715032231951 0.0614386106737715 0.3711361900403487 0.0789456046512787 0.3985314938745684 0.12015564374424557
2 0.9896611498991711 0.5352916071733816 0.9265318756837266 0.48161647235217203 0.8986388843174995 0.5144224318809737 0.9617681585329442 0.5680975667021834
2 0.298550257589775 0.2023986708406098 0.2574839118855455 0.1619740113593271 0.23335180463955527 0.18648918282772828 0.27441815034378475 0.226913842309011
2 0.24593123633234518 0.16094601483650964 0.2076710068121877 0.12207848208797804 0.19054350097541325 0.1389383715145222 0.22880373049557073 0.1778059042630538
3 0.2588590170923876 0.21611800986482818 0.2054912564245621 0.14021719359808676 0.174210965116537 0.16221114810682155 0.22757872578436253 0.23811196437356294
3 0.23633598489003596 0.2643718140893344 0.1915691361103949 0.15067823043367537 0.1407952407574747 0.17067045182500415 0.18556208953711578 0.28436403548066325
3 0.17740040130386595 0.16556303137037995 0.08325433151068297 0.08345661001956262 0.04128238179198366 0.13158310296082748 0.13542845158516664 0.21368952431164484
2 0.818824036536401 0.5407403814224538 0.7586445824885664 0.48313271206311537 0.7276556300586481 0.5155051072578272 0.7878350841064827 0.5731127766171656
2 0.9115120998228293 0.622101981277903 0.8456495068660357 0.5498589477181473 0.8099483753788177 0.5824069869598089 0.8758109683356115 0.6546500205195644
2 0.8840513282558237 0.5099310647024868 0.8205188545989238 0.45048547784295295 0.7867241876277075 0.486603529703823 0.8502566612846073 0.5460491165633569
2 1.0227926181026694 0.6962809898166035 0.9323676251812842 0.6491260309572009 0.906396649638456 0.6989283282431296 0.9968216425598412 0.7460832871025322
3 0.08203225335454113 0.10542225791616959 0.03508039769405775 0.059204037856412275 0.010221376583922394 0.08445765362774436 0.05717323224440578 0.13067587368750166
1 0.1823439880815563 0.10578025490118809 0.04653909095390623 -0.007516943671120901 0.005534533343143586 0.04163360725393481 0.14133943047079367 0.15493080582624377
2 0.3523637830991123 0.0276175212647928 0.31912393176775133 0.005457620377218957 0.30219017067307685 0.030858262019230896 0.3354300220044379 0.053018162906804736