2 0.922268394582929 0.6273093044902314 0.8535086327371525 0.5692973015123975 0.8218344908396696 0.6068396434717405 0.8905942526854461 0.6648516464495743
3 0.33180641219096757 0.1550692625077193 0.24415627438505666 0.08581483596592229 0.20161772486447646 0.13965269029126506 0.28926786267038734 0.20890711683306204
2 0.8216081591531298 0.5511885390632559 0.7534172541609969 0.49376463476265153 0.7249401565477029 0.5275811974198057 0.7931310615398357 0.5850051017204102
2 0.2099680860138656 0.1171685793591588 0.18229467761111845 0.08254834599330153 0.15884547411019106 0.1012922804533234 0.18651888251293824 0.13591251381918068
2 1.0247106856524166 0.7165780075267068 0.9430060515577214 0.6464560257738209 0.9112261549041768 0.6834852819747586 0.992930788998872 0.7536072637276446
3 0.7754516234103696 0.14087427464090319 0.7384660239018209 0.12540433749166657 0.6916602346260667 0.23730784169691738 0.7286458341346154 0.25277777884615393
2 0.8384431671676281 0.7904947543442962 0.77611847247763 0.7298545100347938 0.7426131567334096 0.7642905285243056 0.8049378514234077 0.8249307728338079
2 0.3097658563097452 0.8261279089657627 0.27184181373404476 0.8106135277764518 0.22809918755421418 0.9175399463924774 0.26602323012991463 0.9330543275817882
2 0.21653864796698422 0.7621618496033811 0.17625166659388294 0.7412171966441126 0.12357412858170512 0.84254229364164 0.16386110995480638 0.8634869466009086
2 0.7478786975325588 0.7954089242028164 0.6834025527404903 0.7319402577512786 0.6494535831526792 0.7664281208349721 0.7139297279447476 0.8298967872865097
3 0.34821735479562876 0.040411418702008595 0.22774592035644434 -0.013131442452836066 0.19827856586495723 0.05317010341433297 0.31875000030414175 0.10671296456917763
2 0.17607683314740405 0.6284434954595836 0.14113332347124333 0.6120637253418372 0.09145052192960292 0.7180537022419492 0.12639403160576365 0.7344334723596956
2 0.6478072186209258 0.1418363748705168 0.6450298059394132 0.11163199663655393 0.6015918877736793 0.11562628593585697 0.6043693004551921 0.14583066416981985
3 0.24739583413461552 0.9481481490384615 0.18301281971153857 0.9481481490384615 0.18301281971153857 1 0.24739583413461552 1
2 0.3397223071657459 0.32186547701965157 0.29220046171155584 0.2781237779805965 0.26757675033075046 0.30487546418515904 0.3150985957849405 0.34861716322421404
3 0.8062666745840753 0.3102363962271691 0.6886402216238121 0.23295525013698448 0.6410769861857522 0.305349293948965 0.7587034391460153 0.3826304400391496
2 0.17894037357690012 0.020169221472091454 0.1527945418881291 -0.003071520041502582 0.13325431003654836 0.018911238677798963 0.15940014172531938 0.042151980191393
2 0.6531607251693992 0.31036109732615896 0.6036195102356054 0.2785131695029061 0.5818347618047837 0.31240055176147774 0.6313759767385771 0.3442484795847306
2 0.8901041658653847 0.09629629567307701 0.8552083341346154 0.09629629567307701 0.8552083341346154 0.1296296298076924 0.8901041658653847 0.1296296298076924
2 0.9382741216374243 0.5595383256728894 0.8818230287739274 0.5132194514684425 0.8541260066133672 0.5469751762541285 0.9105770994768642 0.5932940504585754
2 1 0.5046296298076924 0.9734375 0.5046296298076924 0.9734375 0.5524286586538463 1 0.5524286586538463