2 0.9210398843778412 0.6208072660878894 0.8516831962398019 0.5673769329064686 0.8203780301971104 0.6080134498258034 0.8897347183351497 0.6614437830072242
3 0.3302439121909675 0.15321741154618085 0.24259377438505667 0.08396298500438383 0.20005522603380538 0.1378008378497946 0.28770536383971623 0.2070552643915916
2 0.8198169665044942 0.5485505767639536 0.7528407674723484 0.49251820478732944 0.7244270607305172 0.5264814658603362 0.791403259762663 0.5825138378369604
2 0.20892641910733706 0.11439080113705771 0.18125300720099596 0.07977056811860098 0.1578038071096697 0.09851450241435024 0.18547721901601083 0.133134735432807
2 1.024715129151342 0.7138292985141083 0.9419848960342685 0.6427425756807086 0.9101832357625402 0.6797531264970125 0.9929134688796138 0.7508398493304121
3 0.8676993630615696 0.14846505720453626 0.8407292978422146 0.08937931925955366 0.745581633276948 0.13281008289297067 0.7725516984963031 0.19189582083795328
2 0.308724187216437 0.8233501307943546 0.2708001468338392 0.8078357511124905 0.22705752289993766 0.9147621684444889 0.2649815632825355 0.930276548126353
2 0.21549698159012565 0.7603099972218151 0.17520999930847062 0.7393653437902018 0.12253246180776664 0.8406904398039108 0.16281944408942167 0.861635093235524
2 0.646765550501964 0.1418363747965224 0.6439881376239937 0.11163199682961311 0.6005502193885739 0.11562628645317202 0.6033276322665441 0.14583066442008133
3 0.24635416586538475 0.9444444447115384 0.18030181730769243 0.9444444447115384 0.18030181730769243 1 0.24635416586538475 1
2 0.5436221743307855 0.5081990453108924 0.4868551522637514 0.44856501094943607 0.4575136715987992 0.47649584773118087 0.5142806936658333 0.5361298820926372
3 0.6347287900677117 0.1904360264972976 0.5320549703203279 0.12905384055987695 0.48983855264353393 0.19966913052929058 0.5925123723909176 0.26105131646671126
2 0.3223751635688824 0.09683715287262419 0.2861192530690847 0.07105517331228639 0.2670528932435444 0.09786724310599428 0.3033088037433421 0.12364922266633208
2 0.7790809082777107 0.12081854643370239 0.776342119232072 0.08846662727356613 0.7404493512695554 0.09150517096016524 0.7431881403151941 0.12385709012030148
2 0.5511776712523869 0.2682767317638187 0.5100302915067405 0.24513133288241157 0.49149511712399196 0.27808275717570347 0.5326424968696384 0.3012281560571106
2 0.8177813144438516 0.37254237807182417 0.7642201712266787 0.3317338846382599 0.7419022988148344 0.3610260897646127 0.7954634420320071 0.40183458319817694
2 0.8162581979324602 0.42393723027619107 0.7666988939535254 0.3900505253975163 0.7447299886587575 0.4221800481553633 0.7942892926376923 0.45606675303403804
2 0.9826676262200215 0.5907385263721218 0.9146301364520922 0.5375180936717473 0.8872203412804283 0.5725590274618251 0.9552578310483576 0.6257794601621997