0 0.9817708341346154 0.09722222115384628 0.9635416658653846 0.09722222115384627 0.9635416658653846 0.12407407451923089 0.9817708341346154 0.1240740745192309
2 0.8885951112979112 0.4419820465723864 0.8182727729111503 0.39583301961305584 0.7916204479509141 0.4364460929135906 0.8619427863376751 0.48259511987292114
0 0.18912801008186042 0.31546203225125863 0.18233371083117084 0.2757746806620723 0.17146563549262586 0.27763524714414595 0.17825993474331542 0.31732259873333224
2 0.9350615528846155 0.9268518509615385 0.8567708341346154 0.9268518509615385 0.8567708341346154 1 0.9350615528846155 1
2 0.46926459811276666 0.22032051323875995 0.46158475925807974 0.15888176695582398 0.4382229385935377 0.16180199285414457 0.44590277744822465 0.2232407391370805
2 1.0040957570068099 0.5443841509748998 0.9408327731380044 0.4905953414384462 0.9129397847791564 0.5234013040132951 0.9762027686479618 0.5771901135497488
2 0.29814814903846154 0.2015624999999999 0.2566550925480769 0.16006944350961538 0.23232060096153845 0.18440393509615388 0.27381365745192315 0.22589699158653836
2 0.245410398911375 0.1609460272621572 0.2071501800974345 0.12207847976283329 0.19088235798489997 0.1380921074212971 0.22914257679884048 0.17695965492062105
3 0.2516784128494275 0.21872458410488718 0.20468286205313085 0.13517694226151786 0.1742179771146624 0.15231344086327644 0.221213527910959 0.23586108270664574
3 0.23425265157488584 0.2625199628051315 0.18948580311790936 0.14882637996893772 0.13871190776498912 0.1688186013602665 0.18347875622196563 0.2825121841964603
3 0.1757670763041624 0.16504703313520105 0.08221266270025678 0.08345661252023119 0.04024071449746943 0.13158310791428512 0.13379512810137506 0.213173528529255
2 0.81882403589069 0.5379626133843955 0.7586445899477827 0.48035493087466274 0.72765562877544 0.5127273234523848 0.7878350747183472 0.5703350059621177
2 0.9109912658041542 0.6202501278068173 0.8451286751352665 0.5480070967566084 0.8094275423353048 0.5805551371950733 0.8752901330041924 0.6527981682452823
2 0.8840513282558237 0.5090051392217175 0.8205188545989238 0.44955955236218365 0.7867241876277075 0.4856776042230538 0.8502566612846073 0.5451231910825877
2 1.0223873764339082 0.6950326252349749 0.9308051251812846 0.6472741775918162 0.9048341496384562 0.6970764748777447 0.9964164008910799 0.7448349225209033
3 0.07942808272501356 0.10264448722016913 0.032476234569360884 0.05642625954927626 0.0076172123066034535 0.08167986829624335 0.05456906046225612 0.12789809596713622
1 0.17574826887299103 0.09845131172509342 0.039817194398705194 -0.014978696581925122 -0.0030076590946983774 0.03634130626781488 0.13292341537958746 0.14977131457483342
2 0.4424071154212843 0.11701371245912937 0.41840229354072905 0.07908016654337238 0.3965994320538915 0.09287728974509638 0.4206042539344467 0.13081083566085336