3 0.959174348909058 0.4777194513953202 0.892684548186933 0.3238922025632452 0.8046661836426794 0.36193698047397455 0.8711559843648045 0.5157642293060495
1 0.19747603392382806 0.13308805785190328 0.07247940600678891 0.034325290589804415 0.032593257695542596 0.08480619728892218 0.15758988561258175 0.18356896455102104
2 0.455197813999885 0.17496882922922913 0.4410430410410795 0.13302875959005972 0.41831895628363314 0.1406981379007219 0.43247372924243865 0.1826382075398913
1 0.24032364184464258 0.23742561546104474 0.11347819718531396 0.11184862136244794 0.06787749186920852 0.15790993843824053 0.19472293652853714 0.2834869325368373
2 1.0298654499572917 0.708561680883016 0.9487754639510222 0.6501184580227738 0.9172956656633328 0.6937966858428464 0.9983856516696024 0.7522399087030885
2 0.5379270764377024 0.2811926272976971 0.5128378980325542 0.2723722090708948 0.49049544356659036 0.3359240511368563 0.5155846219717386 0.3447444693636586
2 0.8304296685896495 0.5455109399830999 0.7603733288421056 0.49387049365454266 0.7328253660336326 0.5312425455842303 0.8028817057811766 0.5828829919127876
0 0.18023501615469925 0.3085230857234595 0.17532245098825414 0.27358927689182216 0.16242643340844543 0.27540277873623187 0.1673389985748906 0.3103365875678693
2 0.41527210872033604 0.43252853884834574 0.3828497473270284 0.41474689955151606 0.3460163676831297 0.4819074760437129 0.3784387290764373 0.4996891153405426
2 0.9332549710510004 0.17658225084730544 0.9319730689774498 0.13980776290450933 0.8822594111884379 0.14154070453248385 0.8835413132619885 0.17831519247528
3 0.24773340633895652 0.07467640713818732 0.16655831174818866 0.015471779388553871 0.1293481553986321 0.06649039188935144 0.21052324998939995 0.12569501963898488
2 0.27245908833550825 0.24011421365438945 0.22871554155464474 0.2038232616683581 0.2051160274831823 0.2322690970983025 0.24885957426404587 0.2685600490843339
2 0.3875351877262888 0.6862242117200252 0.351532204830327 0.6667225954077417 0.30897138238976063 0.7452964191271949 0.34497436528572245 0.7647980354394786
2 0.3005430692655138 0.21699413336516646 0.2584541808712371 0.1813633270048872 0.23727600832210985 0.20638004236636254 0.27936489671638653 0.2420108487266418
3 0.060914951657193815 0.11385681826655934 0.017212940549807626 0.051702849902003974 -0.013805956448128192 0.07351301290224313 0.029896054659258 0.1356669812667985
2 0.9324782052877191 0.6273152505525791 0.8635236043620663 0.5701084715076302 0.8309150261681888 0.6094134548269156 0.8998696270938417 0.6666202338718643
2 0.02291666586538462 0.008333334134615386 1.020539097418211e-18 0.008333334134615384 3.5151899627638384e-18 0.04907407451923077 0.022916665865384624 0.04907407451923077