2 0.2256980553260283 0.27854853726577916 0.19677776696857452 0.23160545672682334 0.16862405381993317 0.24895015360746517 0.19754434217738698 0.295893234146421
3 0.5070852543641613 0.17115359144099956 0.4499984929681617 0.1316862051833102 0.41828422070320076 0.17755863975034122 0.4753709820992004 0.21702602600803056
2 0.3284046917724736 0.830111178370072 0.2907281320647273 0.8128741519353448 0.24596806373394953 0.9107103647748038 0.2836446234416959 0.927947391209531
2 0.2767686984665636 0.9386617014680447 0.22292729167005432 0.9173910324660819 0.1902916658653848 1.0000000000000002 0.24413307266189405 1.021270669001963
0 0.6154463745733539 0.831707248536783 0.5958333341346153 0.7861111105769232 0.5783045616338491 0.7936510588988981 0.5979176020725879 0.8392471968587578
2 0.044043355285990946 0.10021181446570536 0.0182053560632183 0.06116771866863656 -0.008022900881072536 0.07852464981806132 0.017815098341700107 0.11756874561513012
2 0.3622019178163923 0.32344158952154195 0.3218422309176382 0.2795940288296351 0.2968253372564847 0.30262094251448096 0.3371850241552388 0.3464685032063878
2 0.7224835663623353 0.18178271622929779 0.7141305779558393 0.14810972889195909 0.6733371576895462 0.15822902609395773 0.6816901460960422 0.19190201343129643
2 0.23281249999999998 2.650212213779819e-17 0.2 2.4492935982947065e-17 0.2 0.021296295673076948 0.23281249999999998 0.021296295673076948
3 0.6508871839788031 0.6781685444023313 0.5125920275415743 0.5306537406559303 0.4534559722781497 0.5860938036600167 0.5917511287153785 0.7336086074064178
2 0.8255948697679306 0.5657403861463268 0.7654154190169733 0.5081327097167591 0.7344264628985642 0.5405051030180485 0.7946059136495214 0.5981127794476162
2 0.9188037664247047 0.6498797556587499 0.8529411737199067 0.5776367270642524 0.8172400434722408 0.610184767288331 0.8831026361770387 0.6824277958828285
2 1.0270611899480977 0.7282243396867071 0.9456188189657839 0.6678966551572892 0.9154298614722395 0.7086517462060701 0.9968722324545533 0.7689794307354879
3 0.36352766232505884 0.38493037652962914 0.30475886283282827 0.3230175668159482 0.2722413045791059 0.3538838426291045 0.3310101040713364 0.4157966523427854
1 0.8455391945785433 0.7487952452818496 0.6018858333662235 0.49709326874426457 0.5310898897674139 0.5656253869871739 0.7747432509797337 0.8173273635247591