2 0.921149674484666 0.6263206793079734 0.8509895378309393 0.5690679654856672 0.8200956013031492 0.6069268312730357 0.8902557379568758 0.664179545095342
3 0.3307647463255829 0.1541433370269501 0.243114608519672 0.08488891048515311 0.20057605899909187 0.1387267648104958 0.2882261968050028 0.20798119135229284
2 0.8190337633269306 0.5516411263201998 0.7536817542409827 0.4935504459914938 0.7244863498225557 0.5263952728040681 0.7898383589085036 0.5844859531327742
2 0.20892641910733709 0.11531672661782692 0.18125300720099596 0.0806964935993702 0.1578038071096697 0.09944042789511946 0.18547721901601089 0.13406066091357619
2 1.024715128818281 0.7156811472882971 0.9419848933023276 0.6445944287575018 0.9101832358554168 0.6816049795995813 0.9929134713713702 0.7526916981303766
3 0.8403771553295296 0.1391091990299542 0.8026760098713743 0.09669540549563181 0.7214080467694137 0.16893358658442387 0.759109192227569 0.21134738011874624
2 0.30924502217512967 0.8252019834849934 0.2713209816586532 0.8096876031380924 0.22757835632123252 0.9166140196948939 0.265502396837709 0.932128400041795
2 0.2154969815901257 0.7621618505871997 0.17520999832465212 0.7412171966441126 0.12253246082394814 0.8425422926578215 0.16281944408942176 0.8634869466009086
2 0.646765550501964 0.1418363747965224 0.6439881376239937 0.11163199682961311 0.6005502193885739 0.11562628645317202 0.6033276322665441 0.14583066442008133
3 0.24635416586538475 0.9462962956730769 0.1815705120192309 0.9462962956730769 0.1815705120192309 1 0.24635416586538475 1
2 0.47461206885178875 0.4413218398307794 0.4189188220578426 0.391816730549471 0.39271192516808545 0.4212994889429734 0.44840517196203156 0.4708045982242818
3 0.6822296940883107 0.223906654922885 0.5750791840656219 0.15936052499222889 0.5317519160834167 0.23128643080828049 0.6389024261061055 0.2958325607389366
2 0.41346982815264316 0.15965836016467227 0.3778089029963026 0.12795977047578844 0.3541307466360043 0.1545977051628587 0.38979167179234486 0.18629629485174254
2 0.8059385207645067 0.09913282193043803 0.7954708871468428 0.08270827994952225 0.762706788520918 0.10358938461762722 0.773174422138582 0.120013926598543
2 0.6521372129609516 0.35004789259938396 0.6123204014070551 0.3146551729197156 0.5865732754027563 0.3436206910671247 0.6263900869566528 0.379013410746793
2 0.887754998609441 0.42380372249376114 0.8249593688310799 0.37982564191731716 0.8033376937893004 0.41069890158019723 0.8661333235676614 0.4546769821566412
2 0.9418857428839089 0.519964574262264 0.8854607240899053 0.4791571901144161 0.8611068230926331 0.5128317161879246 0.9175318418866367 0.5536391003357723