2 0.9251634671223368 0.6240765904506831 0.8546691389029087 0.5688493930001551 0.8230817469173558 0.609168874723268 0.8935760751367838 0.6643960721737958
3 0.33289419823837874 0.15403049945991737 0.24405512436737442 0.08634358928856886 0.20260765165932504 0.14074339983325918 0.29144672553032935 0.20843031000460768
2 0.8229824487845742 0.5539257575578083 0.7576599070653245 0.4933367191063996 0.7264680009591011 0.5269654849690689 0.7917905426783508 0.5875545234204776
2 0.21100975324195242 0.11439080113705767 0.18333634133561125 0.079770568118601 0.15988713977758431 0.09851450358674606 0.18756055168392546 0.13313473660520272
2 1.025158093153785 0.7141270936378566 0.9450437778958709 0.6455518760173706 0.9132954501701653 0.6826424697418434 0.9934097654280793 0.7512176873623294
3 0.4340470418768847 0.11629916934525443 0.39399371206319356 0.016029611305140305 0.33210042222800806 0.04075329015122929 0.3721537520416992 0.14102284819134342
3 0.7919872302010192 0.3230128987247332 0.7129193953099353 0.1965043701975682 0.6625656712625315 0.22797544954283483 0.7416335061536155 0.35448397806999987
1 0.9289172764423076 1.0000000000000002 0.7192708341346152 0.7462962956730769 0.6452035160064735 0.8075013528796032 0.854849958314166 1.0612050572065266
2 0.5270977209642439 0.4952386376268507 0.4813449555909581 0.45406115829339083 0.45461843769026256 0.48375729614711865 0.5003712030635483 0.5249347754805785
1 0.8086131537587367 0.6939093651021708 0.5901041658653845 0.4990740745192309 0.5267949608370777 0.5700757409713317 0.7453039487304298 0.7649110315542716
0 0.721321306726683 0.9850011247338052 0.720002562679726 0.9404569469688884 0.6988588126592066 0.9410829141742336 0.7001775567061638 0.9856270919391504
2 0.3097658563097451 0.8242760580042243 0.27184181373404476 0.8087616768149135 0.22809918839662405 0.915688093371715 0.2660232309723244 0.9312024745610258
2 0.21653864796698413 0.7603099962379964 0.17625166757770144 0.7393653437902017 0.1236957812489532 0.8404564441149811 0.16398276163823589 0.8614010965627759
2 0.45425664915500696 0.5021326392299769 0.4078867384539525 0.4555557206324021 0.3787061516763722 0.48460661630825336 0.4250760623774267 0.5311835349058281
3 0.5767712852434361 0.18718071703834427 0.43314798959046563 0.1104340341510565 0.39330072122813736 0.1850039802342101 0.5369240168811079 0.26175066312149786
2 0.1583333341346154 1.704619057063553e-17 0.12005208413461539 1.470214005664255e-17 0.12005208413461539 0.02222222115384617 0.1583333341346154 0.02222222115384617
2 0.23954708570804847 0.3901166614291493 0.2231087624704258 0.3170574723294334 0.19832192853776684 0.3226345118947946 0.21476025177538952 0.39569370099451057
2 0.6754160376972772 0.13736367836031 0.6734001799667573 0.10618086322734668 0.629677414126321 0.10900738402552768 0.6316932718568408 0.14019019915849096
3 0.24739583413461552 0.9453703701923076 0.18286458413461554 0.9453703701923076 0.18286458413461554 1 0.24739583413461552 1
2 0.1779616125472478 0.18936760933264016 0.14120070247582595 0.14571402928558358 0.11532326889484196 0.16750555263199202 0.1520841789662638 0.21115913267904857
3 0.9885028096148584 0.4262356102124962 0.8500601446725592 0.33885562566564265 0.7974190804259924 0.42225881299151996 0.9358617453682915 0.5096387975383735
2 0.5111062024463455 0.2470627427299202 0.46861763379062976 0.21599297738302067 0.44690991655275913 0.24567874500701622 0.48939848520847484 0.2767485103539158