2 0.8984972801855335 0.45322015111650565 0.8293345507633424 0.4005247349661358 0.7987271837847559 0.44069690164236053 0.8678899132069471 0.4933923177927303
0 0.18964884456150494 0.3145361065276581 0.18285454087104863 0.27484875517208185 0.1719864687836678 0.27670932232431794 0.1787807724741241 0.31639667367989416
2 0.3407134772686144 0.7585761709214774 0.29854038002919303 0.738353824260745 0.25023957851950507 0.8390836966630157 0.2924126757589265 0.8593060433237482
2 0.26325427541079377 0.6647896208531705 0.22212210168491595 0.6429562583954076 0.1649225397673089 0.7507153047809816 0.20605471349318671 0.7725486672387445
2 0.45480149425800553 0.24320055820141967 0.44483490461209824 0.19004542364539118 0.4238705428959417 0.19397624222309717 0.433837132541849 0.2471313767791257
2 0.2971379643573732 0.203177204981819 0.25620745017594576 0.16159697482540586 0.23207022408512756 0.18535704231647473 0.273000738266555 0.2269372724728879
2 0.2433270692461108 0.1609460160382835 0.20506683972595321 0.12207848328975214 0.18879901535162594 0.13809212373310892 0.22705924487178353 0.1769596564816403
3 0.2509816743023356 0.21736128370069885 0.20220444551937083 0.13684014182527038 0.17257306234522896 0.15478992150520643 0.22135029112819365 0.2353110633806349
3 0.2337928726570112 0.2633316085069373 0.18955267877393223 0.15241601843722233 0.139046197675045 0.17256121637344043 0.18328639155812398 0.2834768064431554
3 0.17455320237157118 0.16759223997254338 0.0843245515778991 0.08121951324002546 0.04191486453563017 0.1255224892738383 0.13214351532930227 0.21189521600635622
2 0.81882403589069 0.5379626133843955 0.7597030734044444 0.4813681801320758 0.7287141122321018 0.5137405727097979 0.7878350747183472 0.5703350059621177
2 0.9115120992465768 0.6193242015670914 0.845649505450676 0.5470811717757909 0.8099483765157536 0.5796292108030664 0.8758109703116544 0.6518722405943669
2 0.8846703272724276 0.5039709725075783 0.8184980520431275 0.4481381125985848 0.7853682376411724 0.4874030759279785 0.8515405128704725 0.5432359358369719
2 1.0228347399925295 0.6973686121253068 0.9333020009392701 0.6405224389067008 0.9054693580055384 0.6843588594756886 0.9950020970587978 0.7412050326942947
3 0.07890725219601837 0.10634819032624236 0.031955402819515887 0.06012996145357555 0.007096378171988049 0.0853835726231665 0.05404822754849053 0.1316018014958333
1 0.1352298849533785 0.07159323364039673 0.024137934613274 -0.027155174330988383 -0.019540229312279608 0.021982756269073776 0.09155172102782488 0.12073116424045888
3 0.40107255980731604 0.05880191874485623 0.3399132338876607 0.017122967225858855 0.30368263813461244 0.07028742394003445 0.3648419640542678 0.11196637545903182
2 0.39361686267888957 0.4718748430311774 0.36002311316510194 0.45078109338364203 0.31836654876692 0.5171230294253925 0.3519602982807075 0.5382167790729279