3 0.3474854590977254 0.824476130404023 0.3000008505081346 0.8026863187242876 0.2413848437388007 0.9304229958207296 0.28886945232839156 0.9522128075004649
2 0.4624699198339301 0.6955044496808734 0.43007488028810736 0.6622017933364377 0.3747820192547616 0.7159877256431918 0.40717705880058436 0.7492903819876275
2 0.23792255060091858 0.7746184319741805 0.2015824738135893 0.7555175520217557 0.15627700254971677 0.8417127591910606 0.19261707933704605 0.8608136391434852
1 0.2548010364433945 0.27304332822157157 0.12917636740102795 0.14811968755343455 0.08415127646429088 0.193397443767377 0.20977594550665746 0.31832108443551405
3 0.7649704459943251 0.5039647171081095 0.6920985661894831 0.44437171859002017 0.6565335683567377 0.4878615296714442 0.7294054481615796 0.5474545281895336
2 0.7179492068755865 0.19732075269878158 0.7116772588678041 0.162923043631676 0.670263038312924 0.1704743557727348 0.6765349863207064 0.20487206483984036
2 0.25631889521004825 0.5576728718555073 0.22286937354606712 0.5335401307554386 0.16888667058695933 0.6083636074845613 0.20233619225094046 0.63249634858463
2 0.4362227103393366 0.41140410980972414 0.4260295142402538 0.36696813972479414 0.3647605915790344 0.38102265777113575 0.3749537876781171 0.42545862785606575
2 0.5866565969376337 0.3981815246321509 0.5297601547483002 0.37027828688122544 0.512972192216714 0.40450998960265644 0.5698686344060475 0.4324132273535819
2 0.2694009515861826 0.8270509744501621 0.23116738746400703 0.8091755418903019 0.17347303908349987 0.9325773427086268 0.21170660320567547 0.9504527752684869
3 0.9149845802567401 0.6323486950581088 0.8348196470078768 0.5650942206251643 0.7976189917780866 0.609436073988147 0.8777839250269499 0.6766905484210916
2 0.06863194471446885 0.09174074008021978 0.03913888886849819 0.05241666723942308 0.01791666764835166 0.06833333381043954 0.04740972349432231 0.10765740665123623