2 0.0837371084067579 0.7755820484199589 0.04245377858747153 0.7533016033957293 -0.027096508590950714 0.8821709972292204 0.014186821228335656 0.90445144225345
2 0.3237399467388663 0.45152775477902696 0.29321754194828326 0.41829771524399145 0.23525888635324116 0.4715338104139871 0.2657812911438242 0.5047638499490226
2 0.4797119729791065 0.4187623374625407 0.4772169088112091 0.3710442133896905 0.41464590519182576 0.3743158983545429 0.4171409693597232 0.4220340224273931
2 0.655635572094819 0.41404236135704203 0.5868548688520756 0.3793972671741526 0.5624945763473764 0.4277596136820644 0.6312752795901198 0.46240470786495386
2 0.8166793564257401 0.4703778888065111 0.7648630484661739 0.4396719319084567 0.7423926608064235 0.47759071525118457 0.7942089687659897 0.5082966721492389
2 0.9019868545737355 0.5382589906750769 0.8451530138991785 0.5011430106881855 0.8227210043511529 0.535492023084272 0.8795548450257099 0.5726080030711633
2 0.8553557611385881 0.4039930443461379 0.8080850554791768 0.36914851674847426 0.7843554105338776 0.4013405749839484 0.8316261161932891 0.436185102581612
3 0.7691578092830478 0.19722878062392105 0.7300007385911147 0.14436673722296625 0.6426405193113969 0.20907801325239214 0.68179759000333 0.26194005665334696
2 0.5956459833420088 0.3071876422299305 0.5932715040360348 0.26919585278348757 0.5498646739209819 0.27190877105735356 0.5522391532269559 0.3099005605037965
2 0.7022785547101908 0.14814238557137088 0.6935302844393042 0.11533636921656393 0.6561102478219658 0.12531504478431482 0.6648585180928526 0.15812106113912178
2 0.6462683826684562 0.15175517522275617 0.6392340695683474 0.12010076284811069 0.5947303924537737 0.1299904678037715 0.6017647055538826 0.16164488017841697
2 0.6971116816712127 0.6767468192376582 0.6286341385252014 0.6530430479908477 0.6098325338746083 0.70735878029646 0.6783100770206196 0.7310625515432706
3 0.5482199102615843 0.6608316523170322 0.5287103196682204 0.5904680189904458 0.4452166655573846 0.613618145438377 0.4647262561507486 0.6839817787649635
2 0.22600666691459567 0.7504427175334623 0.18435387970456865 0.7273909236968906 0.1301526237378559 0.8253283509228784 0.17180541094788296 0.84838014475945
2 0.37041609069492176 0.7225408632874178 0.3320007900179097 0.703633325375647 0.2873639049973008 0.7943241052832947 0.32577920567431273 0.8132316431950654
2 0.13751265425719278 0.9035989243350075 0.09445442588911292 0.882888853251593 0.043212252262268436 0.9894262574553111 0.08627048063034828 1.0101363285387257
3 1.0583760817029253 0.6557049531064911 0.9066763661278798 0.5447220791085408 0.8354790076444695 0.6420399682796878 0.9871787232195148 0.7530228422776382