2 0.9264897937890058 0.6348822611395308 0.857872096239883 0.5820212190871912 0.8271488653012697 0.6219023354335216 0.8957665628503924 0.6747633774858612
3 0.33810253226317183 0.15958605885179622 0.24926346413496753 0.09189914329337918 0.20775222353244327 0.14638264134539442 0.29659129166064757 0.21406955690381146
2 0.8264682420337479 0.5604876545529093 0.7584258627205412 0.5058107736985263 0.7300116412184642 0.5411707138985318 0.7980540205316708 0.5958475947529147
2 0.21725975187925023 0.1217982091668511 0.18958634347650305 0.08717797580099382 0.16613714114797146 0.10592190932387045 0.1938105495507186 0.14054214268972778
2 1.0262317328868877 0.7242395725486427 0.9484648626162173 0.6565242048569627 0.9164215337622065 0.6933239666093672 0.994188404032877 0.7610393343010471
3 0.8533090146093106 0.32952038978968606 0.7380780540844646 0.2575010415391389 0.6868140094847881 0.33952351526465463 0.8020449700096342 0.41154286351520175
3 1.0257701392883776 0.45841395607054497 0.8989583341346153 0.39722222115384614 0.862784570081235 0.47218757922156784 0.9895963752349973 0.5333793141382668
2 0.5429876541584574 0.4410555770125758 0.48866678766992544 0.3992953876399911 0.46361213729671835 0.4318860041646688 0.5179330037852503 0.47364619353725346
2 0.4966800919142971 0.46965234898006786 0.44844724881423187 0.42443404987793 0.42198508685196795 0.45266035054287573 0.47021792995203315 0.4978786496450136
1 0.3917025865678363 0.39401340907670146 0.23688218340560627 0.25639527496826825 0.188146551554471 0.31122286161185436 0.342966954716701 0.44884099572028757
2 0.3704010756626034 0.2925873862063917 0.31823129671254374 0.24823047457420333 0.29298059213179717 0.2779287476919122 0.34515037108185675 0.3222856593241005
3 0.19121245434812104 0.24242857116354644 0.13429563340055437 0.18455401821269848 0.1024749763165518 0.21584809392197027 0.15939179726411845 0.2737226468728182
2 0.15887931105003192 0.1703480182916972 0.12876436793865673 0.13646871054902587 0.10742456855083245 0.1554374229398953 0.13753951166220763 0.1893167306825666
1 0.3234752096447983 0.2675238594863906 0.18577412277732616 0.15141779951383852 0.1417104105931134 0.20367709640683435 0.2794114974605856 0.3197831563793864
0 0.3088541658653846 0.43981481490384616 0.29375000000000007 0.43981481490384616 0.29375000000000007 0.4731481490384616 0.3088541658653846 0.4731481490384616
2 0.3144792316744502 0.8314222239080322 0.2776682324047594 0.8164500568565949 0.23445499891254812 0.9226953519469979 0.2712659981822389 0.9376675189984353
2 0.43035556469702946 0.1687657383246607 0.39071184342165677 0.1321173183527348 0.3686503311633007 0.15598193362273718 0.4082940524386735 0.19263035359466313
2 0.2678910663385127 0.20489915311666 0.24103430749659666 0.185447344413536 0.23720574115808407 0.19073337639302987 0.26406250000000003 0.21018518509615386
2 0.2227886479669842 0.7667914794110735 0.18250166659388287 0.7458468264518049 0.13058203388061854 0.8457140947271626 0.17086901525371984 0.8666587476864311
2 0.08703991070568208 0.1668598532181013 0.05919105615338955 0.12923294929432425 0.03354619295671916 0.14821351879917294 0.0613950475090117 0.18584042272294996
3 1.0447691883827004 0.5732807696211503 0.9407840590946589 0.4550458238976868 0.878661070444666 0.50968167598864 0.9826461997327072 0.6279166217121036