3 0.5434790500044481 0.6820273915631723 0.5226685882808497 0.6172837648836157 0.4461271616323345 0.6418863784724758 0.46693762335593286 0.7066300051520323
2 0.7529692928980452 0.7208044548608112 0.6880271934445304 0.6782692709534867 0.6596597554443325 0.7215802622463449 0.7246018548978476 0.7641154461536694
2 0.2393012620137166 0.7588033506947368 0.20217720243308726 0.7393612248899856 0.15627577104340334 0.8270084035400879 0.1933998306240327 0.8464505293448391
1 0.25109131316698735 0.2617907238842298 0.12339856484494297 0.1392777547209333 0.08035787230420785 0.1841381834391781 0.2080506206262522 0.30665115260247455
3 0.4732914127127407 0.40568752696047167 0.46670477637336333 0.34640780332605936 0.39636686905559304 0.3542231268122512 0.40295350539497043 0.4135028504466635
2 0.7163357852092761 0.18583741925904979 0.7086887260463801 0.1514256530260181 0.6684313717477376 0.1603717317590498 0.6760784309106336 0.1947834979920815
2 0.982088097122663 0.7041060217473252 0.9051188127956057 0.6319473364242202 0.8726073418904152 0.6666262477262695 0.9495766262174725 0.7387849330493746
2 0.18609359680974552 0.6386113874110482 0.15088093468180058 0.6188042637554344 0.09451038336077272 0.719018571099891 0.12972304548871766 0.7388256947555047
2 0.3207027731724975 0.47150075237339634 0.2941348136635636 0.44733521477398147 0.23551550375414598 0.5117821754802381 0.26208346326307996 0.535947713079653
2 0.2820966683012298 0.789681358056247 0.24447060652258512 0.7712378684052849 0.1856214949659346 0.8912943408491194 0.22324755674457927 0.9097378305000816
3 0.6097690678223422 0.3863099462342742 0.5453145651900458 0.3618649831295516 0.5249538730839994 0.4155504101568892 0.5894083757162959 0.4399953732616118
2 0.19818112888153916 0.19442423888239285 0.1623860720936057 0.15758254631226876 0.1520833341346154 0.16759259375000007 0.18787839092254885 0.20443428632012417
0 0.990185664909047 0.14161718375516175 0.9729166658653846 0.12407407451923082 0.9523504339689887 0.14431896008507922 0.9696194330126511 0.16186206932101016
2 0.025520834134615384 1.5627003917263622e-18 0 0 1.3607186003001146e-18 0.02222222115384615 0.025520834134615384 0.02222222115384615