3 0.9570910173088822 0.48142315392058355 0.8906012128926414 0.3275959062676423 0.8025828488638447 0.36564068636093217 0.8690726532800853 0.5194679340138735
1 0.2107000218429595 0.14890513889218115 0.08508244198200533 0.04873948511008914 0.046266818339106126 0.09741809418123933 0.17188439820006024 0.1975837479633313
2 0.40882902366816004 0.09863345706766156 0.3842313177096856 0.0709610474432916 0.36266522918359606 0.0901309105466482 0.3872629351420705 0.11780332017101816
1 0.24032364184464255 0.242055245268737 0.11347819718531399 0.11647825117014023 0.06787749186920854 0.16253956824593285 0.19472293652853712 0.2881165623445296
2 1.0292522590265603 0.7183264279029916 0.9498659881934555 0.6511211188250214 0.9167723778594871 0.6902129457783007 0.996158648692592 0.7574182548562708
2 0.5229106662561221 0.3213197514168291 0.49957804183506693 0.3153540253653607 0.48242949765023896 0.38242390711663216 0.5057621220712941 0.38838963316810055
2 0.8293880027242649 0.549214644310023 0.7593316618286126 0.49757419713516354 0.7317836990201394 0.5349462490648513 0.8018400399157918 0.5865866962397107
0 0.1812766849191671 0.3159304908862304 0.17636411533797894 0.2809966829074563 0.1634680965476928 0.2828101865960917 0.16838066612888092 0.31774399457486585
2 0.4500749463766998 0.34124087846568407 0.4207476523643449 0.3299289226388508 0.3965043368777301 0.39278196520675795 0.425831630890085 0.40409392103359115
3 0.2910249974199359 0.10585564484020836 0.20530352466718677 0.04638491860708149 0.166761222018258 0.10194003211615438 0.25248269477100715 0.16141075834928123
2 0.2724590897946484 0.2428919829544466 0.2287155390669553 0.20660104115356165 0.20511603047029153 0.23504688053438524 0.24885958119798463 0.2713378223352702
2 0.47152777782585464 0.6363425930629009 0.4429583335980769 0.5982499998435098 0.38773611183034196 0.6396666651737181 0.41630555605811964 0.6777592583931091
2 0.30054306926551383 0.22254968865362804 0.2584541808712371 0.18691888229334871 0.23727600832210985 0.21193559765482403 0.2793648967163866 0.24756640401510335
3 0.08103517825729686 0.14221067942471113 0.04270369397432761 0.0740658320860197 0.007886683155969234 0.09365040458246611 0.046218167438938466 0.16179525192115754
2 0.930915705287719 0.631018954879502 0.8619611043620664 0.5738121758345534 0.829352526168189 0.6131171591538387 0.8983071270938416 0.6703239381987873
2 0.05695833233846156 0.06622222293365368 0.031750000338461426 0.032611111176442324 0.010750000305769227 0.048361110065144354 0.03595833230576936 0.0819722218223557
3 1 0.4620370360576924 0.9770833341346153 0.4620370360576924 0.9770833341346153 0.5583333341346155 1 0.5583333341346155