0 0.5136820028188848 0.06353393554577955 0.5104482596178076 0.029040729459091027 0.49211976734768 0.030759028335558564 0.49535351054875715 0.06525223442224709
2 0.8414775868812139 0.4341299737391405 0.7756627544171947 0.38912837716111726 0.7501761680966319 0.42640250822131975 0.8159910005606511 0.4714041047993431
2 0.007812500000000007 0.056045752403846155 6.8636251287175275e-18 0.056045752403846155 8.392766076739756e-18 0.08101851923076923 0.00781250000000001 0.08101851923076923
3 0.9994791658653847 0.5907407403846154 0.9927083341346153 0.5907407403846154 0.9927083341346153 0.6314814807692308 0.9994791658653847 0.6314814807692308
0 0.22041158526232088 0.35219851086671444 0.21337652548720426 0.3193682251516883 0.19874576731131507 0.322503386971969 0.20578082708643167 0.3553336726869952
3 0.9198499601111015 0.4225793251691118 0.8448107964378224 0.36865047200798684 0.8070458369603793 0.4211984274943722 0.8820850006336585 0.4751272806554971
2 0.9860764131147296 0.5533950851105213 0.924733204752125 0.5038248068871439 0.896792538225597 0.53840137554797 0.9581357465882017 0.5879716537713473
2 0.31099392435368656 0.237929431446632 0.2747520356070472 0.19084594616568623 0.2527360699913707 0.20779244389694254 0.2889779587380101 0.25487592917788826
2 0.2550456257700597 0.18678621193160455 0.21796000986127576 0.14923702726816035 0.19584691650943065 0.17107712030751718 0.23293253241821457 0.20862630497096138
3 0.31151939862987427 0.26939016275113187 0.25220905083481965 0.20266602789747776 0.21757183740659022 0.2334546650163496 0.27688218520164487 0.30017879987000373
3 0.2740713975694121 0.30099359686210303 0.2141711231042332 0.19616809062964716 0.1652733287892588 0.22410968047242497 0.2251736032544377 0.3289351867048809
3 0.18500399475237092 0.19176650643266666 0.09285864831643066 0.1067092660852082 0.05110323503863469 0.1519442984744684 0.14324858147457498 0.23700153882192684
2 0.8209073700253053 0.5638885388651647 0.7607279228280144 0.5062808551546543 0.7297389616556718 0.5386532477323764 0.7899184088529627 0.5962609314428868
2 0.9141162670009575 0.6461760546003303 0.8482536751352664 0.5739330222373777 0.8125525423353047 0.6064810626758426 0.8784151342009958 0.6787240950387953
2 0.8477642526639444 0.5016747627927269 0.7815460993230494 0.445912122586544 0.7500436113295196 0.48332133730202587 0.8162617646704144 0.5390839775082088
2 1.0247268961786065 0.7261094318273938 0.9398896522487266 0.6632670264993552 0.9097006956068548 0.704022116398378 0.9945379395367347 0.7668645217264166
3 0.08951513725315544 0.12995717461520534 0.04318660933879395 0.08289327550457333 0.018718744828242206 0.1069788307901071 0.06504727274260368 0.1540427299007391
1 0.20922116359923568 0.15058679264952232 0.07678972507643397 0.030561782967193567 0.034980533370253655 0.07669259700153094 0.16741197189305534 0.19671760668385968