3 0.9555996315323101 0.48580406803289694 0.890519645457598 0.331540396410218 0.802312391303794 0.36875283153272176 0.8673923773785059 0.5230165031554007
1 0.22496429566487786 0.1671443702349123 0.09863528660304731 0.06386810095385968 0.06061534229523949 0.11037464037890962 0.18694435135707005 0.21365090965996222
2 0.2708333341346154 3.1209358272020825e-17 0.2388541658653846 2.9251198969005426e-17 0.2388541658653846 0.019444444711538493 0.2708333341346154 0.019444444711538496
1 0.2413653075988164 0.24761079968419042 0.11451986266941715 0.12203380861132662 0.06891915766279062 0.16809512658241593 0.19576460259218986 0.29367211765527973
2 1.0289840890349962 0.7222440260302304 0.9493451551711399 0.6548248219054329 0.9162515438267516 0.6939166498109264 0.9958904776906077 0.7613358539357239
2 0.5213354032694567 0.5072472987231811 0.5119584823878806 0.4272308864269056 0.48753263675693553 0.43009328946865794 0.49690955763851163 0.5101097017649334
2 0.8288671685896496 0.5519924207523306 0.7588108288421054 0.5003519744237732 0.7312628660336323 0.5377240263534611 0.8013192057811765 0.5893644726820184
0 0.1812766853734661 0.3196341950537064 0.17636411517145437 0.2847003871948664 0.1634680961643295 0.28651389114940157 0.1683806663663413 0.32144769900824155
2 0.45384702806689453 0.25152542958229757 0.44590215460928195 0.19738258982597745 0.4251976109698301 0.20042075664458917 0.4331424844274427 0.25456359640090925
3 0.3361976429575048 0.1485995763984821 0.2556116850796739 0.0787147465067636 0.21066441586333376 0.13054457494597893 0.29125037374116464 0.2004294048376974
2 0.27297992392926385 0.24659568728136974 0.22923637202031186 0.21030474450047754 0.2056368634236481 0.23875058388130113 0.24938041533260005 0.27504152666219334
2 0.6367859803930358 0.6558990189001251 0.573877967595331 0.6205132412865578 0.5485719499010135 0.6655016912326939 0.6114799626987182 0.7008874688462612
2 0.3010639034001291 0.2262533929805512 0.2589750136055527 0.1906225854348328 0.23779684123831815 0.2156393005814473 0.2798857310328946 0.2512701081271657
3 0.10043119750464899 0.16280360088410653 0.06197452810894301 0.09443620227832741 0.027157517290584632 0.11402077477477378 0.06561418668629061 0.18238817338055288
2 0.9303948707733732 0.6328708093464438 0.8614402743329879 0.5756640287184057 0.8288316969546378 0.6149690074103403 0.8977862933950231 0.6721757880383783
2 0.09423148012947531 0.10003264685338373 0.06690093709050851 0.06708959018097634 0.046548423346030265 0.08397464302765187 0.07387896638499705 0.11691769970005926
3 1 0.45370370432692325 0.9614583341346153 0.45370370432692325 0.9614583341346153 0.5578431370192309 1 0.5578431370192309
2 0.13406661734240413 0.042867275714482116 0.10927902816846138 0.01081867761895547 0.08878892694493336 0.02666649129702731 0.1135765161188761 0.05871508939255395