3 1.0610525711275025 0.479218917747686 0.940179448654088 0.38403137930162856 0.8765301552068494 0.46485591755307465 0.9974032776802638 0.5600434559991322
2 0.2425645012167033 0.7216272645383959 0.20298248255158377 0.7001301345516998 0.157268651586617 0.7843016361255959 0.1968506702517365 0.805798766112292
1 0.2417333283863168 0.24148110774266884 0.11704247521843966 0.11714448886625087 0.0713576207345495 0.16295949923024103 0.19604847390242666 0.287296118106659
2 0.7018179688807605 0.17400366263607434 0.6991823233411085 0.1365189895978597 0.6588867453029277 0.13935227723026755 0.6615223908425796 0.1768369502684822
2 0.8316859411991937 0.5499329288968131 0.7637253324613774 0.49623564875973014 0.7353996599307142 0.5320853220239538 0.8033602686685304 0.5857826021610368
0 0.14914453405004324 0.2822106776684107 0.1455560025747429 0.25031259434634967 0.13249217510602904 0.2517822737495303 0.13608070658132937 0.28368035707159134
2 0.35823877632136253 0.632195164498431 0.3219918740682491 0.6114215862729401 0.26670642127662003 0.7078867393440802 0.30295332352973353 0.7286603175695714
2 0.27454242247012367 0.24566976894285106 0.23079887568926008 0.2093788169568196 0.20719936161779764 0.237824652386764 0.25094290839866124 0.2741156043727955
0 0.5804315241567786 0.06671961489886417 0.5645735514563227 0.05556947285845915 0.5531553785675128 0.0718086448173174 0.5690133512679686 0.08295878685772241
2 0.2886892952588307 0.21562616124016123 0.249660118149902 0.17597747528965854 0.22704387620103936 0.19824033952840014 0.26607305330996806 0.23788902547890284
0 0.5779570921369235 0.7613801461265063 0.557395967607747 0.7187348475849045 0.5361454293441386 0.7289806420450802 0.5567065538733149 0.7716259405866821
2 1.0268644222406462 0.7106736844693894 0.9479013546761353 0.6466412542271971 0.9145240836609111 0.6878012054632431 0.993487151225422 0.7518336357054353