2 0.9106268975171958 0.4584098156561499 0.8400011906077304 0.41206168308213775 0.8117611173795023 0.45509416409383213 0.8823868242889676 0.5014422966678442
0 0.18964884456150494 0.3145361065276581 0.18285454087104863 0.27484875517208185 0.1719864687836678 0.27670932232431794 0.1787807724741241 0.31639667367989416
2 0.286644460528001 0.8516073703090347 0.24469605932829064 0.8345658316126385 0.19742886786800937 0.950915836520278 0.23937726906771972 0.967957375216674
2 0.2187353752388354 0.7465092159566207 0.1729161205894814 0.7223467177487132 0.10839604878181969 0.8446958877191584 0.1542153034311737 0.8688583859270659
2 0.4558569007937129 0.2435537239351736 0.433830379995872 0.2420049834795646 0.4298529387012352 0.29857301144139514 0.45187945949907604 0.30012175189700413
2 0.2971379643573732 0.203177204981819 0.25620745017594576 0.16159697482540586 0.23207022408512756 0.18535704231647473 0.273000738266555 0.2269372724728879
2 0.2442528867513555 0.15910873159460903 0.20599264552776228 0.12024121218340111 0.1887990058212568 0.1371662131262901 0.22705924704485003 0.17603373253749804
3 0.2509816720488516 0.2164353620350599 0.2022044487500276 0.13591421313241134 0.1725730610877016 0.15386399194650566 0.22135028438652557 0.23438514084915418
3 0.2337928726570112 0.2633316085069373 0.18891542407887368 0.1508183427870225 0.13840894297998646 0.17096354072324058 0.18328639155812398 0.2834768064431554
3 0.174032370640802 0.16666631449177416 0.08380371739196842 0.08029358540901625 0.04139402920023713 0.12459656264360675 0.1316226824490707 0.21096929172636464
2 0.8188240377371787 0.5370366782449929 0.7597030656154858 0.4804422563101915 0.7287141119847901 0.5128146527592874 0.7878350841064828 0.5694090746940887
2 0.9115120998228293 0.6165464259894409 0.8456495068660355 0.5443033924296855 0.8099483753788176 0.5768514316713472 0.8758109683356115 0.6490944652311026
2 0.8841494931378122 0.5039709725075793 0.8179772179085127 0.4481381125985847 0.784847403506557 0.48740307592797794 0.8510196787358565 0.5432359358369726
2 1.023917932151197 0.6967997495327135 0.9338228380012737 0.6395965066656141 0.9059901916576414 0.6834329181536299 0.9960852858075646 0.7406361610207294
3 0.07890725219601837 0.10634819032624236 0.031955402819515887 0.06012996145357555 0.007096378171988049 0.0853835726231665 0.05404822754849053 0.1316018014958333
1 0.12872676644354242 0.060917809670324244 0.020763204129313803 -0.02583864721300141 -0.019930629001359224 0.0248025539936911 0.08803293331286939 0.11155901087701675
3 0.44139632481915214 0.10047357699218029 0.3817058914162829 0.04451373433643095 0.33968729438706396 0.08933352203819125 0.3993777277899332 0.1452933646939406
2 0.3526001846057226 0.5354708558107252 0.31681559709305007 0.5122789417201485 0.2706485171410357 0.5835136792366472 0.3064331046537083 0.6067055933272238