3 0.9761477880306005 0.9637571390515726 0.8689426466217468 0.8543461281599914 0.8197195621141934 0.9025768107230228 0.9269247035230472 1.0119878216146039
2 0.23461376230302797 0.7458403898261756 0.19708097192022273 0.7261842080041401 0.1511795399970828 0.8138313837496588 0.18871233037988805 0.8334875655716942
1 0.24460013512696002 0.24966976083107678 0.11990928195908292 0.12533314195465883 0.075003452468743 0.1703669078875017 0.1996943056366201 0.2947035267639197
3 0.1360706728393535 0.7011826491630131 0.08830771200776097 0.6711344059015345 0.005115060907768587 0.8033726636055813 0.05287802173936111 0.8334209068670598
2 0.7157928476081453 0.17324227693862013 0.7066181127871846 0.13883702235247683 0.6648974192428655 0.14996254095189038 0.6740721540638261 0.18436779553803367
2 0.8335546680288571 0.5584739066443589 0.763265630809649 0.5066619247251938 0.7357176661963748 0.5440339733960367 0.8060067034155829 0.5958459553152017
0 0.06682892927365855 0.2017153470235386 0.055596638816402796 0.16843448512941442 0.04222402860838318 0.1729477409010343 0.053456319065638934 0.20622860279515848
2 0.2778099501406266 0.7785419371538551 0.2401838874119394 0.7600984470372025 0.1804131608313192 0.882035081233735 0.21803922356000635 0.9004785713503876
3 0.2995137713385524 0.48291136142692576 0.26012496456737283 0.44943087351261357 0.18901034067710207 0.533095131518291 0.22839914744828166 0.5665756194326033
2 0.2584854869237566 0.25107678064456257 0.22694288679405097 0.20060861461378227 0.20214055533418587 0.21611006998756788 0.23368315546389148 0.2665782360183482
0 0.7496768069351613 0.10188497885575162 0.7480052424976147 0.07811154081684002 0.7294770504789809 0.07941430009043299 0.7311486149165275 0.10318773812934462
2 0.2020180124431124 0.14778332986146892 0.1678625623230241 0.11210307471759803 0.14627218879725157 0.1327707779910225 0.18042763891733984 0.16845103313489335
0 0.397211562752643 0.7367684254476987 0.38428630226018573 0.7318445185148423 0.36956683487169484 0.7704831347398867 0.38249209536415213 0.7754070416727432