3 0.9561204667460714 0.48487814181311895 0.8910404787459055 0.33061446979819453 0.8028332256536894 0.36782690547918667 0.8679132136538554 0.522090577494111
1 0.2218392956841705 0.16251473893521126 0.09551028499423578 0.059238472579044035 0.057480406046842285 0.10575716611424373 0.183809416736777 0.20903343247041095
2 0.32623189329183766 0.028956754079536264 0.29678960981795643 0.010263247695820824 0.2813769113274488 0.03453825682146537 0.31081919480133 0.05323176320518081
1 0.24084447575794846 0.24483301997375848 0.11399902934717693 0.11925603069450795 0.06839832225522846 0.1653173519678058 0.195243768666 0.29089434124705627
2 1.0289840890349962 0.7213181005494612 0.9493451551711399 0.6538988964246637 0.9162515438267516 0.6929907243301573 0.9958904776906079 0.7604099284549548
2 0.5098958341346154 0.3833333341346154 0.48697916586538464 0.3833333341346154 0.48697916586538464 0.4611111105769231 0.5098958341346154 0.4611111105769231
2 0.829388002724265 0.5519924207523306 0.759331662976721 0.5003519744237734 0.731783700168248 0.5377240263534612 0.801840039915792 0.5893644726820184
0 0.1812766852506529 0.31685641872423054 0.17636411533797894 0.28192260838822547 0.16346809654769273 0.283736112076861 0.1683806664603667 0.318669922412866
2 0.453125 0.24166666586538468 0.43229166586538464 0.24166666586538468 0.43229166586538464 0.2972222211538462 0.453125 0.2972222211538462
3 0.3262491527979564 0.13711043731517136 0.2429652282681442 0.07048328615970033 0.20064363428219292 0.12338526948602616 0.28392755881200515 0.1900124206414972
2 0.2729799224701236 0.24566976894285103 0.22923637568926009 0.20937881695681962 0.2056368616177977 0.23782465238676403 0.2493804083986612 0.2741156043727954
2 0.5663849472271781 0.6017257507593612 0.5100757169253107 0.5978755486012737 0.5061808106919332 0.6548385762798985 0.5624900409938006 0.658688778437986
2 0.3010639034001291 0.2244015420190127 0.25897501242011367 0.188770733469748 0.2377968400528791 0.21378744861636248 0.2798857310328946 0.24941825716562718
3 0.09730619405529559 0.15909990000855967 0.05884953032270028 0.09073249781727916 0.024032517426101345 0.11031706757161608 0.06248918115869666 0.1786844697628966
2 0.9303948707733732 0.6328708093464438 0.8614402743329879 0.5756640287184057 0.8288316969546378 0.6149690074103403 0.8977862933950231 0.6721757880383783
2 0.08404166753461519 0.09214814692115378 0.058201387443589776 0.057694445102404034 0.03720138981666679 0.07344444559423075 0.06304166990769221 0.10789814741298048
3 1 0.4555555552884617 0.9645833341346154 0.4555555552884617 0.9645833341346154 0.5562636177884617 1 0.5562636177884617
2 0.11435656255797352 0.026062383826977488 0.09059450143648692 -0.004916302993945665 0.06951904976382779 0.01124952655536962 0.0932811108853144 0.042228213376292775