2 0.47451503163500125 0.16013963513494028 0.43330243596539747 0.12768473155929086 0.4091831243859104 0.15831244344380233 0.4503957200555142 0.1907673470194518
2 0.04847797666852456 0.10095397077968225 0.02370209790951117 0.06199019007391234 -0.001985147914108839 0.07832392557521953 0.02279073084490455 0.11728770628098945
3 1.005845620382221 0.534025941951417 0.90913100298967 0.465641872685407 0.8658055782203784 0.5269164052615858 0.9625201956129295 0.5953004745275957
2 0.2968936783637749 0.8794324173998012 0.2584233089512483 0.8626791916727083 0.21308654953071865 0.9667858223172228 0.2515569189432452 0.9835390480443155
0 0.34624426466809477 0.490605886950136 0.3343399602594857 0.4509248630976131 0.320737768653733 0.45500551963764874 0.33264207306234206 0.49468654349017166
3 0.6430689077008407 0.21285611958778922 0.586538454433601 0.17516916161420587 0.5540598274896646 0.2238871160833691 0.6105902807569042 0.26157407405695243
2 0.8670460708295488 0.08311141629623396 0.8475573005705459 0.0791962608871461 0.8383315913549126 0.1251197833512852 0.8578203616139155 0.12903493876037309
2 0.7060199223734419 0.3258613616044309 0.6557840702197327 0.29338566282148304 0.6324888755794843 0.32942042104672775 0.6827247277331936 0.3618961198296757
2 0.5990277814882947 0.48045977835654013 0.5430554690949889 0.4289909806411923 0.5170773101633585 0.45724222589401414 0.5730496225566643 0.5087110236093619
2 0.4441611128078598 0.34327477907415727 0.39921361590880317 0.29761383219540954 0.3726296110474419 0.32378246332878374 0.41757710794649855 0.3694434102075314
3 0.7738299421966754 0.7060956515186516 0.6739583341346153 0.6055555552884617 0.6276351785750387 0.6515707095374854 0.7275067866370988 0.7521108057676753
3 0.5574993264856923 0.5646379597825466 0.46420590819002644 0.436100363394776 0.4063240995644363 0.4781113542299107 0.4996175178601022 0.6066489506176812
3 0.29436977054863694 0.2795123718411562 0.1986861824882427 0.19877934053380256 0.15671527463230295 0.24852263634193003 0.2523988626926971 0.32925566764928366
2 0.8250740365364011 0.5601848261339922 0.7648945824885665 0.5025771567746536 0.7339056300586482 0.5349495519693654 0.7940850841064827 0.592557221328704
2 0.9182829328663421 0.6424723502734072 0.852420341000651 0.5702293179104547 0.8167192082006894 0.6027773583489197 0.8825818000663805 0.6750203907118723
2 0.46538786366073304 0.20451220810913207 0.4239926240018002 0.16570416421210346 0.39727058663932796 0.19420766579877302 0.43866582629826084 0.23301570969580165
2 1.0266367726435977 0.7231260073526685 0.9445771522487267 0.6623411010185859 0.9143881956068548 0.7030961909176088 0.9964478160017258 0.7638810972516914
3 0.12775431680865254 0.15830830921590075 0.08244217767909037 0.10997535941681466 0.05684735081159312 0.13397050891292553 0.1021594899411553 0.1823034587120116
1 0.340387685713256 0.2562249025898183 0.1921574634995677 0.11978571958684155 0.14664758899981034 0.1692285457716694 0.2948778112134987 0.30566772877464615