2 0.9281470586214964 0.636589888013722 0.8579793219645994 0.5862904320303592 0.8276630477281723 0.6285816319141807 0.8978307843850695 0.6788810878975434
3 0.34122753342198436 0.16051198521547033 0.2523884641349675 0.09282506877414841 0.21087722353244323 0.1473085668261636 0.2997162928194601 0.2149954832674855
2 0.8284068199266136 0.5596834249014033 0.757633824847763 0.507875740659501 0.7309471324536223 0.5443316675575756 0.8017201275324729 0.5961393517994777
2 0.2209055860138656 0.1217982091668511 0.19323217761111844 0.08717797580099382 0.1697829752825868 0.10592190932387048 0.197456383685334 0.14054214268972778
2 1.0269967931761845 0.7295921479172432 0.9523392816120804 0.6617551989354371 0.9195372575227226 0.6978552525129358 0.9941947690868269 0.765692201494742
3 0.9747639919793663 0.4191185812468421 0.8469081292899063 0.3396292507911793 0.7925602693370132 0.42704592017020904 0.9204161320264732 0.5065352506258718
3 1 0.4648148149038463 0.9630208341346154 0.4648148149038463 0.9630208341346154 0.5629629639423078 1 0.5629629639423078
2 0.3023399287381367 0.2449532031842758 0.2634694458256176 0.20486801295040796 0.23935886228595243 0.22824796998744828 0.2782293451984716 0.26833316022131615
2 0.28004861144230775 0.281731481923077 0.24634027798076927 0.23678703730769238 0.21889583375000002 0.2573703704807693 0.2526041672115385 0.30231481509615393
1 0.2493770104888078 0.2668422023714407 0.1162514395157189 0.1472884245238295 0.07335817712957388 0.19505094737218778 0.20648374810266276 0.31460472521979893
2 0.2389031534445912 0.19521095246874173 0.20624828185273442 0.14145807535299945 0.18699840339677737 0.1531523760652125 0.2196532749886342 0.2069052531809548
3 0.10329040917926376 0.1741241550579535 0.059142967325118374 0.11133665231429299 0.02594577383736901 0.13467841787558063 0.0700932156915144 0.19746592061924118
2 0.09538997341355815 0.14813758448400655 0.08943085225661568 0.10443735464453298 0.07342482304638556 0.10661999459072305 0.07938394420332803 0.1503202244301966
1 0.23634977365262005 0.18984866856021881 0.10997939394432087 0.08596036790395932 0.07136025761617251 0.13293692725632014 0.19773063732447171 0.23682522791257965
0 0.2063235667491084 0.3207731494745119 0.1918953487014516 0.3187441812140136 0.18744663145951282 0.35037950230242676 0.2018748495071696 0.35240847056292507
2 0.3161249992181947 0.8321481489925918 0.2785429606884086 0.8162932265831202 0.2341410836434456 0.921542120951834 0.27172312217323163 0.9373970433613056
2 0.8061447733708678 0.4615918416224265 0.7399242927931203 0.41450171819516224 0.715435388513571 0.44893923698228233 0.7816558690913185 0.4960293604095466
2 0.16873563759042104 0.12730203191707623 0.1486530039153408 0.10945083802936897 0.14612427221955704 0.11229566693148295 0.16620690589463727 0.13014686081919022
2 0.22425149268410233 0.7670447565144195 0.1835752646157735 0.7458467585028944 0.1315664779844058 0.845644921773991 0.17224270605273462 0.8668429197855161
2 0.03844049022504577 0.12057419491763922 0.010586463994924624 0.08492104525121803 -0.010939488091613474 0.10173819716224436 0.01691453813850767 0.13739134682866555