2 0.11859585175212349 0.16745158537252328 0.09317342201629632 0.12587178826455553 0.06647077764311098 0.1421981329693016 0.09189320737893815 0.18377793007726934
3 0.7406586489282632 0.33316667818248213 0.6659046734186851 0.2831520726982718 0.6311497827948984 0.3350982235751157 0.7059037583044764 0.3851128290593261
2 0.32892552681650256 0.8245556210938211 0.29124896512096676 0.8073185937496802 0.24648889588077544 0.9051548085769283 0.2841654575763112 0.9223918359210692
2 0.2738194997634706 0.9400686197572654 0.2199940365389139 0.918804221844565 0.18791666586538472 1 0.24174212908994142 1.0212643979127003
0 0.48077916161836903 0.6474802366511916 0.4614583341346154 0.60740740625 0.4433470784985388 0.6161396181291088 0.46266790598229246 0.6562124485303004
3 0.4069345636382876 0.05378839054249658 0.36548667476576446 0.020630081357457294 0.3354731254390128 0.0581470201803353 0.37692101431153596 0.09130532936537458
2 0.10984470476783698 0.09856850282255822 0.08136825134695656 0.06126601218916401 0.05706446953333129 0.07981934466148335 0.08554092295421169 0.11712183529487755
2 0.7703890697049497 0.1674906318473914 0.7633326114596499 0.1333550151773518 0.7221997046855122 0.14185794166510626 0.729256162930812 0.17599355833514588
2 0.45355962634558217 0.14714559484314987 0.41969109310664965 0.11704023087856864 0.3973922417275678 0.14212643777548475 0.4312607749665004 0.17223180174006597
2 0.8561364505052047 0.7350559882764295 0.7891390318882863 0.6588278184384865 0.7545387804249173 0.6892381973898659 0.8215361990418357 0.765466367227809
3 0.44771747162452935 0.44567362987776754 0.341454197637662 0.334931841357444 0.29151272336063294 0.3828536298287769 0.3977759973475003 0.49359541834910037
2 0.8271573688648439 0.5611107610625081 0.7669779226651497 0.5035030787634885 0.7359889616574714 0.5358754714257384 0.7961684078571655 0.5934831537247579
2 0.9203662664247048 0.6443242003702884 0.8545036737199067 0.5720811717757909 0.8188025434722407 0.6046292119998697 0.8846651361770388 0.6768722405943671
2 1.0270611899480977 0.7226687843982457 0.9456188189657839 0.6623410998688277 0.9154298614722395 0.7030961909176087 0.9968722324545533 0.7634238754470265
3 0.218529692778309 0.24733928688590678 0.17352620271449595 0.19019200827785404 0.14491528211046883 0.21272311233883448 0.1899187721742819 0.26987039094688725
1 0.5417462001671848 0.44575442200310506 0.35904286723348916 0.2725245941804826 0.30217904599939804 0.3324981552778952 0.48488237893309366 0.5057279831005177