0 0.6223685016001871 0.08265027739813374 0.6041614349027828 0.0806019887759025 0.600690080172382 0.11145857139847672 0.6188971468697863 0.11350686002070799
2 0.8883774495881911 0.46057147356166 0.8193408326495553 0.4133669529299488 0.7919626665306638 0.4534075240773342 0.8609992834692998 0.5006120447090454
2 0.003645834134615392 0.05295138942307693 6.4846749567376166e-18 0.05295138942307693 7.567955418029645e-18 0.07064270192307692 0.003645834134615393 0.07064270192307692
0 0.19589884456150491 0.33027684691227355 0.18910454087104872 0.29058949555669733 0.1782364687836678 0.29245006270893337 0.18503077247412406 0.3321374140645096
3 1.0262818387278574 0.48902572702317326 0.9404762843677845 0.43504889756966797 0.9033410646333777 0.4940817853449423 0.9891466189934507 0.5480586147984476
2 0.988680577804973 0.546913603391681 0.9273373720717465 0.4973433272930544 0.8993967067203599 0.5319198944996435 0.9607399124535866 0.5814901705982701
2 0.303337378563227 0.22023829306520193 0.2623508380936746 0.17742199161959926 0.2374704172981568 0.20123914395188497 0.2784569577677092 0.24405544539748766
2 0.24980603387218364 0.17436462144079282 0.21109554550294984 0.13995530010021273 0.19500359170329132 0.15805874899518668 0.2337140800725251 0.1924680703357668
3 0.25706401446107674 0.23980982383619068 0.21584772823441026 0.15508746496928943 0.1818705084855006 0.17161692464306283 0.22308679471216702 0.2563392835099641
3 0.23986579049536103 0.2788511502899429 0.1954303287621064 0.16825622946200028 0.14507684027356788 0.18848754292665093 0.1895123020068225 0.2990824637545936
3 0.181358160486042 0.18250724892349696 0.0892128173155906 0.09745000404087635 0.047457402657125045 0.1426850339109182 0.13960274582757642 0.22774227879353878
2 0.8229907036025632 0.5574070484373006 0.762811248353951 0.4997993779284999 0.7318222947232551 0.5321717743775957 0.7920017499718675 0.5897794448863963
2 0.9151579322900895 0.6396945705625959 0.8492953395852914 0.5674515419680982 0.8135942093376254 0.599999582192177 0.8794568020424235 0.6722426107866747
2 0.8883892525826822 0.5257488446710772 0.8221711048278119 0.4699861930835349 0.7906686142281091 0.5073954001027285 0.8568867619829794 0.5631580516902708
2 1.0226296741382035 0.7062213185604214 0.9359135461362095 0.6635407292561085 0.9108034593265807 0.7145580544012634 0.9975195873285748 0.7572386437055763
3 0.08639013845492949 0.12254976718220902 0.04006160933879398 0.07548586685072718 0.015593743626468166 0.09957142331925734 0.06192227274260368 0.14663532365073914
1 0.199030171847672 0.13339719168273942 0.06509698590520213 0.014345464872494294 0.02785560513028466 0.056242016142442855 0.1617887910727545 0.17529374295268801