2 0.8917201146644478 0.44475983337326713 0.821397782283814 0.3986107903871288 0.7944318841569479 0.43970167176443886 0.8647542165375816 0.4858507147505771
0 0.18964884456150494 0.3145361065276581 0.18285454087104863 0.27484875517208185 0.1719864687836678 0.27670932232431794 0.1787807724741241 0.31639667367989416
2 0.4432670604933073 0.6886484732679842 0.4077874843869457 0.6446251011841235 0.34168491044944527 0.6978988780855014 0.37716448655580687 0.7419222501693621
2 0.33948855813787243 0.5472437572711617 0.3002433361101429 0.5243937431476563 0.24620442054064448 0.6172063439714381 0.285449642568374 0.6400563580949437
2 0.43255495015142587 0.15690050613090312 0.40549875221669135 0.11504794528609981 0.38034516671321283 0.13130884723362987 0.4074013646479473 0.1731614080784332
2 0.2971379643573732 0.203177204981819 0.25620745017594576 0.16159697482540586 0.23207022408512756 0.18535704231647473 0.273000738266555 0.2269372724728879
2 0.2433270692461108 0.1609460160382835 0.20506683972595321 0.12207848328975214 0.18879901535162594 0.13809212373310892 0.22705924487178353 0.1769596564816403
3 0.2509816743023356 0.21736128370069885 0.20220444551937083 0.13684014182527038 0.17257306234522896 0.15478992150520643 0.22135029112819365 0.2353110633806349
3 0.2337928726570112 0.2633316085069373 0.18916256430605627 0.15143795363683854 0.13865608320716907 0.17158315157305665 0.18328639155812398 0.2834768064431554
3 0.17455320237157118 0.16759223997254338 0.0843245515778991 0.08121951324002546 0.04191486453563017 0.1255224892738383 0.13214351532930227 0.21189521600635622
2 0.81882403589069 0.5388885388651649 0.7597030734044444 0.4822941056128449 0.7287141122321018 0.5146664981905671 0.7878350747183475 0.571260931442887
2 0.9115120992465768 0.6193242015670914 0.845649505450676 0.5470811717757909 0.8099483765157536 0.5796292108030664 0.8758109703116544 0.6518722405943669
2 0.8841494931378121 0.5048968979883484 0.8179772179085127 0.44906403807935386 0.784847403506557 0.4883290014087472 0.8510196787358564 0.5441618613177417
2 1.0226575370465842 0.6918525230940307 0.9318467910466689 0.6444964011495085 0.9058758155038407 0.6942986984354372 0.9966865615037561 0.7416548203799594
3 0.07890725219601837 0.10634819032624236 0.031955402819515887 0.06012996145357555 0.007096378171988049 0.0853835726231665 0.05404822754849053 0.1316018014958333
1 0.1437896517592775 0.07869970994042624 0.024287037655172768 -0.027364278276159632 -0.019587811165424865 0.02206964567526791 0.09991480293867984 0.12813363389185378
3 0.3125 3.517670358269424e-17 0.2541666658653846 3.160481703611675e-17 0.2541666658653846 0.055555555288461574 0.3125 0.055555555288461574
2 0.45061039875651676 0.37612235653988996 0.41941419287697923 0.3590487575535693 0.3861150753819942 0.4198915901521765 0.4173112812615317 0.43696518913849725