2 0.922408682774937 0.6179589077415378 0.8548981818868 0.5644121216036943 0.8242087561023458 0.6031046119679956 0.8917192569904828 0.656651398105839
3 0.33024391219096744 0.15043963270002697 0.24259377438505653 0.08118520615823004 0.2000552248644764 0.13502306048357277 0.2877053626703873 0.2042774870253697
2 0.8236175626963681 0.5440848975767554 0.7549298016152365 0.4885796378437225 0.7262072952116707 0.5241237406366561 0.7948950562928023 0.579629000369689
2 0.20840558601386555 0.11161302407069724 0.18073217643872266 0.07699278923813904 0.15728297411019107 0.09573672276101573 0.18495638368533396 0.13035695759357388
2 1.025551679330361 0.7067857664139958 0.9456307291992003 0.6381129444887645 0.9138290684894469 0.6751234949280565 0.9937500186206075 0.7437963168532877
3 0.9938552956938019 0.09850622044508867 0.8946283976184335 0.08939354784871786 0.8874435339978548 0.16762874423320312 0.9866704320732231 0.1767414168295739
2 0.3097658563097453 0.8214982791580704 0.2718418137340447 0.8059838979687595 0.22809918755421407 0.912910316584785 0.2660232301299146 0.928424697774096
2 0.21914281346735864 0.7529025887379276 0.1788558314565724 0.7319579370318505 0.12617829679047615 0.8332830352596633 0.1664652788012624 0.8542276869657404
2 0.6457238859012959 0.13905859523982878 0.6428576753783463 0.10788856696443094 0.5994197566739656 0.11188285976986292 0.6022859671969154 0.14305288804526078
3 0.24739583413461552 0.9425925937499999 0.18051549278846166 0.9425925937499999 0.18051549278846166 1 0.24739583413461552 1
2 0.948088445077166 0.8778128200891138 0.8571911753240216 0.7880946430923662 0.8202084045121831 0.8255634482690949 0.9111056742653277 0.9152816252658424
3 0.44153518217372206 0.059533955294945276 0.3491877543897543 0.012874203820608597 0.31588874844528847 0.07877848855358241 0.4082361762292562 0.1254382400279191
2 0.7185252919153016 0.13262421270407262 0.7174425830099046 0.0979774177944403 0.6826097027025175 0.09906594185006513 0.6836924116079145 0.13371273675969744
2 0.23462991913785375 0.05678360794159183 0.21241443187433515 0.030454142821039233 0.18944428743761335 0.04983520312130506 0.21165977470113187 0.07616466824185765
2 0.581744123357925 0.20299145423209664 0.5391693392852628 0.17460826212116912 0.520312500277367 0.2028935179132767 0.5628872843500292 0.23127671002420427
2 0.42531039961534567 0.14794190244212707 0.3906158842877411 0.12197173034637333 0.37139834781136677 0.1476451495050929 0.40609286313897136 0.17361532160084658
2 0.5633338154325289 0.2790999138105122 0.5205781643642841 0.24542984358928022 0.4977636679057553 0.27440063704083223 0.5405193189740002 0.3080707072620642
2 0.9696566388807187 0.47311449382011944 0.9038195277208639 0.4232625207078069 0.8806062073513523 0.45391924015427143 0.9464433185112071 0.5037712132665839
2 0.9786520684861942 0.5259779579236281 0.9103962929916347 0.4761959675201632 0.8814261743360129 0.5159167159069381 0.9496819498305725 0.5656987063104031