2 0.41243048588105413 0.3820406823832634 0.4033389554856161 0.33857180802763226 0.3411419966339396 0.35158032389757604 0.35023352702937766 0.3950491982532073
2 0.6422059794798337 0.4075693072901839 0.5889547453346995 0.37665702411759483 0.5659818876829564 0.4162313582088592 0.6192331218280906 0.4471436413814483
2 0.77840100619305 0.5163659528760334 0.7179767237949967 0.4541748690671935 0.6841213866466868 0.4870684018253412 0.7445456690447401 0.5492594856341811
2 0.8170028337066042 0.46965723075460153 0.7662192150518704 0.42632188091944967 0.7393724143512023 0.457782978939165 0.7901560330059361 0.5011183287743168
2 0.8515333609440093 0.394016037636708 0.8033563911173739 0.3621470352892301 0.781716391291895 0.3948606297492399 0.8298933611185304 0.4267296320967179
2 0.9866349869465592 0.6699238965894748 0.8979285626100799 0.5982419347726956 0.8597827678354607 0.6454473539906941 0.9484891921719398 0.7171293158074733
2 0.645737491777479 0.14645840726661885 0.6394143233112506 0.11563295859976755 0.5945559508144254 0.12483467532038338 0.6008791192806539 0.1556601239872347
2 0.7021659809249202 0.13894306509655927 0.6933501274265794 0.1100160456859238 0.6573285239626789 0.12099405812492113 0.6661443774610198 0.1499210775355566
3 0.533392604911623 0.2490852513567202 0.4243612532021609 0.22852714981794453 0.40868223309281865 0.31168194661554954 0.5177135848022808 0.3322400481543252
2 0.34745806195475437 0.2246574120455456 0.3179596041650011 0.19029905099655975 0.29529899117635 0.20975437759908958 0.32479744896610324 0.24411273864807542
2 0.3760725758656885 0.7064265301897857 0.33927732440046615 0.6857292019868964 0.29263724145847153 0.7686449079846367 0.3294324929236939 0.7893422361875261
2 0.227717362295039 0.7354133736880836 0.18527665680987493 0.7149508884376835 0.1371124381204261 0.8148470347419043 0.17955314360559013 0.8353095199923045
3 0.29546844076149514 0.8597194280335126 0.24239463229924257 0.8390881698010225 0.18394964186600568 0.9894376149428082 0.23702345032825828 1.0100688731752983
2 1.023262446636248 0.6249876196646541 0.9592091695892988 0.5828126208099792 0.9351254034708185 0.6193898391956052 0.9991786805177677 0.66156483805028