2 0.4723958341346154 0.3342592596153846 0.4135416658653846 0.3342592596153846 0.4135416658653846 0.3787037043269231 0.4723958341346154 0.3787037043269231
2 0.6909108054144539 0.4401384214014786 0.635542574081531 0.40034659165316416 0.6093825180785227 0.43674692915003777 0.6647507494114457 0.4765387588983522
2 0.8301347659364784 0.5525329030514722 0.7634126859320456 0.4904001730084519 0.7313952536636475 0.5247825295517653 0.7981173336680804 0.5869152595947854
2 0.8170028337066044 0.4668794543122941 0.7662192150518705 0.42354410447714197 0.7393724143512023 0.4550052024968574 0.7901560330059361 0.4983405523320095
2 0.8518858064782283 0.39139109375457753 0.8044836156779398 0.36034404497770267 0.7829735044329614 0.3931853757173044 0.83037569523325 0.42423242449417925
2 1.0367863777204587 0.7102227812157046 0.9573682291426203 0.6443351148292489 0.9183350003245927 0.6913840837145717 0.997753148902431 0.7572717501010273
2 0.645737491777479 0.14275470293969583 0.6394143237844366 0.11192925657962682 0.5945559508144254 0.12113097339730641 0.6008791188074677 0.15195641975737542
2 0.70216598159526 0.1361652884499576 0.6933501274265795 0.10723826683976997 0.6573285239626789 0.11821627927876731 0.6661443781313595 0.14714330088895491
3 0.4993364271111718 0.2506822735543193 0.3935271606580782 0.20347857222468624 0.36009937188237245 0.2784084974186239 0.4659086383354661 0.3256121987482569
2 0.31649346839396386 0.20059727168154448 0.2894564058873086 0.1637467579360601 0.26443128691437673 0.18210757945895012 0.29146834942103195 0.2189580932044345
2 0.3427838013912737 0.7501415109116627 0.30322488366784184 0.731530840216068 0.25945117074541557 0.8245764233802078 0.2990100884688474 0.8431870940758025
2 0.22783856909609856 0.7348412047883035 0.1855450485756287 0.7140248685546227 0.1365968848399714 0.8134751341611021 0.17889040536044123 0.8342914703947829
3 0.27660985543968636 0.9112080040042146 0.2283905678853594 0.8878424858363535 0.17467655548518485 0.998691789113662 0.2228958430395118 1.022057307281523