2 0.922081545232814 0.6075170348644713 0.8542299229738496 0.5512253195865443 0.8221673492013993 0.5898721725651304 0.8900189714603639 0.6461638878430573
3 0.3380564121909675 0.150439632700027 0.2504062743850565 0.08118520615823004 0.2078677248644764 0.13502306048357277 0.2955178626703873 0.20427748702536974
2 0.8039896960274526 0.5152445220778519 0.7347994893479053 0.4660425996934285 0.7082989964560629 0.5033089196142317 0.7774892031356101 0.5525108419986551
2 0.20528058737656782 0.10513154152167309 0.17760717547022672 0.07051130850321635 0.1541579739121997 0.08925524397136139 0.18183138581854083 0.12387547698981813
2 1.0259102018027357 0.6974179036677491 0.9471932272021578 0.6297796121207366 0.9153915685381089 0.6667901619152156 0.9941085431386869 0.7344284534622282
2 0.30716168838513663 0.8159427230271988 0.26879148199163 0.8002458202744627 0.2253733402760417 0.9063790546514959 0.26374354666954836 0.9220759574042321
2 0.22025590335677434 0.7385743847374815 0.18021991829193726 0.7180708819026969 0.12810599373949705 0.8198306798193662 0.16814197880433415 0.8403341826541509
2 0.6452030519169496 0.13165118651198818 0.6423368411700918 0.10048115828196355 0.5988989221768348 0.10447545143180709 0.6017651329236927 0.1356454796618317
3 0.24479166586538476 0.9379629639423077 0.17582859855769242 0.9379629639423077 0.17582859855769242 1 0.24479166586538476 1
2 0.7046507345305429 0.12327205899321268 0.6976409305712669 0.09172794117647058 0.6605698521776018 0.09996595859728506 0.6675796561368779 0.13151007641402718
2 0.7687924632236472 0.15969339639851293 0.7471998240367892 0.14676393221237072 0.7228081011062917 0.18749892824944872 0.7444007402931496 0.2004283924355909
2 0.26557081163505303 0.05047100887102793 0.2580411752241178 0.012990137705694186 0.22503542007135863 0.01962075561935909 0.2325650564822938 0.057101626784692834
2 0.34959521639345603 0.0838299887262361 0.31123634523994614 0.06604036698703883 0.29736138114432326 0.09595825775538921 0.33572025229783314 0.11374787949458648
2 0.9105160628925351 0.42015738564526584 0.8619401163959727 0.3884930652428111 0.8405774672573105 0.4212653113670022 0.8891534137538729 0.4529296317694568
2 0.9220021788915651 0.5298165746400835 0.8654428785815578 0.4841120921179579 0.8382840624333425 0.5177211289962895 0.8948433627433499 0.5634256115184152