3 0.9591743489090582 0.4767935259145509 0.8932492070629112 0.3242726416748945 0.8052308425186574 0.3623174195856239 0.8711559843648042 0.5148383038252803
1 0.15401895287468237 0.09504339048921472 0.0323694301071836 0.0025819171664891983 -0.006487126366263043 0.05370463219055707 0.11516239640123573 0.1461661055132826
2 0.46611118666395146 0.3190053205639499 0.43879946752877214 0.3064357234318659 0.4155404170055059 0.35697391081902763 0.44285213614068525 0.3695435079511116
1 0.24188614173454395 0.23835154007753592 0.11504069680784539 0.11277454897441475 0.06943999059626169 0.1588358681505535 0.19628543552296027 0.28441285925367465
2 1.0314374922561467 0.7108434874721444 0.9531176479008722 0.6479630279656962 0.9202949223634664 0.6888448977163759 0.9986147667187409 0.7517253572228242
2 0.5858796292818507 0.22910880054754273 0.5617766200045071 0.2050057877938034 0.5238136554612383 0.24296874686164524 0.5479166647385818 0.26707175961538454
2 0.830429668028857 0.5436590917405127 0.7603733306817624 0.49201863929512535 0.7328253660684881 0.5293906879659682 0.8028817034155827 0.5810311404113556
0 0.18075585028931468 0.30759716024269035 0.17584328512286954 0.2726633514110529 0.16294726787454633 0.27447685320884757 0.16785983304099147 0.30941066204048495
2 0.30265516898875505 0.618427850370445 0.2654642680991877 0.5975079678520258 0.21519844076014538 0.6868694353962367 0.2523893416497127 0.7077893179146559
2 0.7428987095687203 0.2156494204424775 0.7206480599675879 0.18929997072784963 0.6821756105525304 0.22178782153698848 0.7044262601536629 0.24813727125161636
3 0.10989583413461539 9.950255243072244e-18 0.05260416586538462 6.4421523348859725e-18 0.05260416586538462 0.02777777884615385 0.10989583413461539 0.02777777884615386
2 0.2735007582651308 0.23826235530802037 0.22975720493233995 0.20197141134586932 0.20615769613442458 0.23041725096927307 0.24990124946721542 0.26670819493142406
2 0.3000222351308984 0.21606820788439732 0.25793334673662177 0.18043740152411797 0.23675517537293353 0.20545411548529338 0.2788440637672101 0.24108492184557273
2 0.9329990379984954 0.6254633984097817 0.8640444384966817 0.5682566205460917 0.8314358603028045 0.6075616038653769 0.9003904598046181 0.6647683817290668