3 0.320250306433515 0.8865954692609075 0.27367039699948625 0.8645864621379791 0.21248218174587036 0.9940853308976726 0.2590620911798991 1.0160943380206011
2 0.4275180985468952 0.71959496209043 0.39336062975540276 0.6944343246832566 0.3433968705428106 0.762263907789255 0.3775543393343031 0.7874245451964283
2 0.23942192247423932 0.7776931759856136 0.20265708002012464 0.7580826193044873 0.15686252252045146 0.843935852290563 0.19362736497456615 0.8635464089716892
1 0.25532187057801 0.2739692537023408 0.1296972015288987 0.14904561302749678 0.0846721105921616 0.1943233692414392 0.21029677964127289 0.3192470099162833
3 0.8238593928160584 0.560680728527055 0.7474740174481809 0.4905193451843161 0.7096862038617089 0.5316593026311895 0.7860715792295865 0.6018206859739283
2 0.7195117068755863 0.20009852914108917 0.7132397592920088 0.16570082240048198 0.6718255383129237 0.17325213461888866 0.6780974858965011 0.20764984135949585
2 0.3139852601385076 0.4947120204646186 0.28358562933078557 0.4662123655360632 0.22689131374319874 0.5266862999426254 0.2572909445509208 0.5551859548711809
2 0.482709591218646 0.4061550148922522 0.48144059196521377 0.3640400830195822 0.4240057715050413 0.36577069829174574 0.42527477075847353 0.40788563016441576
2 0.6401017906339891 0.4304217078286768 0.5821659201246262 0.39216564742837307 0.5623739852471268 0.42213901541749915 0.6203098557564898 0.46039507581780287
2 0.25656991637193627 0.8559967850183733 0.21753979974283377 0.838224142721698 0.15737531435172725 0.9703500721443643 0.19640543098082974 0.9881227144410397
3 0.9811256732806434 0.6892659099851186 0.8947160460098053 0.6195839213229299 0.8563277663685513 0.6671875704014669 0.9427373936393895 0.7368695590636558
2 0.038944444714468826 0.06396296123406593 0.009166666918956066 0.024259259142857124 -0.011988888599871775 0.04012592643582414 0.017788889195640985 0.07982962852703294