2 0.4011182464521155 0.10568944251597585 0.3600586798738009 0.07527494758447319 0.3378782841155052 0.10521848070649827 0.3789378506938198 0.13563297563800092
2 0.06569178714579374 0.12008136564299265 0.041581086199062395 0.07908152396785846 0.015986343114256597 0.09413297712262612 0.04009704406098795 0.1351328187977603
3 0.9467254181107575 0.49391476360926406 0.8578216909551029 0.4272853906028749 0.8167842970964121 0.4820416805418831 0.9056880242520667 0.5486710535482723
2 0.3154141898588404 0.8455731143120239 0.2779443598098075 0.8284306666981796 0.23263312661786456 0.9274716114488608 0.27010295666689754 0.9446140590627051
0 0.37412779596337775 0.5288285808889372 0.3635772156226023 0.4896102532822543 0.34892225587920733 0.49355275515826935 0.35947283621998277 0.5327710827649522
3 0.5803297037841477 0.17267168907022817 0.5289853802823908 0.1355387367428775 0.4966716830218152 0.1802193996500061 0.5480160065235722 0.21735235197735675
2 0.8579706799674331 0.1143717438724304 0.8371177021580279 0.09954296036533125 0.8112294340549007 0.1359483391356123 0.8320824118643059 0.15077712264271145
2 0.6351274803853948 0.2791447331821615 0.5927496728106334 0.24685690241110023 0.5694115687342004 0.2774881854701424 0.6117893763089618 0.3097760162412037
2 0.7114639489892262 0.58915915443221 0.6490408687722424 0.5257452140329216 0.6192165249447921 0.555103544321773 0.6816396051617757 0.6185174847210614
2 0.5105172385667455 0.400089408724894 0.4611853487538421 0.3562388248232653 0.43589798722361256 0.3846870966972915 0.485229877036516 0.4285376805989202
3 0.9456502206569692 0.8866611822825602 0.8267144927526023 0.7628169952932626 0.7742640027359636 0.8131886547205134 0.8931997306403304 0.9370328417098109
3 0.6485806764296923 0.6490281787355794 0.5355317078950004 0.5244230983799009 0.4779527876320519 0.5766620402150758 0.5910017561667438 0.7012671205707544
3 0.32355795161658596 0.31442656281507325 0.22993998550263312 0.22364551166898344 0.18475935967297735 0.2702380355991283 0.2783773257869302 0.36101908674521815
2 0.8255948697679307 0.5601848308578654 0.7654154190169735 0.5025771544282974 0.7344264628985642 0.5349495477295867 0.7946059136495214 0.5925572241591547
2 0.9182829328663421 0.6424723502734072 0.852420341000651 0.5702293179104547 0.8167192082006894 0.6027773583489197 0.8825818000663805 0.6750203907118723
2 0.38724965597506295 0.15053202284758144 0.3527394104553917 0.11218730781569738 0.32528775244875174 0.1368938014470478 0.35979799796842304 0.17523851647893185
2 1.0266367726435977 0.7231260073526685 0.9445771522487267 0.6623411010185859 0.9143881956068548 0.7030961909176088 0.9964478160017258 0.7638810972516914
3 0.14546264854982155 0.17497498073600293 0.10015051405795068 0.1266420254271404 0.07455568550830921 0.15063717130900361 0.11986782000018009 0.19897012661786612
1 0.3782142131811218 0.2909118034741189 0.22568566602760007 0.14685706082924113 0.17765939438311548 0.19770840598204914 0.3301879415366372 0.3417631486269269