2 0.30114493723976477 0.43577253465315025 0.2721132127775351 0.4077776564933258 0.21320500002598794 0.46886765272055186 0.24223672448821765 0.4968625308803763
2 0.5376503166083003 0.359968680706921 0.48531237741351596 0.3450814479115615 0.47247635654665215 0.39020809359969166 0.5248142957414366 0.4050953263950513
2 0.6885604129736489 0.4448953151649697 0.6239129221622542 0.4025531070425241 0.5997000881049848 0.4395209232392754 0.6643475789163793 0.48186313136172093
2 0.8157730531461898 0.4655198327421947 0.7621943736810255 0.4337695056967037 0.7391825289890727 0.4726019954813208 0.7927612084542369 0.5043523225268118
2 0.8509611427252349 0.3976340592909177 0.8040281579905871 0.3678353376783701 0.7829292165002626 0.4010661692475225 0.8298622012349105 0.43086489086007007
2 0.8656740690768819 0.5812543174919509 0.7896660300340521 0.5233434296476008 0.7571457040825742 0.5660263567553508 0.833153743125404 0.6239372445997009
2 0.645737491777479 0.15108803707431118 0.6394143233112506 0.12026258840745983 0.5945559508144254 0.12946430512807566 0.6008791192806537 0.16028975379492702
2 0.7021659822786736 0.14449861879396705 0.6925755103689564 0.11302989632680377 0.6565539079901695 0.12400791318520143 0.6661443798998866 0.15547663565236472
3 0.6219188604760935 0.3093258683736332 0.6053916331932684 0.2260776143139605 0.4996924579419983 0.24706200987537 0.5162196852248232 0.33031026393504265
2 0.4233064640330496 0.2632563691642229 0.38064437826087966 0.24283691034310242 0.3657637446792895 0.2739268070814722 0.4084258304514595 0.2943462659025927
2 0.4746262962400439 0.6593661148245922 0.44811406888277755 0.6163474774802601 0.3873327976994583 0.6538067504873847 0.4138450250567246 0.6968253878317168
2 0.22683430208887675 0.7426461324387148 0.184091738984324 0.7220381163203425 0.13586002248260373 0.8220742951729876 0.1786025855871565 0.8426823112913598
3 0.35355309032764165 0.7445008015885743 0.30398731315305105 0.7226810844399986 0.24616998067293372 0.854019222282256 0.29573575784752426 0.8758389394308318
2 0.9302735487591728 0.557176021689777 0.8728230091128625 0.5100371066432877 0.845999165731764 0.5427286583286077 0.9034497053780745 0.5898675733750969