0 0.9322916658653846 0.08981481490384625 0.9140625 0.08981481490384625 0.9140625 0.11666666586538471 0.9322916658653846 0.11666666586538471
2 0.8885475848310496 0.4417834333624935 0.8181026723833841 0.3959656058045015 0.7920499587779715 0.43602165443828844 0.8624948712256371 0.4818394819962804
0 0.1901696786276745 0.3154620316086169 0.183375375005664 0.2757746806528511 0.17250730291828317 0.2776352478050872 0.17930160654029365 0.31732259876085295
2 0.45783701112876474 0.1667538128909625 0.44257871483863565 0.11250209535653764 0.4172393478632751 0.11962879266098753 0.43249764415340414 0.17388051019541242
2 0.9938278161524047 0.5380693803822008 0.9306985367218529 0.48439425189781943 0.902805548363005 0.5172002144726687 0.9659348277935569 0.5708753429570501
2 0.29898105757203086 0.20040264749278286 0.25608573225235465 0.16003058002890758 0.23254512774461863 0.1850424744404266 0.27544045306429493 0.22541454190430185
2 0.2454104033108928 0.16002009073288687 0.20715017279350728 0.12115255657087855 0.19088234845452037 0.13716619681447184 0.2291425789719059 0.17603373097648017
3 0.25272008942908786 0.21965049914394597 0.2057245209600442 0.1361028700662006 0.1752596431957977 0.15323937369502777 0.22225521166484133 0.23678700277277315
3 0.23477348570950124 0.2625199628051315 0.19000663692986028 0.14882637914947242 0.13923274157694004 0.1688186005408012 0.183999590356581 0.2825121841964603
3 0.1757670763041624 0.16504703313520105 0.08221266270025678 0.08345661252023119 0.04024071449746943 0.13158310791428512 0.13379512810137506 0.213173528529255
2 0.81882403589069 0.5379626133843955 0.7586445899477827 0.48035493087466274 0.72765562877544 0.5127273234523848 0.7878350747183472 0.5703350059621177
2 0.9109912658041542 0.6202501278068173 0.8451286751352665 0.5480070967566084 0.8094275423353048 0.5805551371950733 0.8752901330041924 0.6527981682452823
2 0.8840513282558237 0.5090051392217175 0.8205188545989238 0.44955955236218365 0.7867241876277075 0.4856776042230538 0.8502566612846073 0.5451231910825877
2 1.0223873764339082 0.6950326252349749 0.9308051251812846 0.6472741775918162 0.9048341496384562 0.6970764748777447 0.9964164008910799 0.7448349225209033
3 0.08099058272501355 0.10357041270093834 0.03403873577113493 0.05735218621304187 0.009179713508377494 0.08260579496000897 0.056131560462256126 0.12882402144790545
1 0.1772935748864719 0.09974081873902627 0.04097524445299559 -0.014012341921770123 -0.0018496090404079846 0.037307660927969874 0.1344687213930683 0.15106082158876627
2 0.409476530386477 0.08094498357075068 0.3859017797932927 0.04427313269146121 0.36073631340575474 0.06045092517867985 0.384311063998939 0.09712277605796932