2 0.725852561129186 0.4533067149202316 0.663546950761692 0.4083082110550528 0.6384413035064755 0.44306987070031284 0.7007469138739695 0.4880683745654916
2 0.8834805272838447 0.5733257594144929 0.81791034379578 0.5184696529017025 0.7862263776584388 0.5563418900202936 0.8517965611465036 0.611197996533084
2 0.8569804109015013 0.475852791138342 0.8040661336318509 0.4358731174212478 0.7783358863146191 0.4699278585978508 0.8312501635842697 0.509907532314945
2 0.8640111364539911 0.3841370242592443 0.8174798744386198 0.3514328833574142 0.794980659632822 0.3834446357043506 0.8415119216481934 0.41614877660618066
2 1.0258890963502498 0.6948841683445106 0.9420358845072152 0.621531099835177 0.9092389946103039 0.6590227087372428 0.9930922064533386 0.7323757772465764
2 0.8332604298266477 0.14539197027045428 0.8238447073663931 0.11361391231436437 0.7791627252401886 0.12685302035727025 0.7885784477004432 0.15863107831336018
2 0.6468490552491525 0.12573749246995092 0.6396517270175817 0.09092040290212475 0.5946852466356304 0.1002157955597138 0.6018825748672011 0.13503288512753994
2 0.7002408631082049 0.1252306735327619 0.6992028997385513 0.08832536942696637 0.6649331328377651 0.08928920819192027 0.6659710962074186 0.12619451229771578
2 0.1833333341346154 2.0346996396462377e-17 0.1489583341346154 1.8242134710427866e-17 0.1489583341346154 0.014814814903846174 0.1833333341346154 0.014814814903846176
3 0.3703782657527161 0.16856528427777542 0.2792127886651889 0.10373650206713798 0.23801895406243154 0.1616653333140845 0.3291844311499587 0.22649411552472193
2 0.2089089008797526 0.10376046415396165 0.179391796178532 0.07315013671646844 0.15996020417325638 0.0918877453520621 0.18947730887447703 0.12249807278955528
2 0.22172304305643534 0.7294092492300192 0.17974396970073964 0.7087476866214791 0.12893877761448475 0.811970996777003 0.17091785097018045 0.8326325593855431
2 0.3071405225087452 0.8116880410255429 0.2690326015943917 0.7952229345069625 0.22369905042107913 0.9001458744788279 0.2618069713354326 0.9166109809974083
3 0.25301541177100434 0.944769148183872 0.19716632256101707 0.9259200813004654 0.17216435096153854 1 0.22801344017152583 1.0188490668834065