2 0.10987194020504973 0.7281356101316541 0.06945137233184215 0.7064021231278458 0.0043485504333929175 0.8274822347004853 0.044769118306600506 0.8492157217042936
2 0.3453001813595514 0.43620114974686663 0.3168215583106304 0.39935692940596845 0.2579528498621933 0.444859310560141 0.28643147291111426 0.4817035309010392
2 0.4994791658653846 0.3703703701923077 0.4375 0.3703703701923077 0.4375 0.41759259374999996 0.4994791658653846 0.41759259374999996
2 0.6800607538892175 0.4333719054507022 0.6126419679495708 0.3905663298104712 0.5839414236813493 0.435769689920223 0.651360209620996 0.47857526556045404
2 0.8166793564257401 0.4703778888065111 0.7648630484661739 0.4396719319084567 0.7423926608064235 0.47759071525118457 0.7942089687659897 0.5082966721492389
2 0.9019868547962466 0.5373330614240617 0.8451530128884811 0.5002170859850756 0.8227210052476231 0.5345661004149961 0.8795548471553888 0.5716820758539821
2 0.8553557611385881 0.4039930443461379 0.8080850554791768 0.36914851674847426 0.7843554105338776 0.4013405749839484 0.8316261161932891 0.436185102581612
3 0.7560655085017645 0.20824580766768544 0.7169728063434635 0.15107272619409035 0.6274005670612868 0.21231869687921742 0.6664932692195875 0.2694917783528125
2 0.5787585848889555 0.3085098824129092 0.5748063116761026 0.2698654038318501 0.5308531696717289 0.27436060811828455 0.5348054428845818 0.3130050866993436
2 0.7022785547101908 0.14814238557137088 0.6935302844393042 0.11533636921656393 0.6561102478219658 0.12531504478431482 0.6648585180928526 0.15812106113912178
2 0.6462683826684562 0.15175517522275617 0.6392340695683474 0.12010076284811069 0.5947303924537737 0.1299904678037715 0.6017647055538826 0.16164488017841697
2 0.6710164357166796 0.6654701774378639 0.6034940722516228 0.6383406718308448 0.5832636607592693 0.6886919468456365 0.650786024224326 0.7158214524526557
3 0.5259658093050087 0.6635182131968389 0.5025387134762751 0.5930367030794629 0.418520874071555 0.6209630907487911 0.4419479699002885 0.691444600866167
2 0.22600666691459567 0.749516792052693 0.18435387970456857 0.7264649982161214 0.12988245907455198 0.8248905918430428 0.17153524628457908 0.8479423856796143
2 0.35129080889207126 0.7488243778803099 0.31195615142137534 0.7330202629699444 0.27237794243716895 0.8315259561091606 0.31171259990786493 0.8473300710195262
2 0.13580732838981666 0.9082525090358506 0.09307950978631854 0.8865711297975654 0.04044406182852554 0.9903005949638377 0.08317188043202367 1.011981974202123
3 1.050531432244213 0.6285006530094465 0.9150989724961327 0.567080033017102 0.8577631246245642 0.6935055707266872 0.9931955843726445 0.7549261907190317