2 0.9158920979697653 0.49485400411783187 0.8479834502968082 0.4495815462171456 0.8199385710154053 0.491648840869653 0.8878472186883625 0.5369212987703393
2 0.2664518430955186 0.3236921607717212 0.2383314761095632 0.2737004072246948 0.2090535343782614 0.2901692527374483 0.2371739013642168 0.34016100628447465
3 0.43484722142820353 0.12460184700865051 0.3822916596153807 0.08518518701923333 0.35036805348589756 0.12775000747019788 0.4029236152987204 0.1671666674596151
2 0.3289671911897626 0.8330245886688876 0.29148997819761713 0.8157193456427195 0.24715503236690395 0.9117336116880085 0.2846322453590494 0.9290388547141765
2 0.2772895317797198 0.9414394799896717 0.22451260891214794 0.9205893476463424 0.19314051442307698 1.0000000000000002 0.24591743729064885 1.0208501323433294
0 0.6553498017538802 0.8996085218087567 0.6414169882808529 0.8469734317189762 0.6202586063322232 0.8525741780761782 0.6341914198052504 0.9052092681659586
2 0.0788514098695858 0.13566274457468205 0.05195799559136398 0.09741433499563253 0.027735374408888104 0.1144458663333845 0.05462878868710992 0.15269427591243404
2 0.47968569419800766 0.41944637650885763 0.4317300498257257 0.3744879495348274 0.40639401473931885 0.40151304739043564 0.4543496591116008 0.4464714743644658
2 0.7216382729115781 0.1847972421081668 0.7138071177056922 0.151025400530941 0.6701612769667472 0.161146179764625 0.6779924321726329 0.19491802134185085
3 0.7498086379693876 0.7951411050638403 0.5994897420764578 0.6150489034016956 0.5347485910640544 0.6690868808887992 0.6850674869569843 0.849179082550944
2 0.8250740358906901 0.5685181686728572 0.7648945899477828 0.5109104861631244 0.7339056287754401 0.5432828787408465 0.7940850747183474 0.6008905612505793
2 0.9182829316695389 0.6508056830952789 0.8524203410006508 0.5785626520450701 0.8167192082006894 0.6111106924835349 0.8825817988695774 0.6833537235337437
2 1.0268489812958475 0.7293788766446873 0.9450979848311678 0.6688225806380589 0.9149090261878654 0.7095776732390137 0.996660022652545 0.770133969245642
3 0.422837220716314 0.4536319466646379 0.36493826287742615 0.37763962713215626 0.32784178996130575 0.4059036297913176 0.3857407478001936 0.48189594932379926
1 1.0011733333500885 0.9115126826556117 0.7246889762092995 0.6115361778997793 0.6461342864145737 0.6839389913333422 0.9226186435553626 0.9839154960891747