2 0.9245407536725335 0.6134116415038184 0.8562144011483425 0.560775043030391 0.825118133854911 0.6011403892514255 0.8934444863791021 0.653776987724853
3 0.3302439121909674 0.14951370721925772 0.2425937743850565 0.08025928067746078 0.20005522486447638 0.13409713500280354 0.28770536267038727 0.20335156154460046
2 0.8249755040775301 0.5414785195839169 0.7566028267517335 0.48622787297849585 0.7280860683236017 0.5215173626438174 0.7964587456493982 0.5767680092492384
2 0.2073639177446348 0.11068709858992803 0.17969050816949192 0.07606686375736983 0.15624130730766128 0.09481079610785073 0.18391471688280417 0.12943103094040892
2 1.0257906953731877 0.7033182981503692 0.9466723923942607 0.6353351695729431 0.9148707359100501 0.6723457212436265 0.993989038888977 0.7403288498210525
2 0.3102866883851366 0.8205723528348913 0.27236264786866016 0.8050579724879903 0.2286200225312393 0.9119843890447918 0.2665440630477158 0.9274987693916928
2 0.22174698140036186 0.7464211071488444 0.1814599987871831 0.7254764543687482 0.12878246177633454 0.826801553425912 0.1690694443895133 0.8477462062060082
2 0.6452030519169495 0.13628081631968053 0.6423368411700916 0.10511078808965589 0.598898922396025 0.10910508121934401 0.6017651331428829 0.14027510944936863
3 0.24791666586538474 0.9425925937499999 0.1810363245192309 0.9425925937499999 0.1810363245192309 1 0.24791666586538474 1
2 0.7052757362839367 0.12880446592194567 0.6982659323246606 0.0972603481052036 0.6614828429864252 0.10543436795814479 0.6684926469457013 0.13697848577488686
2 0.29806696536590965 0.02443449279864828 0.2690355342101072 -0.0026000671947776434 0.250278068179206 0.01754289366220813 0.2793094993350084 0.04457745365563405
2 0.15781250000000002 1.7237541485809176e-17 0.12369791586538462 1.5148625672574187e-17 0.12369791586538462 0.014814814903846172 0.15781250000000002 0.014814814903846174
2 0.7464149102584028 0.262289010367563 0.7331783335653751 0.20738173530432905 0.7092701502075885 0.21314531585429908 0.7225067269006161 0.26805259091753303
2 0.4256250742613628 0.13345284970431337 0.3850798205511474 0.11020109156382488 0.36694387850752547 0.14182564085551835 0.40748913221774086 0.16507739899600685
2 0.530662208870975 0.2025027893848644 0.48709760765136373 0.182121687790047 0.47078680353749586 0.21698602883099133 0.5143514047571072 0.23736713042580873
2 0.9931659695220235 0.48361589032680663 0.9387887646922644 0.4483229900898741 0.9155325719605979 0.4841547507907651 0.9699097767903571 0.5194476510276976
2 1 0.5805555552884617 0.953125 0.5805555552884617 0.953125 0.6517195769230769 1 0.6517195769230769