2 0.4924768492233727 0.33842592295981333 0.4332175891642018 0.331018521862673 0.4277314826109473 0.37490741226947694 0.4869907426701182 0.38231481336661727
2 0.7007273858799876 0.4409579755215759 0.6438149914603246 0.40843660996210124 0.6199545929130633 0.45019231086121264 0.6768669873327263 0.4827136764206873
2 0.8165027936530164 0.46248082821337866 0.7649729406488169 0.4244967668362264 0.7402725363174762 0.45800577451448066 0.7918023893216758 0.4959898358916329
2 0.8500133534941904 0.3908653843836529 0.8042868578530382 0.36038105542181104 0.7826522438469599 0.39283297799111716 0.8283787394881121 0.42331730695295905
2 0.8441990976231245 0.560607750262942 0.7716436910355144 0.5030240904443045 0.7431987345406103 0.5388647332647647 0.8157541411282201 0.5964483930834021
2 0.6421500416665192 0.14605379936341553 0.6410744672165516 0.11156817698170453 0.5980037301158913 0.11291151316551974 0.5990793045658588 0.14739713554723075
2 0.6968749999999999 0.10740740625000006 0.6619791658653846 0.10740740625000006 0.6619791658653846 0.1435185192307693 0.6968749999999999 0.1435185192307693
3 0.49070452343451454 0.25467814951665835 0.3882807080053325 0.19507808786340758 0.34922764413481033 0.2621915051127042 0.45165145956399244 0.321791566765955
2 0.31011312372375127 0.19027515684063084 0.2764075458934728 0.16142429421389895 0.2580091037221827 0.1829186298455036 0.2917146815524612 0.21176949247223548
2 0.2264105447798417 0.7331129585403952 0.1848507413014668 0.7126577485610596 0.1351067034593677 0.8137250286831885 0.1766665069377426 0.8341802386625242
2 0.33616551219434854 0.7619505203552708 0.2995030857803432 0.7452390918148382 0.2549888872587943 0.8428967231613244 0.29165131367279973 0.8596081517017571
3 0.2719032737954274 0.9180570823619626 0.22129752464626998 0.8959170579855716 0.17576121875000014 1.0000000000000002 0.22636696789915758 1.0221400243763912
2 1 0.6666666658653846 0.9526041658653847 0.6666666658653846 0.9526041658653847 0.7501709399038461 1 0.7501709399038461