2 0.9229985314845215 0.6073340117260789 0.8535682008090995 0.5517897471857413 0.8220867200398687 0.5911415981472797 0.8915170507152907 0.6466858626876173
3 0.3370147463255829 0.1485877817384886 0.24936460851967204 0.07933335519669155 0.20682606016842076 0.13317120804210228 0.2944761979743316 0.20242563458389937
2 0.8052537910023229 0.5203164961900083 0.7415154380066485 0.46653725826436765 0.7129492290652844 0.5003935042708728 0.7766875820609587 0.5541727421965134
2 0.20528058737656782 0.10513154152167309 0.17760717547022672 0.07051130850321635 0.1541579739121997 0.08925524397136139 0.18183138581854083 0.12387547698981813
2 1.0259102018027357 0.6974179036677491 0.9471932272021578 0.6297796121207366 0.9153915685381089 0.6667901619152156 0.9941085431386869 0.7344284534622282
2 0.30716168838513663 0.8159427230271988 0.26879148199163 0.8002458202744627 0.2253733402760417 0.9063790546514959 0.26374354666954836 0.9220759574042321
2 0.22025590335677434 0.7385743847374815 0.18021991829193726 0.7180708819026969 0.12810599373949705 0.8198306798193662 0.16814197880433415 0.8403341826541509
2 0.6452030519169496 0.13165118651198818 0.6423368411700918 0.10048115828196355 0.5988989221768348 0.10447545143180709 0.6017651329236927 0.1356454796618317
3 0.25886227143616086 0.9577714938084512 0.2074226879815818 0.932369229397081 0.17429908627766216 0.9994445202676995 0.2257386697322412 1.0248467846790694
2 0.7046507345305429 0.12327205899321268 0.6976409305712669 0.09172794117647058 0.6605698521776018 0.09996595859728506 0.6675796561368779 0.13151007641402718
2 0.7667091297896848 0.161545245528404 0.7451164898192102 0.14861578195584224 0.7207247664931078 0.18935078206502348 0.7423174064635825 0.20228024563758523
2 0.27911753154998575 0.03399720174386692 0.24531898624708753 0.012967001324046224 0.2279996584816984 0.04080164257371058 0.2617982037845966 0.06183184299353127
2 0.3534050161134564 0.11072945437830804 0.34386909306331653 0.07117302984852082 0.3089209534693781 0.07959802714984125 0.318456876519518 0.11915445167962845
2 0.9137553400861497 0.42248041004690384 0.8653044855022476 0.3901798449830381 0.8438301286591092 0.4223913848936405 0.8922809832430113 0.4546919499575062
2 0.9256480113719459 0.5335202793372104 0.8688135900371439 0.48759347084593063 0.8416547705047854 0.5212025075494279 0.8984891918395874 0.5671293160407077