2 0.9703934219291261 0.5008551904161062 0.8917444573977035 0.4522220156149942 0.8625355135361953 0.49945835581196507 0.941184478067618 0.548091530613077
0 0.18912801008186045 0.31361018128972007 0.18233371083117086 0.2739228297005338 0.17146563549262586 0.27578339618260744 0.17825993474331542 0.3154707477717938
2 0.13730872309770642 0.9062826429551823 0.09307034061404362 0.8792835617035789 0.020587069322867493 0.9980484429661853 0.0648254518065303 1.0250475242177888
2 0.4496488257181951 0.34532713017658634 0.4198256245198306 0.3309480862281233 0.3904542628683348 0.39186646377408774 0.4202774640666993 0.4062455077225507
2 0.2966171374074965 0.2013253305099181 0.25568659908460895 0.15974513023154066 0.23154939014703702 0.18350521192457148 0.2724799284699246 0.22508541220294892
2 0.2417821089866297 0.162280453071736 0.20725749597859552 0.11955623416670538 0.18967498819203296 0.13376431783913373 0.2241996012000671 0.17648853674416437
3 0.2509816720488516 0.2164353620350599 0.2022044487500276 0.13591421313241134 0.1717817181185387 0.15434336305880164 0.22055894141736265 0.2348645119614502
3 0.2337928737067534 0.2624056822752149 0.18916256271340065 0.15051202606199435 0.13865608177263938 0.17065722488605142 0.18328639276599215 0.28255088109927196
3 0.174032370640802 0.16666631449177416 0.08380371739196842 0.08029358540901625 0.04139402920023713 0.12459656264360675 0.1316226824490707 0.21096929172636464
2 0.8183615150032507 0.5347420705793787 0.7597030656154858 0.478590405348653 0.7287141131855677 0.5109628005433648 0.7873725625733325 0.5671144657740905
2 0.911512098626026 0.6156204991959284 0.8456495068660355 0.5433774669489163 0.8099483753788176 0.575925506190578 0.8758109671388081 0.6481685384375901
2 0.8893578272724276 0.5048968979883474 0.8231855520431275 0.4490640380793539 0.7900557376411723 0.4883290014087477 0.8562280128704725 0.5441618613177411
2 1.0244387645726027 0.6958738229641904 0.9343436721358884 0.6386705811848455 0.906002255687297 0.683308305469298 0.9960973481240114 0.7405115472486427
3 0.07838641804301377 0.10542226495546175 0.031434568766256735 0.0592040359429079 0.0065755452455763955 0.08445764583768149 0.05352739452233343 0.13067587485023535
1 0.11178265264292818 0.05028304159933754 0.02341902687007432 -0.02683430237257001 -0.019065489939747972 0.02184587450036796 0.06929813583310587 0.09896321847227552
3 0.4750499445262656 0.19246152503038902 0.44183075501833025 0.10437134317285637 0.39986447941155123 0.12019700765585718 0.4330836689194866 0.20828718951338981
2 0.2752812791097741 0.6513517916289012 0.23650778419083943 0.6295417091254933 0.18836548792917146 0.7151280465084887 0.22713898284810619 0.7369381290118966