2 0.8902522977062025 0.44567373309361985 0.819929957853607 0.3995247156319417 0.792798988642583 0.44086716109076984 0.8631213284951785 0.48701617855244794
0 0.18912801008186042 0.31546203225125863 0.18233371083117084 0.2757746806620723 0.17146563549262586 0.27763524714414595 0.17825993474331542 0.31732259873333224
2 0.6740741339585357 0.7167352940044255 0.5986347307096789 0.6720304549271001 0.5698022412264607 0.7206852727429223 0.6452416444753175 0.7653901118202475
2 0.4632246880268797 0.3333835568784433 0.4297187443189303 0.3168348889383099 0.396875559462984 0.38333219899094295 0.4303815031709334 0.39988086693107633
2 0.29597276077295054 0.029223440612671816 0.2664790643371506 0.00019058176294567837 0.24408374802265936 0.022941378175457886 0.2735774444584593 0.05197423702518403
2 1 0.5444444447115386 0.9750000000000001 0.5444444447115386 0.9750000000000001 0.5941595432692309 1 0.5941595432692309
2 0.29663087223344053 0.20522785074380473 0.25629865842724464 0.16201476844055046 0.23166938840729354 0.18500208920985348 0.2720016022134894 0.22821517151310777
2 0.243847898911375 0.16372380610831108 0.2055876788956605 0.12485625738813658 0.1893198567831259 0.14086988504660042 0.22758007679884046 0.17973743376677492
3 0.2506367469840429 0.22057643506642555 0.2035160115532314 0.13680624277239622 0.17305112478869591 0.1539427424013176 0.22017186021950744 0.23771293469534693
3 0.23373181902465134 0.2652977395701037 0.18935052754513032 0.15258334905289864 0.13857663011102836 0.1725755712636927 0.1829579215905494 0.2852899617808978
3 0.17455320206610175 0.16944408996490312 0.08432454896233708 0.0830713662459074 0.04191486308663862 0.12737434374106377 0.1321435161904033 0.21374706746005948
2 0.8188240377371786 0.5416663080526851 0.7586445824885667 0.4840586375438844 0.7276556288578706 0.5164310339929801 0.7878350841064825 0.574038704501781
2 0.9104704328663421 0.6221019800810995 0.844607841000651 0.5498589477181471 0.8089067082006896 0.5824069881566121 0.8747693000663808 0.6546500205195643
2 0.884149493137812 0.5067487489498871 0.8179772190932952 0.45091589004055227 0.7848474046913392 0.4901808533699455 0.8510196787358559 0.5460137122792803
2 1.0223873754483594 0.6959585526056448 0.9308051251812842 0.6482001054764317 0.9048341506240044 0.6980024008724596 0.9964164008910795 0.7457608480016726
3 0.07942808392678759 0.10634819032624236 0.0324762357711349 0.06012996265534957 0.007617212306603436 0.08538357262316645 0.05456906046225613 0.13160180029405927
1 0.16114516397058873 0.08929685988170678 0.024871928934826943 -0.017584106053405935 -0.014060599913384712 0.03205486949149943 0.1222126351223771 0.13893583542661214
2 0.475 0.20277777884615394 0.453125 0.20277777884615394 0.453125 0.2601851850961539 0.475 0.2601851850961539