3 0.9999999999999999 0.5175925937500001 0.9933216325087286 0.5174986790601869 0.9928007983741133 0.5545357151178791 0.9994791658653845 0.5546296298076924
2 0.23305126201371673 0.7430626103101213 0.19551847070330786 0.7234064288821292 0.1496170393136239 0.8110536075322318 0.1871498306240328 0.830709788960224
1 0.2435005959938095 0.24457585118376476 0.11880974282593239 0.1202392323073468 0.07344095246874299 0.16573727807980942 0.1981318056366201 0.29007389695622743
2 0.7147511804739205 0.1686126477789369 0.7055764466986921 0.13420739314445265 0.6638557509890861 0.14533291103756235 0.6730304847643146 0.1797381656720466
2 0.8322067740752066 0.5536366173452315 0.7642461518941699 0.4999393614379437 0.7359204871383175 0.5357890481299955 0.8038811093193542 0.5894863040372832
0 0.11581119991542785 0.24517364161071833 0.1122226684701709 0.21327555855570995 0.09915884126850963 0.2147452379288472 0.10274737271376658 0.2466433209838556
2 0.2856224501406266 0.7553937881153937 0.2479963874119394 0.7369502979987411 0.18822566083131914 0.8588869321952733 0.22585172356000632 0.8773304223119259
3 0.0437500000000001 0.7842592596153846 9.722996329570845e-17 0.7842592596153846 1.0544639951567037e-16 0.9184438461538461 0.04375000000000011 0.9184438461538461
2 0.2735007582651308 0.24474383607725114 0.22969525036837962 0.20840149277879613 0.20609574157046423 0.23684733240219982 0.24990124946721542 0.27318967570065483
0 0.6486351417327257 0.10929238064877801 0.6469635691704916 0.08551894449723367 0.6284353785242645 0.08682171010985487 0.6301069510864986 0.11059514626139921
2 0.2644604072520523 0.19566048707633812 0.2265618558475843 0.1582298175829016 0.20439278542061542 0.18067600052689292 0.24229133682508344 0.21810667002032944
0 0.49734492626681576 0.7109690888667608 0.49612668900953116 0.6801324434664332 0.46592890589344127 0.68132544173203 0.4671471431507258 0.7121620871323576