3 0.9591743489090582 0.4767935259145509 0.8932492070629112 0.3242726416748945 0.8052308425186574 0.3623174195856239 0.8711559843648042 0.5148383038252803
1 0.1462586623490139 0.09226645442789513 0.02887109456530196 -0.0051217753728800275 -0.010653539143191663 0.04251951175261255 0.1067340286405203 0.1399077415533877
2 0.460375768903942 0.3396638255832831 0.43246588646897793 0.32548380653486786 0.4058101262195756 0.37794911932713454 0.43372000865453963 0.3921291383755498
1 0.24188614173454395 0.23835154007753592 0.11504069680784539 0.11277454897441475 0.06943999059626169 0.1588358681505535 0.19628543552296027 0.28441285925367465
2 1.031999491913295 0.7112014504372965 0.9567468408842605 0.6509993191944713 0.92422651483635 0.6916497197187135 0.9994791658653845 0.7518518509615386
2 0.5922562652647104 0.21790208968512764 0.5663456952064582 0.19749752551808858 0.5322737400838522 0.24076352095904965 0.5581843101421045 0.2611680851260887
2 0.8304296685896495 0.5445850145023305 0.7603733288421056 0.4929445681737734 0.7328253660336326 0.5303166201034611 0.8028817057811766 0.5819570664320183
0 0.18075585041212783 0.30944901109139705 0.1758432846248596 0.27451520237969357 0.16294726715969785 0.2763287044433876 0.1678598329469661 0.3112625131550911
2 0.290950427539511 0.6407387592775623 0.253386799403481 0.6192105480646979 0.2010000491151941 0.7106178827302172 0.23856367725122404 0.7321460939430816
2 0.7220655886386407 0.23234438075333821 0.6993991630903216 0.20542799694118835 0.6590531014978005 0.2394036233714362 0.6817195270461196 0.26632000718358606
3 0.09133184615384615 8.785633505871848e-18 0.052148437500000006 6.3863417064910806e-18 0.052148437500000006 0.014814814903846162 0.09133184615384615 0.014814814903846165
2 0.2735007582651308 0.23826235530802037 0.22975720493233995 0.20197141134586932 0.20615769613442458 0.23041725096927307 0.24990124946721542 0.26670819493142406
2 0.3000222351308984 0.21606820788439732 0.25793334673662177 0.18043740152411797 0.23675517537293353 0.20545411548529338 0.2788440637672101 0.24108492184557273
2 0.9329990379984954 0.6254633984097817 0.8640444384966817 0.5682566205460917 0.8314358603028045 0.6075616038653769 0.9003904598046181 0.6647683817290668