2 0.372581067584396 0.08725244445295514 0.3349991117726374 0.056073332234685205 0.3112782618798931 0.08466542062532582 0.3488602176916516 0.11584453284359576
2 0.07384969731782326 0.12474025003911601 0.0489346752257834 0.0844735489352764 0.023135027686247086 0.1004370813527134 0.04805004977828694 0.14070378245655302
3 0.9223732442919265 0.4741036102581476 0.8344502483522016 0.4106520315262813 0.7941881800339412 0.46644200145327896 0.8821111759736661 0.5298935801851452
2 0.3200713587769872 0.8384445090083872 0.2823947981888264 0.8212074828783926 0.23763472987445486 0.9190436996978408 0.2753112904626157 0.9362807258278354
0 0.38765926760975566 0.542957368272819 0.3752488904621102 0.5025087319970277 0.3612278824531679 0.5068106322191935 0.3736382596008134 0.547259268494985
3 0.5566506820380638 0.15515120557483952 0.5031887238487717 0.12142610130206791 0.4739812790068732 0.16772654213463548 0.5274432371961654 0.20145164640740706
2 0.8514128252286592 0.13082852062519257 0.8334745911468182 0.10632361109175491 0.7986989660712482 0.13178027732007563 0.816637200153089 0.15628518685351328
2 0.6095141572678248 0.2600147172889508 0.5673105156547713 0.22912055725168295 0.5452965937372859 0.259193155761646 0.5875002353503394 0.29008731579891384
2 0.7607810078150927 0.6349676491156907 0.6943459030824148 0.5702541805838774 0.6636803716517873 0.6017355373786447 0.7301154763844652 0.6664490059104581
2 0.5410109926389157 0.4324026992101346 0.49226079748089274 0.3828786937264834 0.46541227591043166 0.4093077083726523 0.5141624710684547 0.4588317138563035
3 1.0233766822002315 0.9644848575695353 0.9001028443350891 0.837862839050623 0.8451842927975388 0.8913292163617481 0.9684581306626812 1.0179512348806603
3 0.6831690043723503 0.7045612994939545 0.5776043376363926 0.5561109890376236 0.5143014777799654 0.6011263566958984 0.619866144515923 0.7495766671522295
3 0.3356893672487339 0.32669541454880185 0.24087748754195976 0.23475662114147655 0.19552858935120085 0.2815226719101437 0.290340469057975 0.37346146531746904
2 0.8255948697679307 0.5601848308578654 0.7654154190169735 0.5025771544282974 0.7344264628985642 0.5349495477295867 0.7946059136495214 0.5925572241591547
2 0.9182829328663421 0.6424723502734072 0.852420341000651 0.5702293179104547 0.8167192082006894 0.6027773583489197 0.8825818000663805 0.6750203907118723
2 0.3591246547797803 0.12923572584641288 0.32646178623720484 0.09294365178176921 0.2990101294258476 0.11765014433736515 0.33167299796842303 0.15394221840200883
2 1.0266367726435977 0.7231260073526685 0.9445771522487267 0.6623411010185859 0.9143881956068548 0.7030961909176088 0.9964478160017258 0.7638810972516914
3 0.1529288760709927 0.18167166394357712 0.10703309868064427 0.13434164123429831 0.0819509353884522 0.15866373780284987 0.12784671277880064 0.20599376051212867
1 0.39332775914113716 0.30775255331839235 0.24528319759440598 0.15537918007842616 0.1913095110318994 0.20781951523871095 0.3393540725786306 0.36019288847867703