3 0.5416012380150594 0.675609373592554 0.5142243949993566 0.6146810194406949 0.4372101424048151 0.6492857142925762 0.4645869854205179 0.7102140684444354
2 0.7451567928980452 0.7161748250531189 0.680639087990021 0.673917607213932 0.6522716499898232 0.7172285985067901 0.7167893548978473 0.759485816345977
2 0.2393012620137166 0.7588033506947368 0.20217720243308726 0.7393612248899856 0.15627577104340334 0.8270084035400879 0.1933998306240327 0.8464505293448391
1 0.25109131316698735 0.2617907238842298 0.12339856484494297 0.1392777547209333 0.08035787230420785 0.1841381834391781 0.2080506206262522 0.30665115260247455
3 0.4772303673102928 0.4054611951747627 0.4731155844504504 0.3460540416716512 0.40433406207125056 0.3508181317293405 0.4084488449310929 0.410225285232452
2 0.7163357852092761 0.18583741925904979 0.7086887260463801 0.1514256530260181 0.6684313717477376 0.1603717317590498 0.6760784309106336 0.1947834979920815
2 0.9893797647801297 0.71058751537658 0.9101004924546309 0.6362631825636279 0.8775890087755285 0.670942091485531 0.9568682811010274 0.745266424298483
2 0.1928644270705851 0.6265743474150938 0.15765176742366716 0.6067672279019773 0.10128122172475924 0.7069815391496186 0.13649388137167717 0.7267886586627351
2 0.3285279112117504 0.4691674128900469 0.30194390633131357 0.44299878173789503 0.24108176902984704 0.5048269815259822 0.26766577391028384 0.530995612678134
2 0.2820966683012298 0.789681358056247 0.24447060652258512 0.7712378684052849 0.1856214949659346 0.8912943408491194 0.22324755674457927 0.9097378305000816
3 0.6172307646118476 0.3891693209965439 0.5523706364344974 0.3626799009792064 0.5306429769646871 0.4158807176555753 0.5955031051420373 0.4423701376729129
2 0.19661862768011498 0.19257238668430104 0.16082357089218163 0.15573069411417692 0.1505208341346154 0.1657407403846154 0.18631589092254874 0.20258243295473952
0 0.9956578815771557 0.1400376058037011 0.976562497032574 0.12499999766315305 0.9585267198251739 0.14790258284271016 0.9776221043697556 0.1629401909832582
2 0.021354165865384616 1.3075655437752469e-18 0 0 1.2473254326728135e-18 0.020370370192307693 0.021354165865384616 0.020370370192307693