3 0.9555996315323099 0.4867299935136663 0.8905196454575979 0.3324663218909873 0.802312391303794 0.36967875701349107 0.8673923773785059 0.52394242863617
1 0.22600596153378302 0.1689962209241864 0.09967695335278609 0.0657199531398537 0.06154771900241472 0.1123601780581475 0.1878767271834116 0.2156364458424802
1 0.24136530748871768 0.24853672430068158 0.1145198622919486 0.1229597362232934 0.06891915638984386 0.16902105629472888 0.19576460158661296 0.294598044372117
2 1.0289840890349962 0.7231699515109997 0.9493451551711399 0.6557507473862021 0.9162515438267514 0.6948425752916955 0.9958904776906077 0.7622617794164932
2 0.5318285703778712 0.5339911189077747 0.5153965000227589 0.4521958929038706 0.4886128494665041 0.45757653492674505 0.5050449198216163 0.5393717609306492
2 0.8288671685896496 0.5529183462330999 0.7588108288421055 0.5012778999045426 0.7312628660336326 0.5386499518342304 0.8013192057811765 0.5902903981627877
0 0.1812766853734661 0.3196341950537064 0.17636411517145437 0.2847003871948664 0.1634680961643295 0.28651389114940157 0.1683806663663413 0.32144769900824155
2 0.44812067469557487 0.22653177185307233 0.44292851326217336 0.17576399114076832 0.417906150462751 0.17832309743371402 0.4230983118961525 0.22909087814601803
3 0.33982625243024595 0.1498431931415988 0.257356879256297 0.08217601840594733 0.2142221947889769 0.13474641762791678 0.29669156796292573 0.20241359236356823
2 0.27297992511052266 0.2484475392229154 0.22923637320157073 0.21215659644202317 0.20563686342364812 0.24060243724668576 0.24938041533260005 0.2768933800275779
2 0.6697165908162183 0.6898023108004511 0.6061486490136683 0.6435710694873785 0.5767192187220471 0.684036526587943 0.640287160524597 0.7302677679010154
2 0.3005430692655138 0.22625339298055122 0.25845418087123717 0.19062258662027182 0.2372760095075489 0.21563930058144726 0.27936489790182556 0.2512701069417267
3 0.10274480732896328 0.16599076640662813 0.06353703001325038 0.09628805312448935 0.02872001726357622 0.1158726233428967 0.06792779457928913 0.18557533662503548
2 0.9303948699718447 0.6337967327456485 0.8614402716512899 0.5765899558619659 0.8288316944374198 0.6158949379999925 0.8977862927579745 0.673101714883675
2 0.09701613749181784 0.09885054944289792 0.06690488198022349 0.06981469272310703 0.04835935920430863 0.08904708459949479 0.07847061471590298 0.11808294131928566
3 1 0.45370370432692325 0.9614583341346153 0.45370370432692325 0.9614583341346153 0.5578431370192309 1 0.5578431370192309
2 0.1429207827944431 0.05120061092629835 0.11813319603209257 0.0191520092253073 0.09764309206065877 0.03499982170399628 0.12243067882300931 0.06704842340498732
2 0.03385416586538462 2.0729697932423425e-18 0 0 1.587505082747842e-18 0.025925925480769232 0.03385416586538462 0.025925925480769232