0 0.4688903314535479 0.04038578843582322 0.4656566031686716 0.005892582255856282 0.44732810845645865 0.007610873430670633 0.450561836741335 0.042104079610637564
2 0.7855681265042533 0.38491592540139585 0.7238470576080941 0.35019782247816605 0.7005687431961688 0.3915814905542107 0.762289812092328 0.4262995934774405
2 0.008854165865384624 0.05462962980769231 6.6902001282595226e-18 0.05462962980769231 8.334401794821015e-18 0.08148148076923077 0.008854165865384626 0.08148148076923077
3 0.9994791658653847 0.5907407403846154 0.9927083341346153 0.5907407403846154 0.9927083341346153 0.6314814807692308 0.9994791658653847 0.6314814807692308
0 0.24020325112770552 0.3670133257705608 0.23350186323879066 0.33574017584531457 0.2188711050629014 0.3388753376655952 0.22557249295181633 0.37014848759084146
3 0.8749837802064575 0.3875088435430088 0.8033037688461058 0.3376444918790971 0.7670688097536787 0.38973224982074517 0.8387488211140306 0.43959660148465685
2 0.9683680789801143 0.5395061956874444 0.9070248720717469 0.4899359186392079 0.8790842055452188 0.5245124873000336 0.9404274124535862 0.5740827643482702
2 0.3410775400667647 0.25156399819427766 0.2963746921628297 0.21466641447753504 0.2745716567423141 0.2410816340683279 0.31927450464624924 0.2779792177850705
2 0.26611043730952083 0.1957743037366121 0.2293724048103042 0.15702715403085235 0.20591932707956612 0.1792641427750962 0.24265735957878276 0.2180112924808559
3 0.3702266767148906 0.3179089215914098 0.3019976015801765 0.24935025214780152 0.2644577840471535 0.28670959782633526 0.3326868591818676 0.35526826726994354
3 0.30012168729439775 0.34449236469741007 0.2558073120541249 0.22329065522124475 0.20171088712731636 0.2430696606802005 0.24602526236758923 0.3642713701563658
3 0.19539467124107462 0.2015144797371322 0.10509379291232351 0.11337767625857373 0.06298563131195888 0.15651974435328228 0.15328650964071 0.2446565478318408
2 0.8214282024017857 0.5648144559416846 0.7612487471531734 0.5072067854328839 0.7302597947232552 0.5395791806275958 0.7904392499718675 0.5971868511363965
2 0.9141162670009574 0.6471019800810995 0.8482536751352664 0.574858947718147 0.8125525423353049 0.6074069881566119 0.8784151342009958 0.6796500205195642
2 0.7926000951699848 0.45502581786067176 0.7279002775105595 0.4005417468221308 0.6968539890124981 0.4374092048981908 0.7615538066719233 0.49189327593673177
2 1.0249391059806146 0.7286585976441621 0.9404104859809259 0.6660448026435778 0.9102215273376236 0.7067998952445328 0.9947501473373122 0.769413690245117
3 0.09055680430153641 0.12995717581697938 0.044228275204178574 0.08289327550457333 0.019760410693626825 0.1069788307901071 0.06608893979098467 0.15404273110251315
1 0.22107661655400446 0.1583541170525476 0.08824805800333498 0.037969190301269364 0.046438867381230445 0.08410000313947502 0.17926742593189993 0.2044849298907532