3 0.8981481490384616 0.8815393509615388 0.7986111117788461 0.7820023137019233 0.7524016201923077 0.8282118052884617 0.8519386574519232 0.9277488425480771
2 0.2351345964376434 0.7458403898261756 0.1976018060548381 0.7261842080041401 0.15170037413169812 0.8138313837496588 0.18923316451450342 0.8334875655716942
1 0.24625551480112448 0.251126244218958 0.12239676385606257 0.12571924743163587 0.07722048328195455 0.1703377920710714 0.20107923422701648 0.29574478885839356
3 0.19054199653640294 0.6176740116704159 0.14618477578677955 0.5882180454786103 0.06741731785627782 0.7068325732302726 0.11177453860590122 0.7362885394220782
2 0.7163136810723884 0.1732422774270378 0.7071389472971599 0.13883702279255355 0.665418251587554 0.14996254068566317 0.6745929853627823 0.18436779532014744
2 0.8380386999155612 0.564505824446278 0.7692981577913918 0.5064582618867044 0.7402467999851237 0.5408611893652973 0.8089873421092931 0.5989087519248708
0 0.054849763408273924 0.1887523830812309 0.043617472951018185 0.15547152118710675 0.030244862742998577 0.15998477695872662 0.041477153200254316 0.19326563885285075
2 0.27833078427524194 0.7785419371538551 0.2407047215465548 0.7600984470372025 0.18093399496593457 0.8820350812337348 0.21856005769462167 0.9004785713503873
3 0.3373064422003672 0.4555895110764246 0.30165082584776365 0.41493488136726064 0.22746348325766969 0.47999992917448014 0.26311909961027324 0.5206545588836441
2 0.255566534915114 0.2502393995113358 0.23024574040274523 0.19860872837784033 0.20449439405309416 0.2112377439420664 0.22981518856546296 0.2628684150755619
0 0.7731143067669728 0.10095905098296196 0.7714427424976147 0.07718561533607075 0.7529145504789809 0.07848837460966375 0.754586114748339 0.10226181025655495
2 0.1869350594715345 0.1331135911121487 0.15182036730047482 0.09854756458183732 0.13112749314338898 0.11956889619261299 0.16624218531444868 0.1541349227229244
0 0.381356876456465 0.758673897923624 0.3689005079237493 0.752705220536546 0.3509817928112894 0.7901007948989273 0.3634381613440052 0.7960694722860053