2 0.921149674484666 0.6263206793079734 0.8517557396163588 0.5696932084461712 0.8208618030885686 0.6075520742335397 0.8902557379568758 0.664179545095342
3 0.3307647463255829 0.1550692625077193 0.24311460851967207 0.08581483596592232 0.20057605899909187 0.13965269029126504 0.2882261968050027 0.20890711683306204
2 0.8196336207472787 0.5521743329673348 0.7536817542409827 0.4935504459914938 0.7240265799234733 0.526912513890801 0.7899784464297693 0.5855364008666419
2 0.20892641774463483 0.11624265387838956 0.1812530081694919 0.08162241904583133 0.15780380730766122 0.10036635139631225 0.18547721688280414 0.1349865862288705
2 1.0247151288182812 0.7166070727690663 0.9419848933023276 0.6455203542382709 0.9101832358554168 0.6825309050803506 0.9929134713713703 0.7536176236111459
3 0.8315820533084536 0.14447942574074604 0.7971234118138582 0.10322845602901325 0.7137327832574198 0.1728880978147912 0.7481914247520152 0.21413906752652398
2 0.30924502217512984 0.8261279089657627 0.27132098165865326 0.8106135286188615 0.22757835547882269 0.917539947234887 0.26550239599529923 0.9330543275817882
2 0.21601781346735854 0.7621618483533121 0.1757308314565723 0.7412171966472351 0.12305329679047614 0.8425422948750476 0.16334027880126237 0.8634869465811247
2 0.9543898798076923 0.9629629639423077 0.8956716947115384 0.9629629639423077 0.8956716947115384 1 0.9543898798076923 1
2 0.03854166586538472 0.8768518509615385 1.0841525967482894e-16 0.8768518509615385 1.1481621103493174e-16 0.9813873197115384 0.038541665865384725 0.9813873197115384
2 0.646765550501964 0.1418363747965224 0.6439881376239937 0.11163199682961311 0.6005502193885739 0.11562628645317202 0.6033276322665441 0.14583066442008133
3 0.24635416586538475 0.9472222211538461 0.18197115384615398 0.9472222211538461 0.18197115384615398 1 0.24635416586538475 1
2 0.4553412359108074 0.4237292471417874 0.39993893664141 0.3744827578876289 0.3737320399979583 0.4039655160040376 0.42913433926735567 0.45321200525819605
3 0.6964443378350089 0.23467874639470138 0.5892095235489925 0.1690486943921634 0.5450769325433471 0.2411581938676187 0.6523117468293635 0.3067882458701567
2 0.442556172317001 0.17496718763293778 0.4011724945719761 0.14667064805573377 0.38119472609400074 0.1758881264156421 0.4225784038390256 0.20418466599284615
2 0.818555302778115 0.09169260484710161 0.7825158048224862 0.08432088645646418 0.7764605020443712 0.11392457728243963 0.8125 0.12129629567307705
2 0.6836299428285799 0.3730990624870051 0.6443771458605976 0.33503575669206787 0.6165283847409608 0.3637548010107128 0.655781181708943 0.4018181068056501
2 0.9077079576056366 0.4366413854133443 0.8434706884142392 0.39343073640629744 0.8214621840379557 0.4261487411714841 0.8856994532293532 0.469359390178531
2 0.9837332242677975 0.5497288124802189 0.923158378394106 0.5066533659043138 0.898494553893536 0.5413368686079976 0.9590693997672276 0.5844123151839027