2 0.11324837398802969 0.7221551573075734 0.07282780595787612 0.7004216725923408 0.007994385815488263 0.8210007561507263 0.04841495384564183 0.8427342408659589
2 0.34850696548978005 0.43471728494368433 0.32076184835840177 0.39758427466908314 0.2611790012625754 0.4421035059263843 0.28892411839395366 0.4792365162009854
2 0.5015625 0.3703703701923077 0.44062500000000004 0.3703703701923077 0.44062500000000004 0.41759259374999996 0.5015625 0.41759259374999996
2 0.6826649200220085 0.4352237604331838 0.6152461354670732 0.39241818011564084 0.5865455904406425 0.43762153555182803 0.6539643749955778 0.480427115869371
2 0.8166793564257401 0.4703778888065111 0.7648630484661739 0.4396719319084567 0.7423926608064235 0.47759071525118457 0.7942089687659897 0.5082966721492389
2 0.9019868547962466 0.5373330614240617 0.8451530128884811 0.5002170859850756 0.8227210052476231 0.5345661004149961 0.8795548471553888 0.5716820758539821
2 0.855341284032908 0.4046374887097536 0.8083009127299525 0.36909587700750335 0.7841962039503598 0.4009991699881609 0.8312365752533152 0.436540781690411
3 0.7551986678987319 0.203835171297124 0.711821667038934 0.15155040712079515 0.6272646747302221 0.22170141164110385 0.6706416755900199 0.27398617581743273
2 0.5766752549459296 0.30850987384463185 0.5727229727639381 0.2698653967448922 0.5287698313455789 0.27436061134494955 0.5327221135275704 0.3130050884446893
2 0.7022785547101908 0.14814238557137088 0.6935302844393042 0.11533636921656393 0.6561102478219658 0.12531504478431482 0.6648585180928526 0.15812106113912178
2 0.6462683826684562 0.15175517522275617 0.6392340695683474 0.12010076284811069 0.5947303924537737 0.1299904678037715 0.6017647055538826 0.16164488017841697
2 0.6682060194070504 0.668449081665331 0.6017708361538461 0.6352314804567316 0.5774652755769242 0.6838425875881414 0.6439004588301283 0.7170601887967406
3 0.5239615250974071 0.6627766598912973 0.49923554083468097 0.5932347850200446 0.41501626688817084 0.6231793967532618 0.43974225115089705 0.6927212716245145
2 0.22600666691459567 0.749516792052693 0.18435387970456857 0.7264649982161214 0.12988245907455198 0.8248905918430428 0.17153524628457908 0.8479423856796143
2 0.3486225730605771 0.7525023306440126 0.30922385023334364 0.7366724897821062 0.2693977493451281 0.8357952493772566 0.3087964721723615 0.851625090239163
2 0.13538019180549676 0.909433666794884 0.09274716192110681 0.8874964287124887 0.03973341942122953 0.9905238225800139 0.08236644930561948 1.0124610606624094
3 1.0526147663788286 0.630352503970985 0.917182304636973 0.568931883074434 0.859846455861198 0.6953574227777943 0.9952789176030534 0.7567780436743453